0 0.636364 0.523810 0.565217 0.562500 0.400000 0.366667 0.454545 0.428571 0.575000 0.687500
1000 0.555556 0.700000 0.545455 0.000000 0.714286 0.000000 0.333333 0.666667 0.428571 0.333333
2000 0.333333 0.416667 1.000000 0.363636 0.500000 0.285714 0.800000 1.000000 0.500000 0.705882
3000 0.333333 0.333333 0.363636 0.250000 0.500000 0.333333 1.000000 0.000000 0.000000 0.200000
4000 0.000000 0.285714 0.235294 0.625000 0.444444 0.666667 0.428571 0.727273 0.285714 0.800000
5000 0.333333 0.800000 0.428571 0.500000 0.307692 0.000000 0.000000 0.500000 0.000000 0.500000
6000 0.000000 0.600000 0.333333 0.560000 0.470588 0.500000 1.000000 0.000000 1.000000 0.800000
7000 0.000000 0.500000 1.000000 0.250000 0.444444 0.500000 0.357143 0.666667 0.250000 0.750000
8000 0.333333 0.384615 0.000000 0.333333 0.681818 0.400000 0.351351 0.400000 0.333333 0.500000
9000 0.071429 0.500000 0.500000 0.000000 0.000000 0.450000 0.433333 0.500000 0.333333 0.733333
10000 0.181818 0.571429 0.379310 0.000000 0.466667 0.294118 0.285714 0.000000 0.653846 0.833333
11000 0.000000 0.387097 0.812500 0.333333 0.600000 0.304348 0.200000 0.500000 0.814815 0.428571
12000 0.500000 0.500000 0.692308 0.000000 0.736842 0.117647 0.571429 0.666667 0.214286 0.272727
13000 0.500000 0.611111 0.454545 0.636364 0.500000 0.263158 0.500000 0.666667 0.500000 0.400000
14000 0.000000 0.428571 0.000000 0.764706 0.407407 0.545455 0.625000 0.300000 0.500000 0.480769
15000 0.000000 0.235294 1.000000 0.166667 0.456522 0.420000 1.000000 0.545455 0.642857 0.370370
16000 1.000000 0.733333 0.000000 0.083333 0.408163 0.232143 0.000000 0.833333 0.500000 0.142857
17000 0.000000 0.608696 0.000000 0.272727 0.425926 0.365854 0.000000 0.909091 0.733333 0.333333
18000 0.428571 0.400000 0.857143 0.222222 0.434783 0.333333 0.000000 0.571429 0.727273 0.125000
19000 0.000000 0.461538 0.833333 0.238095 0.473684 0.451613 0.800000 0.608696 1.000000 0.538462
20000 1.000000 0.631579 0.400000 0.277778 0.857143 0.428571 0.400000 0.550000 0.700000 0.571429
21000 0.222222 0.633333 1.000000 0.388889 0.666667 0.363636 0.333333 0.692308 0.625000 0.655172
22000 0.000000 0.500000 0.000000 0.400000 0.500000 0.500000 0.000000 0.581395 0.842105 0.513514
23000 0.200000 0.675676 0.357143 0.408163 0.480000 0.562500 1.000000 0.869565 0.782609 0.500000
24000 0.108108 0.447368 0.400000 0.368421 0.446429 0.473684 0.375000 0.589744 0.701754 0.423077
25000 0.090909 0.354839 0.187500 0.468750 0.439024 0.367347 0.428571 0.521739 0.673469 0.294118
26000 0.235294 0.627907 0.516129 0.388889 0.400000 0.421053 0.222222 0.941176 0.686747 0.142857
27000 0.250000 0.444444 0.454545 0.545455 0.285714 0.562500 0.200000 0.595238 0.577778 0.444444
28000 0.500000 0.575758 0.642857 0.410714 0.727273 0.477273 0.750000 0.809524 0.742268 0.478261
29000 0.000000 0.562500 0.923077 0.267857 0.666667 0.272727 0.500000 0.578947 0.714286 0.437500
30000 0.250000 0.526316 1.000000 0.400000 0.285714 0.416667 0.714286 0.666667 0.608333 0.416667
31000 0.250000 0.240000 0.600000 0.396552 0.555556 0.500000 0.833333 0.695652 0.716867 0.508772
32000 0.200000 0.500000 0.350000 0.442857 0.333333 0.724138 0.750000 0.677419 0.723618 0.375000
33000 1.000000 0.652174 0.842105 0.396552 0.714286 0.563380 0.714286 0.588235 0.715026 0.375000
34000 1.000000 0.615385 0.846154 0.096774 0.555556 0.739130 0.809524 0.657143 0.658824 0.379310
35000 0.136364 0.714286 0.785714 0.518519 0.416667 0.238095 0.820513 0.734375 0.700000 0.432432
36000 0.318182 0.700000 0.400000 0.400000 0.727273 0.636364 0.850575 0.568182 0.676692 0.680000
37000 0.294118 0.500000 0.444444 0.366667 0.636364 0.625000 0.900000 0.611111 0.727794 0.272727
38000 0.111111 0.480000 0.000000 0.377778 0.459459 0.461538 0.740741 0.519231 0.602649 0.400000
39000 0.000000 0.560000 0.500000 0.345679 0.393939 0.750000 0.583333 0.488889 0.693103 0.636364
40000 0.375000 0.625000 0.137931 0.484848 0.612903 0.210526 0.714286 0.750000 0.671733 0.500000
41000 0.076923 0.550000 0.275000 0.526316 0.875000 0.580645 0.564103 0.564103 0.660000 0.333333
42000 0.210526 0.821429 0.411765 0.453125 0.473684 0.420000 0.666667 0.689655 0.688963 0.500000
43000 0.125000 0.391304 0.333333 0.441860 0.400000 0.392157 0.500000 0.775510 0.699690 0.419355
44000 0.171429 0.461538 0.500000 0.439024 0.615385 0.266667 1.000000 0.644444 0.738872 0.478873
45000 0.071429 0.483871 0.181818 0.562500 0.285714 0.352941 0.818182 0.784314 0.682759 0.611111
46000 0.222222 0.500000 0.333333 0.417722 0.416667 0.500000 0.682927 0.677419 0.727642 0.916667
47000 0.187500 0.692308 0.200000 0.376623 0.400000 0.434783 0.513514 0.754717 0.694444 0.592593
48000 0.444444 0.560976 0.322581 0.511450 0.272727 0.483871 0.675325 0.797619 0.742857 0.375000
49000 0.250000 0.595960 0.363636 0.500000 0.250000 0.518519 0.657895 0.807692 0.656522 0.500000
50000 0.066667 0.485294 0.277778 0.460526 0.333333 0.369231 0.760870 0.634615 0.697248 0.400000
51000 0.233333 0.589474 0.378378 0.574468 0.583333 0.269841 0.655172 0.640000 0.729452 0.458333
52000 0.333333 0.768421 0.700000 0.423529 0.500000 0.444444 0.666667 0.707692 0.699422 0.387097
53000 0.096154 0.606742 0.333333 0.453608 0.500000 0.404762 0.521739 0.611940 0.724852 0.511628
54000 0.194444 0.597561 0.400000 0.587302 0.450000 0.571429 0.681818 0.615385 0.730769 0.454545
55000 0.090909 0.486486 1.000000 0.376344 0.586207 0.380952 0.733333 0.614286 0.693820 0.411765
56000 0.107843 0.700000 0.818182 0.423729 0.555556 0.232558 0.762712 0.625000 0.716667 0.346154
57000 0.097561 0.413793 0.636364 0.375000 0.687500 0.434783 0.735849 0.606838 0.696682 0.471545
58000 0.225806 0.574468 0.472222 0.424460 0.470588 0.533333 0.637931 0.628319 0.735849 0.481928
59000 0.280000 0.585366 0.230769 0.397849 0.545455 0.461538 0.726190 0.703297 0.685096 0.378378
60000 0.250000 0.648649 0.266667 0.439024 0.666667 0.647059 0.639344 0.762887 0.703252 0.424242
61000 0.363636 0.508772 0.590909 0.483051 0.375000 0.470588 0.488636 0.542056 0.675991 0.757576
62000 0.186047 0.700000 0.520000 0.443396 0.500000 0.400000 0.523256 0.550725 0.653595 0.602564
63000 0.148936 0.769231 0.178571 0.401786 0.388889 0.366667 0.647059 0.566372 0.647482 0.404762
64000 0.178082 0.636364 0.461538 0.388889 0.529412 0.368421 0.639344 0.576577 0.637827 0.426829
65000 0.114943 0.414634 0.500000 0.355556 0.500000 0.305556 0.561644 0.539130 0.639303 0.390000
66000 0.037975 0.571429 0.545455 0.377451 0.285714 0.259259 0.571429 0.574850 0.637931 0.575342
67000 0.078947 0.780000 0.471698 0.348485 0.416667 0.535714 0.673684 0.589552 0.604396 0.483146
68000 0.067568 0.584615 0.414634 0.410448 0.625000 0.375000 0.616822 0.606742 0.598997 0.432692
69000 0.055556 0.736842 0.666667 0.328358 0.555556 0.468085 0.600000 0.515152 0.629063 0.409091
70000 0.097087 0.653465 0.500000 0.404110 0.666667 0.357143 0.613861 0.516129 0.615955 0.405797
71000 0.080645 0.548387 0.620690 0.401709 0.555556 0.380000 0.517241 0.413793 0.647059 0.492537
72000 0.064516 0.619048 0.378378 0.398649 0.642857 0.411765 0.640625 0.484127 0.616438 0.423729
73000 0.073529 0.500000 0.550000 0.379562 0.611111 0.478261 0.446154 0.515152 0.597765 0.420000
74000 0.154362 0.711111 0.444444 0.429752 0.500000 0.530303 0.590000 0.528169 0.637275 0.537313
75000 0.173333 0.552239 0.426829 0.371134 0.483871 0.531915 0.538462 0.419847 0.613843 0.415584
76000 0.088435 0.554217 0.486486 0.406593 0.428571 0.571429 0.576763 0.535714 0.663244 0.365079
77000 0.071429 0.536585 0.436620 0.541436 0.612903 0.431818 0.534562 0.402878 0.622266 0.479167
78000 0.180000 0.680851 0.514563 0.364000 0.562500 0.311111 0.620000 0.494253 0.651709 0.526316
79000 0.099057 0.700000 0.437500 0.510563 0.760000 0.305556 0.625731 0.559322 0.611408 0.456897
80000 0.075000 0.654206 0.317073 0.417476 0.500000 0.440860 0.631579 0.626263 0.635294 0.473282
81000 0.076271 0.717277 0.328358 0.437276 0.666667 0.431818 0.634409 0.514286 0.648276 0.521739
82000 0.089474 0.711111 0.468354 0.412308 0.666667 0.255814 0.625850 0.400000 0.617605 0.491525
83000 0.104651 0.644628 0.492754 0.356436 0.500000 0.375000 0.628788 0.489510 0.655431 0.391304
84000 0.116279 0.790123 0.549180 0.490566 0.521739 0.402985 0.662500 0.492063 0.624776 0.484848
85000 0.136364 0.686747 0.500000 0.416667 0.466667 0.478261 0.583333 0.425000 0.691983 0.491329
86000 0.147368 0.768116 0.377049 0.373563 0.562500 0.410714 0.587879 0.353982 0.655031 0.495146
87000 0.185185 0.634615 0.448819 0.452020 0.263158 0.446429 0.622754 0.412281 0.609137 0.414966
88000 0.166667 0.692737 0.337662 0.404700 0.500000 0.444444 0.591716 0.419118 0.583333 0.456693
89000 0.100775 0.723810 0.500000 0.455253 0.555556 0.400000 0.609137 0.519481 0.592885 0.398551
90000 0.093458 0.637584 0.447059 0.413105 0.393939 0.549020 0.661355 0.614213 0.561441 0.621951
91000 0.167742 0.693694 0.250000 0.441919 0.250000 0.577778 0.588517 0.558559 0.594090 0.500000
92000 0.157895 0.766871 0.344828 0.408998 0.500000 0.323529 0.652381 0.539326 0.646288 0.458015
93000 0.188811 0.721429 0.453125 0.445513 0.441176 0.500000 0.558659 0.514563 0.587922 0.361290
94000 0.111111 0.707071 0.540230 0.429752 0.400000 0.592593 0.662602 0.509091 0.642361 0.453782
95000 0.095541 0.723214 0.448276 0.428571 0.592593 0.379310 0.656652 0.566667 0.605067 0.485207
96000 0.151724 0.736364 0.539394 0.459391 0.333333 0.363636 0.572917 0.571429 0.562219 0.419847
97000 0.071038 0.717277 0.610390 0.430556 0.750000 0.500000 0.553299 0.571429 0.523077 0.375000
98000 0.125926 0.637584 0.429448 0.447284 0.550000 0.510204 0.489362 0.470270 0.535849 0.524476
99000 0.110656 0.670807 0.398230 0.458955 0.571429 0.379630 0.554688 0.533333 0.607843 0.481481
100000 0.145349 0.682464 0.432432 0.488848 0.470588 0.459016 0.642487 0.635556 0.569091 0.447674
101000 0.111111 0.550725 0.459677 0.443069 0.538462 0.485714 0.597345 0.623256 0.550239 0.537975
102000 0.099502 0.604396 0.571429 0.399113 0.640000 0.490566 0.596939 0.666667 0.510204 0.464286
103000 0.123746 0.687898 0.456140 0.443243 0.709677 0.440252 0.600000 0.580292 0.552106 0.544118
104000 0.114068 0.666667 0.439791 0.456621 0.500000 0.483051 0.592784 0.516807 0.567867 0.443787
105000 0.128788 0.654867 0.454106 0.458065 0.333333 0.500000 0.685567 0.651568 0.560729 0.475177
106000 0.153465 0.643939 0.506787 0.464580 0.439024 0.227848 0.617530 0.615616 0.520875 0.440367
107000 0.111888 0.565217 0.443878 0.393214 0.370370 0.375839 0.604444 0.584098 0.514680 0.431373
108000 0.130802 0.685393 0.519608 0.428846 0.479167 0.353591 0.598394 0.605341 0.558912 0.469027
109000 0.108025 0.658986 0.566667 0.472477 0.645161 0.409449 0.684015 0.575758 0.509615 0.473404
110000 0.161538 0.725581 0.596774 0.426267 0.538462 0.414773 0.642857 0.522807 0.513017 0.429658
111000 0.143293 0.687179 0.490798 0.425676 0.550000 0.455172 0.666667 0.546154 0.530055 0.531073
112000 0.105485 0.664032 0.523404 0.434243 0.461538 0.438776 0.638191 0.526104 0.515755 0.559441
113000 0.146520 0.718147 0.557143 0.458015 0.478261 0.446429 0.680412 0.608696 0.502496 0.556757
114000 0.228782 0.686207 0.681319 0.398425 0.153846 0.482353 0.647059 0.610465 0.517185 0.426829
115000 0.127946 0.659375 0.591078 0.442652 0.434783 0.404412 0.702206 0.631970 0.520548 0.431718
116000 0.178947 0.776744 0.504132 0.444219 0.384615 0.498195 0.694779 0.643750 0.528939 0.527778
117000 0.158358 0.655172 0.554795 0.428279 0.642857 0.403846 0.685393 0.525714 0.519048 0.473684
118000 0.192308 0.644269 0.590698 0.422269 0.818182 0.458824 0.710938 0.555901 0.549342 0.485380
119000 0.216393 0.725275 0.522523 0.430642 1.000000 0.441860 0.676692 0.607038 0.579193 0.419753
120000 0.172308 0.708589 0.476378 0.455319 0.615385 0.400000 0.691919 0.604720 0.571042 0.556818
121000 0.157385 0.708955 0.492000 0.456897 0.600000 0.411215 0.713004 0.613772 0.571429 0.521552
122000 0.203762 0.609113 0.553114 0.433962 1.000000 0.420253 0.688976 0.557803 0.573228 0.441558
123000 0.238095 0.689427 0.502058 0.451923 0.250000 0.423208 0.702326 0.633758 0.561739 0.433908
124000 0.137427 0.712644 0.524510 0.503185 0.125000 0.357934 0.633562 0.574627 0.550473 0.526104
125000 0.192926 0.691643 0.533865 0.543438 0.500000 0.426230 0.582143 0.592982 0.611030 0.450331
126000 0.210884 0.662921 0.466443 0.439516 0.500000 0.459091 0.667575 0.559748 0.538705 0.501348
127000 0.180523 0.650224 0.521236 0.501171 0.352941 0.475248 0.687500 0.572414 0.564315 0.392550
128000 0.203857 0.689427 0.471074 0.467213 0.666667 0.416216 0.683084 0.606145 0.552063 0.454023
129000 0.265372 0.635347 0.539906 0.479279 0.333333 0.428866 0.635171 0.574132 0.523148 0.457219
130000 0.199396 0.530452 0.557823 0.460854 0.363636 0.410673 0.620347 0.604982 0.561594 0.429280
131000 0.228169 0.567237 0.555556 0.430528 0.406250 0.461024 0.694444 0.595745 0.642147 0.442446
132000 0.181102 0.617225 0.419811 0.542683 0.370370 0.417204 0.686131 0.585714 0.516190 0.474453
133000 0.206107 0.607930 0.483221 0.461538 0.357143 0.420319 0.650307 0.621622 0.522634 0.382096
134000 0.161383 0.602778 0.548000 0.490683 0.314286 0.429435 0.682274 0.599265 0.619128 0.438356
135000 0.176136 0.551724 0.457778 0.469880 0.458333 0.414286 0.649306 0.609756 0.521875 0.465608
136000 0.205797 0.560372 0.555985 0.485934 0.333333 0.447837 0.630814 0.537349 0.583184 0.490625
137000 0.175637 0.605178 0.482270 0.513302 0.533333 0.381418 0.650704 0.550802 0.531842 0.474308
138000 0.202417 0.630435 0.469136 0.512698 0.000000 0.400000 0.623441 0.611253 0.584327 0.430464
139000 0.220745 0.568915 0.480687 0.524257 0.400000 0.430000 0.665354 0.613772 0.502447 0.445230
140000 0.151335 0.562660 0.543046 0.503704 0.384615 0.436853 0.595556 0.576220 0.554887 0.435897
141000 0.218750 0.610169 0.602113 0.525963 0.450000 0.469854 0.655022 0.587859 0.587354 0.421788
142000 0.162621 0.614525 0.494163 0.501488 0.250000 0.421512 0.638142 0.580214 0.543634 0.455975
143000 0.217791 0.545012 0.472669 0.514329 0.473684 0.421053 0.660944 0.566372 0.540931 0.484642
144000 0.184915 0.550000 0.495890 0.476821 0.300000 0.451754 0.577586 0.624130 0.506601 0.470588
145000 0.167849 0.544118 0.600660 0.527273 0.185185 0.408719 0.590196 0.608451 0.558219 0.445946
146000 0.174672 0.574394 0.579336 0.507576 0.175000 0.442543 0.663158 0.579710 0.520900 0.517730
147000 0.148936 0.601824 0.606195 0.510604 0.250000 0.414110 0.647597 0.606952 0.485666 0.442675
148000 0.179361 0.618497 0.518939 0.521336 0.313433 0.439189 0.623737 0.610028 0.462081 0.501229
149000 0.169271 0.569921 0.484127 0.490674 0.234043 0.401198 0.612805 0.605991 0.513937 0.492823
150000 0.158416 0.590529 0.485623 0.474483 0.294118 0.426184 0.550588 0.600868 0.542805 0.471698
151000 0.176334 0.609290 0.560484 0.480114 0.218750 0.395349 0.579462 0.593750 0.542056 0.493464
152000 0.151741 0.574118 0.472803 0.463950 0.446429 0.399408 0.577114 0.589165 0.530151 0.493506
153000 0.192708 0.546835 0.547325 0.506173 0.333333 0.405099 0.547206 0.613054 0.497630 0.454054
154000 0.171990 0.553633 0.529605 0.469595 0.361111 0.397727 0.584249 0.672606 0.457600 0.486667
155000 0.114035 0.573446 0.597484 0.490272 0.266667 0.388175 0.606452 0.663697 0.540146 0.501901
156000 0.137072 0.537688 0.475884 0.506718 0.413043 0.380697 0.565916 0.645923 0.511749 0.513208
157000 0.187713 0.575290 0.513514 0.527331 0.600000 0.378641 0.574713 0.625498 0.504890 0.541463
158000 0.152589 0.580994 0.538462 0.477204 0.311111 0.419048 0.595825 0.643154 0.511364 0.570866
159000 0.151869 0.620301 0.419512 0.514901 0.314815 0.413882 0.567376 0.620390 0.500000 0.430303
160000 0.169456 0.587852 0.467128 0.491473 0.153846 0.386243 0.572727 0.620332 0.516556 0.500000
161000 0.136792 0.575179 0.480702 0.543002 0.338710 0.415274 0.583908 0.580931 0.528614 0.484536
162000 0.170778 0.626374 0.570312 0.488145 0.306931 0.399002 0.568922 0.585082 0.577273 0.536913
163000 0.210204 0.592417 0.514151 0.480447 0.388060 0.448980 0.586364 0.546599 0.545455 0.592920
164000 0.225519 0.527523 0.497872 0.515679 0.405941 0.432802 0.603563 0.585831 0.569164 0.532258
165000 0.200627 0.599244 0.491597 0.522634 0.361111 0.418803 0.589583 0.575342 0.526570 0.529032
166000 0.197674 0.617530 0.491667 0.559361 0.364964 0.486430 0.587629 0.579387 0.547697 0.498442
167000 0.278552 0.657143 0.552995 0.534672 0.373016 0.444724 0.573840 0.542328 0.540881 0.450402
168000 0.208437 0.651992 0.506494 0.500000 0.345794 0.428571 0.563725 0.539759 0.528914 0.580042
169000 0.208955 0.627561 0.513736 0.519868 0.400000 0.461894 0.606383 0.549296 0.577401 0.588050
170000 0.220690 0.619748 0.496021 0.491883 0.245283 0.412621 0.598234 0.555556 0.572222 0.571984
171000 0.224839 0.614341 0.486154 0.583748 0.442308 0.448276 0.535211 0.548747 0.572038 0.544186
172000 0.245283 0.680851 0.534146 0.528682 0.317073 0.461676 0.624324 0.561358 0.563059 0.548387
173000 0.219020 0.633776 0.557971 0.535032 0.295455 0.484787 0.627346 0.487850 0.560718 0.591912
174000 0.171355 0.703985 0.592896 0.521222 0.415385 0.471579 0.582418 0.535176 0.575490 0.565217
175000 0.133652 0.597902 0.600567 0.517720 0.531646 0.432773 0.524291 0.498728 0.603087 0.610778
176000 0.134752 0.549234 0.507692 0.600343 0.430000 0.418719 0.552680 0.540342 0.585168 0.613014
177000 0.177184 0.684764 0.520249 0.554992 0.370968 0.425676 0.540230 0.607843 0.634085 0.555195
178000 0.219638 0.654189 0.495238 0.528180 0.360000 0.422764 0.609865 0.539823 0.613551 0.483376
179000 0.170279 0.641921 0.533981 0.556742 0.348837 0.406699 0.577215 0.540892 0.635233 0.358904
180000 0.184659 0.580699 0.547368 0.550891 0.481481 0.412766 0.586134 0.503254 0.621019 0.429224
181000 0.160920 0.597682 0.489270 0.540541 0.359375 0.404288 0.532389 0.568182 0.595642 0.414925
182000 0.252874 0.573090 0.570136 0.548193 0.500000 0.423601 0.578158 0.498960 0.612903 0.455764
183000 0.269444 0.545611 0.613821 0.545665 0.490196 0.426282 0.613309 0.532438 0.594681 0.433198
184000 0.236659 0.602247 0.547826 0.531888 0.406015 0.425347 0.557377 0.525463 0.601407 0.488372
185000 0.184855 0.593561 0.509728 0.517089 0.297297 0.417266 0.520089 0.486618 0.626253 0.450102
186000 0.221709 0.603175 0.516014 0.516181 0.288136 0.428571 0.511719 0.539171 0.595628 0.440454
187000 0.187643 0.591182 0.545802 0.523449 0.379032 0.373853 0.571709 0.470942 0.598758 0.432692
188000 0.195473 0.579350 0.608392 0.503584 0.418605 0.466245 0.515294 0.469345 0.616058 0.423841
189000 0.201814 0.620746 0.556911 0.534815 0.376238 0.437500 0.558313 0.494715 0.645601 0.455189
190000 0.182573 0.582840 0.525994 0.528998 0.500000 0.442966 0.597052 0.458333 0.635734 0.428969
191000 0.240157 0.611360 0.563275 0.506239 0.407407 0.473799 0.575472 0.478365 0.642265 0.414918
192000 0.265060 0.625869 0.619048 0.516522 0.423358 0.477273 0.590336 0.467787 0.634177 0.393574
193000 0.273438 0.573290 0.484058 0.542857 0.296296 0.488136 0.544601 0.472727 0.612291 0.405882
194000 0.247019 0.636499 0.495627 0.557566 0.287356 0.477966 0.536204 0.544153 0.634977 0.400778
195000 0.233766 0.598387 0.629393 0.492562 0.366795 0.435424 0.533898 0.459821 0.648961 0.404706
196000 0.229333 0.588008 0.591837 0.486598 0.361233 0.471429 0.495682 0.471033 0.645963 0.431159
197000 0.251429 0.566243 0.589362 0.475862 0.333333 0.432150 0.559543 0.480978 0.610870 0.413519
198000 0.199513 0.593137 0.611570 0.497453 0.326923 0.466411 0.536972 0.479905 0.620390 0.457143
199000 0.164103 0.620690 0.633147 0.524658 0.346939 0.421429 0.512864 0.490515 0.650463 0.488943
200000 0.190476 0.655367 0.606557 0.474747 0.333333 0.486547 0.538071 0.559420 0.664581 0.512676
201000 0.167728 0.651210 0.589015 0.541126 0.379310 0.478992 0.507018 0.523691 0.617677 0.506394
202000 0.236140 0.621429 0.582463 0.483871 0.443038 0.439359 0.498344 0.532632 0.609756 0.449580
203000 0.208413 0.672761 0.586724 0.490000 0.421260 0.427798 0.510501 0.506608 0.650058 0.476077
204000 0.176600 0.623776 0.553145 0.510067 0.479769 0.450893 0.504146 0.555759 0.634615 0.419355
205000 0.210204 0.631393 0.534527 0.509231 0.376712 0.429929 0.611966 0.547284 0.579477 0.416667
206000 0.203947 0.606164 0.501326 0.518248 0.367412 0.431767 0.583333 0.607422 0.602177 0.454206
207000 0.194503 0.624113 0.576159 0.532156 0.402516 0.388785 0.543344 0.609284 0.624581 0.474537
208000 0.240664 0.677530 0.602740 0.539160 0.394464 0.389180 0.556250 0.500000 0.601537 0.426735
209000 0.195918 0.651128 0.619048 0.505896 0.458472 0.410619 0.535714 0.537281 0.611722 0.441038
210000 0.186813 0.654854 0.534831 0.493188 0.446866 0.430341 0.542113 0.505415 0.607311 0.430353
211000 0.164686 0.662999 0.533149 0.520509 0.442804 0.422559 0.508716 0.579256 0.634118 0.435223
212000 0.167897 0.608537 0.550388 0.520950 0.521886 0.442963 0.543189 0.532530 0.599761 0.437500
213000 0.165323 0.611191 0.585185 0.559748 0.497222 0.395804 0.575000 0.533632 0.632832 0.423002
214000 0.217890 0.652439 0.567780 0.501818 0.469231 0.429795 0.527221 0.550239 0.582512 0.396378
215000 0.198330 0.575589 0.606357 0.513021 0.438119 0.444992 0.547653 0.642857 0.583441 0.438776
216000 0.243299 0.581616 0.593870 0.565585 0.490854 0.455064 0.521257 0.563131 0.617931 0.419700
217000 0.275269 0.624302 0.590618 0.528075 0.467120 0.406926 0.549223 0.585921 0.619433 0.339583
218000 0.233202 0.607438 0.538136 0.542113 0.471939 0.429598 0.521429 0.609113 0.586162 0.417230
219000 0.242485 0.611260 0.607748 0.507343 0.469136 0.426056 0.555008 0.601695 0.577428 0.421975
220000 0.197987 0.590032 0.576674 0.494505 0.482659 0.407207 0.525664 0.552113 0.618873 0.420857
221000 0.250000 0.646226 0.534137 0.539326 0.424802 0.506122 0.543956 0.630225 0.625705 0.431818
222000 0.265203 0.663636 0.643182 0.512332 0.446629 0.364865 0.558712 0.682081 0.610865 0.388215
223000 0.248188 0.632258 0.606522 0.523039 0.442815 0.380800 0.535043 0.638177 0.606242 0.433544
224000 0.212272 0.603486 0.595463 0.505124 0.452830 0.391768 0.508532 0.646651 0.623487 0.380952
225000 0.276949 0.579256 0.592975 0.552593 0.447712 0.424010 0.553398 0.691429 0.596257 0.383077
226000 0.322727 0.656352 0.633484 0.532911 0.442478 0.404651 0.506198 0.624242 0.615880 0.412322
227000 0.310160 0.648352 0.621287 0.527738 0.479381 0.473171 0.514056 0.533693 0.608583 0.379688
228000 0.310030 0.645306 0.632184 0.505168 0.466042 0.411202 0.510436 0.546269 0.577396 0.422809
229000 0.339009 0.622832 0.582915 0.514103 0.456098 0.386544 0.540441 0.678322 0.622386 0.395161
230000 0.303183 0.616715 0.555556 0.559621 0.486842 0.410898 0.547579 0.632727 0.622662 0.400000
231000 0.334630 0.593796 0.590566 0.542582 0.526185 0.430303 0.540311 0.666667 0.647702 0.401929
232000 0.313688 0.567751 0.581320 0.554483 0.492795 0.403571 0.522907 0.706044 0.652975 0.436153
233000 0.335238 0.599150 0.575269 0.548046 0.513208 0.413408 0.534435 0.659341 0.596844 0.398671
234000 0.359589 0.579634 0.558603 0.514429 0.460417 0.444613 0.562500 0.672500 0.587766 0.371287
235000 0.353053 0.558077 0.521739 0.554455 0.473373 0.447934 0.503012 0.631579 0.607463 0.346008
236000 0.390572 0.571101 0.565611 0.551681 0.483559 0.456825 0.535664 0.649842 0.608040 0.396576
237000 0.342000 0.544289 0.600000 0.540351 0.485961 0.439490 0.543702 0.666667 0.603001 0.420863
238000 0.398773 0.537949 0.613248 0.549757 0.456019 0.416025 0.560380 0.677507 0.640212 0.403738
239000 0.372583 0.542017 0.592500 0.594431 0.476289 0.458084 0.549346 0.596330 0.596067 0.359155
240000 0.408935 0.565789 0.632287 0.593085 0.515152 0.461429 0.532468 0.654434 0.615288 0.389210
241000 0.411765 0.595995 0.607076 0.618065 0.481982 0.467033 0.539900 0.642512 0.590361 0.429134
242000 0.404025 0.529070 0.534271 0.567358 0.493421 0.437077 0.502445 0.691358 0.584928 0.422397
243000 0.445988 0.568502 0.540816 0.527815 0.532039 0.426346 0.536432 0.703046 0.592317 0.398564
244000 0.476994 0.539739 0.570513 0.539906 0.587902 0.456338 0.553633 0.730871 0.614341 0.407678
245000 0.434783 0.523171 0.579737 0.550676 0.505800 0.422799 0.531746 0.694767 0.595364 0.379798
246000 0.426061 0.515684 0.618143 0.559956 0.535147 0.456979 0.537835 0.674221 0.605598 0.392290
247000 0.404687 0.531065 0.582178 0.539765 0.526316 0.481873 0.544365 0.676712 0.603087 0.405034
248000 0.424806 0.524570 0.583004 0.558528 0.464455 0.413448 0.543791 0.716749 0.613306 0.426641
249000 0.386401 0.552670 0.572835 0.576238 0.445255 0.414706 0.563325 0.638821 0.651054 0.422680
250000 0.419244 0.547112 0.518581 0.581169 0.456103 0.387870 0.572398 0.667453 0.654034 0.450091
251000 0.396259 0.531507 0.561300 0.552598 0.508929 0.377535 0.493088 0.721992 0.611630 0.373469
252000 0.433447 0.544010 0.570978 0.529988 0.526427 0.410587 0.555683 0.746411 0.625384 0.412574
253000 0.457045 0.582844 0.554672 0.535714 0.505198 0.384828 0.557662 0.708428 0.627433 0.414343
254000 0.448494 0.532345 0.493088 0.613470 0.448864 0.379616 0.541892 0.667598 0.641949 0.411379
255000 0.482428 0.513725 0.496212 0.537594 0.464380 0.420970 0.552593 0.717647 0.646535 0.441558
256000 0.463248 0.577750 0.510288 0.542416 0.461538 0.377254 0.527977 0.750000 0.605846 0.406250
257000 0.483296 0.550125 0.588865 0.551250 0.464380 0.402817 0.513514 0.744186 0.592161 0.462963
258000 0.457770 0.557292 0.553633 0.609819 0.441558 0.398621 0.560839 0.750000 0.595395 0.373928
259000 0.487713 0.569325 0.536705 0.593564 0.497475 0.397260 0.569231 0.674312 0.605759 0.398131
260000 0.483607 0.549708 0.564669 0.608815 0.529138 0.416000 0.528977 0.684327 0.594705 0.462838
261000 0.470037 0.537471 0.562384 0.611253 0.536585 0.440120 0.529487 0.599045 0.578831 0.402421
262000 0.474672 0.557003 0.590674 0.615970 0.514634 0.429739 0.529536 0.708889 0.591503 0.444279
263000 0.440476 0.556591 0.510453 0.629630 0.508000 0.379913 0.527485 0.677419 0.559536 0.429644
264000 0.465461 0.550591 0.544369 0.580952 0.453782 0.390449 0.514250 0.700431 0.544000 0.408805
265000 0.460251 0.543881 0.545133 0.581337 0.516129 0.427995 0.507937 0.702882 0.540734 0.443128
266000 0.430769 0.562344 0.545455 0.575255 0.497696 0.458791 0.491783 0.669276 0.571281 0.415238
267000 0.449141 0.557800 0.554054 0.634021 0.464692 0.416139 0.474623 0.744681 0.541942 0.476106
268000 0.442663 0.592105 0.564214 0.573654 0.463115 0.460235 0.507891 0.700696 0.523191 0.485605
269000 0.471023 0.589286 0.537984 0.607143 0.506726 0.411034 0.514436 0.696429 0.529873 0.413238
270000 0.408031 0.571595 0.615863 0.527009 0.472813 0.456790 0.507812 0.658892 0.557082 0.463744
271000 0.448584 0.580183 0.570983 0.576923 0.460385 0.389896 0.539232 0.736842 0.557040 0.452416
272000 0.421053 0.583021 0.599659 0.507223 0.478541 0.454988 0.469565 0.704819 0.541322 0.426052
273000 0.423529 0.544396 0.546125 0.521472 0.494845 0.416256 0.557078 0.649682 0.525206 0.460028
274000 0.443574 0.554333 0.505824 0.537869 0.494297 0.429306 0.536364 0.717290 0.551282 0.467514
275000 0.394773 0.529412 0.548780 0.529655 0.488764 0.428378 0.483412 0.662447 0.584061 0.481928
276000 0.423990 0.553425 0.546392 0.513605 0.461977 0.430493 0.481348 0.675197 0.562115 0.437681
277000 0.426036 0.578393 0.575800 0.548309 0.460111 0.425000 0.496487 0.710472 0.581353 0.418155
278000 0.447430 0.554930 0.556022 0.523995 0.482014 0.410061 0.531213 0.724900 0.559513 0.395470
279000 0.470245 0.557298 0.547078 0.524510 0.431767 0.457353 0.492688 0.719565 0.535124 0.406349
280000 0.484775 0.594817 0.537367 0.556555 0.449807 0.370315 0.515393 0.748092 0.551038 0.407591
281000 0.430070 0.625628 0.580165 0.530120 0.481250 0.454545 0.524374 0.690949 0.529412 0.361549
282000 0.455534 0.615646 0.547170 0.503571 0.458182 0.415601 0.492063 0.695652 0.580488 0.461818
283000 0.402678 0.596386 0.556802 0.527778 0.467466 0.410959 0.479042 0.645161 0.532663 0.425899
284000 0.426519 0.616993 0.541779 0.589888 0.452342 0.422400 0.486824 0.655941 0.537223 0.425844
285000 0.423497 0.642303 0.517827 0.521902 0.446043 0.396055 0.518844 0.606635 0.547783 0.452482
286000 0.425000 0.593853 0.484973 0.506555 0.467433 0.410448 0.502392 0.661191 0.540594 0.431405
287000 0.448750 0.571266 0.502415 0.528694 0.495327 0.434985 0.507692 0.667368 0.549361 0.390328
288000 0.464286 0.615299 0.493192 0.508349 0.443493 0.451400 0.526074 0.636559 0.526846 0.429060
289000 0.426018 0.588424 0.466284 0.505688 0.523411 0.415038 0.506079 0.634146 0.550656 0.448780
290000 0.418090 0.621901 0.474790 0.515119 0.527344 0.428165 0.473164 0.613483 0.488372 0.434535
291000 0.414958 0.592050 0.466468 0.508889 0.446043 0.416539 0.513228 0.666667 0.531154 0.454545
292000 0.423423 0.588877 0.497462 0.469968 0.463063 0.458564 0.525698 0.651376 0.517274 0.452555
293000 0.436782 0.555172 0.469156 0.536184 0.481081 0.417610 0.498641 0.642710 0.562500 0.425466
294000 0.406532 0.616083 0.455574 0.526627 0.455720 0.415245 0.542714 0.683871 0.553736 0.415913
295000 0.430498 0.605425 0.464738 0.543956 0.441065 0.427594 0.532695 0.657033 0.541145 0.421456
296000 0.420315 0.597730 0.478411 0.509901 0.475862 0.410191 0.504464 0.655936 0.548242 0.457464
297000 0.406314 0.612040 0.533646 0.488000 0.502762 0.405797 0.553707 0.713626 0.528529 0.433333
298000 0.404975 0.615094 0.497751 0.502262 0.473684 0.424505 0.502907 0.643258 0.515833 0.429231
299000 0.385027 0.606299 0.506289 0.513707 0.497227 0.421642 0.522590 0.645333 0.522920 0.384397
300000 0.417062 0.582262 0.486014 0.475669 0.506591 0.397059 0.511236 0.604857 0.546392 0.403394
301000 0.444444 0.559477 0.473077 0.433862 0.483645 0.399530 0.548851 0.616667 0.556062 0.360563
302000 0.445015 0.544974 0.470803 0.447884 0.468303 0.382181 0.494382 0.631325 0.544065 0.391599
303000 0.430341 0.630996 0.481100 0.485981 0.484190 0.407022 0.510278 0.631461 0.563367 0.385218
304000 0.468843 0.576425 0.419173 0.493348 0.501071 0.418689 0.488080 0.639764 0.529079 0.336037
305000 0.424128 0.603325 0.509091 0.515987 0.497268 0.410486 0.482280 0.643443 0.529114 0.352130
306000 0.448498 0.586626 0.504409 0.527930 0.524887 0.413502 0.501225 0.658333 0.528796 0.373134
307000 0.418261 0.594187 0.494920 0.477627 0.461268 0.411043 0.477346 0.649446 0.526786 0.347238
308000 0.424757 0.568063 0.503420 0.519924 0.476744 0.379464 0.517442 0.666667 0.523266 0.356635
309000 0.432937 0.608595 0.491762 0.463124 0.496283 0.394602 0.499220 0.637218 0.529105 0.383489
310000 0.416814 0.571611 0.495077 0.474828 0.472546 0.360553 0.528477 0.653710 0.555835 0.364922
311000 0.463942 0.573864 0.495033 0.497333 0.459794 0.379919 0.506587 0.690391 0.538938 0.350968
312000 0.417891 0.552030 0.514243 0.451957 0.466055 0.413699 0.480473 0.657588 0.519784 0.358876
313000 0.408493 0.590102 0.496845 0.492588 0.490310 0.353103 0.487089 0.656250 0.530010 0.345291
314000 0.418199 0.577137 0.504717 0.488722 0.427621 0.381818 0.482289 0.666081 0.595420 0.388889
315000 0.415842 0.610843 0.493671 0.479784 0.455036 0.383580 0.477633 0.638655 0.553621 0.411215
316000 0.410655 0.584229 0.486607 0.489510 0.448155 0.401734 0.496172 0.643275 0.549058 0.351351
317000 0.414359 0.562350 0.472868 0.463504 0.476786 0.410920 0.517413 0.696498 0.545977 0.392806
318000 0.402041 0.604624 0.479699 0.476744 0.486068 0.363755 0.474761 0.655378 0.580537 0.408333
319000 0.384000 0.592629 0.498305 0.482653 0.497569 0.367263 0.461003 0.672828 0.566316 0.411290
320000 0.412979 0.599604 0.484076 0.448124 0.518939 0.401947 0.514416 0.671739 0.564551 0.332849
321000 0.471442 0.575788 0.468144 0.492834 0.470238 0.412791 0.510996 0.676898 0.511156 0.354620
322000 0.429158 0.585170 0.487461 0.491543 0.511236 0.414322 0.462779 0.674419 0.539713 0.344585
323000 0.463940 0.580825 0.489583 0.480611 0.510934 0.386667 0.493473 0.671579 0.530710 0.376224
324000 0.447560 0.580723 0.511692 0.482339 0.517312 0.385117 0.493656 0.666102 0.509324 0.367347
325000 0.456693 0.593088 0.524076 0.519620 0.471624 0.388889 0.472222 0.657729 0.512514 0.352357
326000 0.460385 0.605823 0.506064 0.470449 0.461847 0.407589 0.510013 0.625402 0.524972 0.383059
327000 0.422625 0.580324 0.515046 0.470167 0.529412 0.436836 0.505201 0.658744 0.484070 0.387755
328000 0.431629 0.574497 0.529480 0.438326 0.483431 0.418342 0.510015 0.628834 0.489705 0.407353
329000 0.498477 0.577914 0.556319 0.473485 0.512974 0.440225 0.561481 0.637216 0.463366 0.403008
330000 0.456790 0.571429 0.514188 0.474496 0.445860 0.424364 0.511111 0.646393 0.482824 0.394947
331000 0.454995 0.614807 0.503784 0.465063 0.499010 0.391473 0.477807 0.646277 0.446498 0.406623
332000 0.438105 0.583822 0.482394 0.456897 0.521024 0.409938 0.472303 0.626506 0.414709 0.432133
333000 0.475356 0.581609 0.494519 0.441953 0.473251 0.429287 0.511142 0.602703 0.467656 0.419094
334000 0.453107 0.528431 0.492582 0.483193 0.495033 0.395946 0.469799 0.618457 0.429638 0.453577
335000 0.454945 0.546653 0.492084 0.458390 0.505691 0.437795 0.465629 0.619799 0.488593 0.455988
336000 0.438919 0.614857 0.508997 0.427419 0.513333 0.397101 0.459799 0.620408 0.474891 0.437669
337000 0.453216 0.566304 0.537313 0.389381 0.493921 0.429463 0.491084 0.622191 0.479303 0.435419
338000 0.480658 0.563960 0.489697 0.411311 0.511527 0.394366 0.466340 0.591787 0.445262 0.472255
339000 0.435547 0.582207 0.474483 0.385491 0.516358 0.414209 0.484354 0.596129 0.431477 0.433775
340000 0.435897 0.539759 0.517832 0.454155 0.545571 0.417763 0.453368 0.616541 0.465385 0.411150
341000 0.460526 0.564215 0.514180 0.406250 0.508571 0.420177 0.470158 0.608750 0.482213 0.425949
342000 0.460317 0.564073 0.545076 0.395693 0.474277 0.417464 0.482192 0.611326 0.453416 0.474151
343000 0.458879 0.559524 0.483951 0.444763 0.531882 0.410737 0.447531 0.587776 0.479479 0.447689
344000 0.432406 0.555444 0.492350 0.450567 0.484642 0.388764 0.482558 0.570197 0.467967 0.425065
345000 0.440476 0.561203 0.551163 0.425141 0.529412 0.413214 0.439863 0.603403 0.468980 0.433411
346000 0.457510 0.539576 0.520476 0.449568 0.508711 0.426003 0.461613 0.597055 0.483458 0.448674
347000 0.455856 0.572062 0.467836 0.417105 0.514638 0.414958 0.450203 0.637681 0.458861 0.466258
348000 0.470588 0.554957 0.488784 0.385559 0.475962 0.426752 0.440387 0.582844 0.454268 0.436364
349000 0.458863 0.553829 0.468716 0.449376 0.481595 0.411348 0.473077 0.533333 0.474197 0.465975
350000 0.462535 0.602723 0.489559 0.435262 0.468919 0.435241 0.467949 0.571979 0.453868 0.451340
351000 0.395615 0.597520 0.495283 0.427518 0.492329 0.440367 0.422460 0.553790 0.465686 0.430678
352000 0.403354 0.589567 0.507312 0.412399 0.495132 0.412385 0.450935 0.601183 0.465306 0.443163
353000 0.424978 0.585450 0.502415 0.442953 0.464435 0.435616 0.479393 0.635824 0.462687 0.464191
354000 0.434186 0.578286 0.460910 0.402726 0.480978 0.443599 0.454430 0.579674 0.437500 0.453390
355000 0.419021 0.529825 0.517919 0.484146 0.486405 0.425814 0.454259 0.567277 0.404894 0.443844
356000 0.434783 0.503555 0.474891 0.478311 0.494673 0.421326 0.493894 0.544872 0.464324 0.437086
357000 0.486815 0.554762 0.522727 0.413333 0.512744 0.428191 0.443056 0.565006 0.450000 0.431256
358000 0.442424 0.584580 0.491282 0.454765 0.495575 0.414982 0.399725 0.592357 0.471973 0.439525
359000 0.470192 0.537623 0.508056 0.468549 0.476454 0.442029 0.420798 0.582586 0.505155 0.487269
360000 0.446377 0.553050 0.467098 0.456548 0.512397 0.415016 0.451450 0.591006 0.483314 0.419087
361000 0.479543 0.583878 0.489572 0.429274 0.505766 0.401766 0.438964 0.590858 0.465074 0.440812
362000 0.457627 0.594678 0.471173 0.490315 0.497860 0.446188 0.449735 0.590796 0.498073 0.422943
363000 0.461690 0.588004 0.545900 0.456368 0.527434 0.439825 0.457026 0.574784 0.477683 0.414761
364000 0.467509 0.589147 0.461878 0.492988 0.507246 0.452830 0.463297 0.607096 0.500000 0.430799
365000 0.474406 0.561769 0.503676 0.487265 0.559649 0.437681 0.448276 0.595828 0.451613 0.434394
366000 0.452174 0.549779 0.518849 0.476248 0.518106 0.431791 0.426020 0.598784 0.499499 0.405992
367000 0.444243 0.529348 0.503867 0.464853 0.536585 0.436341 0.431479 0.568471 0.480843 0.429389
368000 0.431304 0.564895 0.486643 0.444792 0.525926 0.421615 0.422693 0.604200 0.509804 0.450509
369000 0.442132 0.523409 0.494172 0.484848 0.514916 0.424028 0.430667 0.570605 0.541969 0.432909
370000 0.468918 0.583144 0.532646 0.442553 0.443869 0.417178 0.447970 0.641667 0.529538 0.443983
371000 0.447096 0.567288 0.488082 0.485207 0.497751 0.445590 0.449553 0.665359 0.499549 0.428720
372000 0.460899 0.555006 0.479283 0.445040 0.508800 0.449239 0.442092 0.609418 0.513133 0.443867
373000 0.467914 0.539261 0.471800 0.446914 0.506887 0.410588 0.462810 0.599555 0.482422 0.464523
374000 0.476190 0.563177 0.492117 0.466418 0.539101 0.383544 0.430905 0.631336 0.467317 0.438662
375000 0.441093 0.534766 0.496437 0.501208 0.529204 0.421277 0.434053 0.587654 0.506159 0.464039
376000 0.482883 0.514632 0.474462 0.502597 0.497453 0.439532 0.451379 0.619603 0.499514 0.406023
377000 0.490054 0.548701 0.466208 0.482968 0.457265 0.396376 0.433289 0.595294 0.477299 0.419822
378000 0.455349 0.548187 0.490909 0.517241 0.505185 0.413395 0.453216 0.604072 0.479258 0.392219
379000 0.473859 0.536508 0.498489 0.527655 0.492978 0.400000 0.434312 0.595867 0.481761 0.440909
380000 0.463348 0.549161 0.503928 0.523810 0.475131 0.414966 0.489032 0.584367 0.540622 0.425494
381000 0.439201 0.563596 0.503490 0.567096 0.491202 0.376344 0.457801 0.600000 0.513859 0.400670
382000 0.489614 0.582090 0.497319 0.529873 0.503439 0.411980 0.431085 0.608154 0.505119 0.437637
383000 0.487847 0.559340 0.477304 0.502720 0.508902 0.427441 0.485246 0.598280 0.489109 0.480507
384000 0.499099 0.574516 0.474178 0.450639 0.512968 0.432606 0.439098 0.576063 0.508475 0.432319
385000 0.489971 0.572927 0.433834 0.527691 0.437500 0.431159 0.449438 0.598765 0.529412 0.448037
386000 0.452975 0.552301 0.454054 0.526215 0.484716 0.461538 0.446078 0.644110 0.516064 0.464329
387000 0.462551 0.569869 0.450189 0.525292 0.479310 0.463542 0.422562 0.628788 0.481836 0.499474
388000 0.458640 0.568831 0.455882 0.485830 0.493233 0.457143 0.449275 0.594168 0.523502 0.440820
389000 0.453608 0.564677 0.446645 0.545639 0.453691 0.484195 0.463203 0.595075 0.483904 0.429154
390000 0.457707 0.587822 0.464726 0.511819 0.496871 0.447721 0.484444 0.652288 0.475767 0.449223
391000 0.463742 0.558071 0.500000 0.518607 0.491713 0.431619 0.481928 0.609823 0.503753 0.446035
392000 0.462107 0.552716 0.466667 0.540664 0.500750 0.453015 0.456410 0.621053 0.519671 0.402886
393000 0.462633 0.556452 0.468692 0.528398 0.494269 0.420000 0.410853 0.605856 0.512745 0.397012
394000 0.445073 0.559140 0.465820 0.486111 0.460674 0.442916 0.480652 0.612725 0.532292 0.406674
395000 0.469928 0.554455 0.492971 0.536082 0.478519 0.456919 0.468303 0.622829 0.521869 0.449842
396000 0.493274 0.544910 0.546185 0.486517 0.502415 0.445170 0.452269 0.647902 0.504594 0.403448
397000 0.477769 0.553757 0.467609 0.526535 0.498141 0.430789 0.432935 0.619870 0.502234 0.441839
398000 0.468328 0.555422 0.489083 0.488575 0.466755 0.472938 0.441767 0.625135 0.527132 0.435759
399000 0.470065 0.569075 0.465228 0.511868 0.481579 0.427681 0.421121 0.593160 0.490986 0.425993
400000 0.455469 0.547357 0.464146 0.533333 0.455639 0.414322 0.400815 0.577681 0.501012 0.427017
401000 0.469007 0.590440 0.454262 0.522388 0.481645 0.433107 0.409341 0.626993 0.495310 0.444258
402000 0.445753 0.600995 0.472876 0.498313 0.472441 0.427918 0.412500 0.620612 0.505174 0.464956
403000 0.467487 0.579235 0.475277 0.461378 0.465868 0.451119 0.448642 0.564014 0.499575 0.413274
404000 0.461473 0.592675 0.489531 0.473085 0.473558 0.475728 0.491269 0.628959 0.499551 0.444337
405000 0.494487 0.610491 0.474066 0.545349 0.489144 0.463194 0.417877 0.616009 0.544715 0.463878
406000 0.453237 0.611714 0.495558 0.493671 0.512650 0.456897 0.420323 0.627586 0.520231 0.455654
407000 0.425125 0.584830 0.522316 0.496437 0.453988 0.502342 0.424173 0.564792 0.523892 0.464245
408000 0.459125 0.606686 0.503324 0.542735 0.453801 0.489837 0.399329 0.563953 0.498387 0.450062
409000 0.443018 0.606540 0.482438 0.532319 0.424028 0.457323 0.428747 0.607273 0.500456 0.443640
410000 0.468971 0.594369 0.469952 0.523952 0.448471 0.445219 0.411535 0.587906 0.527778 0.445554
411000 0.470494 0.563433 0.465962 0.516484 0.425314 0.457965 0.408811 0.611004 0.505660 0.448743
412000 0.471665 0.620000 0.476374 0.518696 0.425904 0.503006 0.431132 0.606707 0.496552 0.450089
413000 0.435693 0.597712 0.520263 0.554545 0.480144 0.480000 0.438049 0.575524 0.490566 0.466238
414000 0.433699 0.583245 0.470729 0.522972 0.496053 0.495220 0.466862 0.621560 0.495085 0.446527
415000 0.483475 0.593878 0.499348 0.507157 0.468571 0.475676 0.421110 0.591738 0.545648 0.469543
416000 0.474453 0.609457 0.463636 0.533753 0.474178 0.526266 0.446890 0.617371 0.514129 0.450460
417000 0.481884 0.587975 0.444293 0.530476 0.475177 0.516026 0.420889 0.566416 0.510798 0.442801
418000 0.490669 0.604736 0.469880 0.522488 0.483254 0.498984 0.409677 0.641092 0.485068 0.466149
419000 0.477640 0.593385 0.512676 0.555354 0.452153 0.529412 0.409226 0.613059 0.515289 0.486369
420000 0.473080 0.596040 0.484237 0.491935 0.421734 0.525172 0.449819 0.602299 0.560579 0.456362
421000 0.477533 0.577841 0.464206 0.490798 0.437068 0.531476 0.444083 0.589026 0.549320 0.440796
422000 0.482213 0.603053 0.464509 0.540305 0.416250 0.546436 0.456621 0.605381 0.536454 0.460271
423000 0.500896 0.538206 0.445545 0.561545 0.461935 0.516968 0.424339 0.560811 0.530982 0.466391
424000 0.483965 0.572581 0.457143 0.553695 0.433382 0.537647 0.475827 0.588448 0.519481 0.485098
425000 0.482257 0.580645 0.433684 0.507740 0.443836 0.526608 0.494055 0.608997 0.555671 0.477528
426000 0.484076 0.620359 0.455165 0.513592 0.444010 0.527964 0.442500 0.558897 0.526521 0.463646
427000 0.487409 0.595849 0.442222 0.518812 0.474937 0.502738 0.420992 0.584399 0.507477 0.474359
428000 0.492268 0.648283 0.477626 0.501144 0.410323 0.523446 0.460459 0.616294 0.536862 0.468560
429000 0.478027 0.622851 0.518812 0.546025 0.452073 0.513614 0.430752 0.571922 0.486087 0.469349
430000 0.436553 0.586837 0.512072 0.535224 0.458705 0.527174 0.459140 0.570749 0.536481 0.475598
431000 0.478411 0.561555 0.528243 0.547170 0.451994 0.519270 0.459427 0.569737 0.534680 0.450939
432000 0.462214 0.613995 0.491989 0.522280 0.456640 0.557359 0.422836 0.621728 0.510478 0.486385
433000 0.463950 0.583916 0.509740 0.480214 0.450536 0.529748 0.455366 0.591731 0.532286 0.477833
434000 0.467259 0.561022 0.492179 0.533753 0.496386 0.509029 0.441264 0.587385 0.522187 0.467824
435000 0.469039 0.610656 0.509091 0.546361 0.467301 0.532984 0.407407 0.584488 0.518091 0.467687
436000 0.469279 0.537815 0.486279 0.524641 0.482234 0.482379 0.426714 0.578145 0.500935 0.488452
437000 0.490551 0.523682 0.486598 0.554777 0.478747 0.528604 0.438731 0.612319 0.503943 0.441052
438000 0.445836 0.552783 0.487805 0.523303 0.478002 0.503158 0.473189 0.558753 0.504036 0.464941
439000 0.462882 0.543860 0.497854 0.567241 0.523709 0.529686 0.406000 0.605573 0.475979 0.448128
440000 0.467943 0.577889 0.471289 0.539326 0.520482 0.528587 0.426945 0.581882 0.523392 0.441441
441000 0.487903 0.573840 0.467085 0.502722 0.470886 0.529348 0.421281 0.540074 0.505747 0.534344
442000 0.452323 0.586052 0.493521 0.536972 0.435310 0.513083 0.448471 0.561404 0.493261 0.488889
443000 0.469076 0.576966 0.472000 0.546610 0.467719 0.520263 0.415367 0.579869 0.487765 0.496205
444000 0.449012 0.580989 0.534795 0.496283 0.496925 0.532427 0.427513 0.557243 0.499599 0.500921
445000 0.467226 0.570000 0.488267 0.531455 0.525309 0.550976 0.406832 0.563380 0.513426 0.503179
446000 0.451505 0.555359 0.486871 0.530290 0.536254 0.546326 0.416828 0.566396 0.535294 0.510204
447000 0.470683 0.560998 0.485468 0.501961 0.483161 0.519038 0.404786 0.561728 0.543636 0.495783
448000 0.456954 0.549495 0.511853 0.510166 0.465318 0.548204 0.391304 0.565166 0.470011 0.489926
449000 0.477805 0.590759 0.517241 0.514124 0.462131 0.550665 0.438687 0.567130 0.530504 0.516230
450000 0.427737 0.554770 0.497034 0.515271 0.494492 0.513699 0.386977 0.560000 0.502075 0.509141
451000 0.455538 0.547858 0.489840 0.509956 0.501205 0.536558 0.408632 0.573383 0.478183 0.506772
452000 0.499178 0.534343 0.485972 0.520492 0.480441 0.514484 0.408278 0.582069 0.512058 0.479644
453000 0.428824 0.551655 0.479798 0.529844 0.492228 0.531290 0.436098 0.602041 0.512821 0.486717
454000 0.432210 0.583774 0.516736 0.566901 0.471635 0.518672 0.420942 0.596515 0.489601 0.477778
455000 0.470921 0.569245 0.525990 0.548729 0.518182 0.529064 0.392365 0.544350 0.469992 0.492574
456000 0.490356 0.529889 0.493274 0.521360 0.540887 0.546306 0.414474 0.569892 0.507858 0.525118
457000 0.469880 0.563931 0.519330 0.556474 0.553571 0.503415 0.427646 0.545842 0.486876 0.488911
458000 0.461762 0.560952 0.544686 0.555941 0.497500 0.537270 0.411123 0.526764 0.520496 0.492178
459000 0.434266 0.566834 0.506708 0.532918 0.483294 0.577167 0.424518 0.537895 0.494812 0.476281
460000 0.435374 0.541750 0.463560 0.542118 0.481663 0.523216 0.387397 0.544084 0.523577 0.492872
461000 0.485594 0.553247 0.507576 0.527972 0.485981 0.533203 0.402678 0.525128 0.497512 0.488543
462000 0.454766 0.569948 0.478960 0.561594 0.507345 0.528993 0.379695 0.538049 0.488235 0.537615
463000 0.462264 0.523063 0.499481 0.596257 0.515419 0.540430 0.393247 0.592801 0.470588 0.499559
464000 0.466722 0.533593 0.509942 0.516957 0.510083 0.555208 0.409652 0.503311 0.501235 0.492537
465000 0.483639 0.528269 0.494505 0.538384 0.498375 0.531140 0.405491 0.529344 0.489305 0.483348
466000 0.423331 0.530819 0.465675 0.544133 0.504684 0.525683 0.444765 0.518265 0.490789 0.516158
467000 0.478943 0.535714 0.486279 0.575540 0.454087 0.519053 0.440191 0.512947 0.492718 0.460331
468000 0.478049 0.526123 0.477707 0.562059 0.494076 0.512821 0.397059 0.535714 0.475410 0.495890
469000 0.456757 0.580986 0.490798 0.547525 0.436343 0.483624 0.423115 0.543689 0.453682 0.496228
470000 0.494894 0.554455 0.531335 0.550887 0.470115 0.531390 0.410058 0.554705 0.477828 0.463527
471000 0.474705 0.542489 0.502294 0.560659 0.475610 0.532479 0.419622 0.560538 0.493080 0.495082
472000 0.465823 0.542642 0.491103 0.525365 0.520833 0.545842 0.373196 0.573059 0.477374 0.484634
473000 0.486135 0.528979 0.531250 0.563052 0.472345 0.534392 0.423121 0.551163 0.464260 0.515284
474000 0.465296 0.536174 0.529217 0.545311 0.469435 0.532323 0.407879 0.554255 0.465455 0.493986
475000 0.442142 0.569149 0.522581 0.555095 0.450617 0.538238 0.380700 0.560000 0.461717 0.520295
476000 0.453942 0.567829 0.524220 0.509323 0.474108 0.522936 0.404051 0.572634 0.486508 0.494771
477000 0.476516 0.541237 0.523132 0.519658 0.506358 0.552573 0.392045 0.560472 0.496485 0.502595
478000 0.466448 0.563430 0.552661 0.528493 0.447146 0.557394 0.417960 0.564286 0.471854 0.491956
479000 0.443969 0.546154 0.530895 0.515437 0.503151 0.535385 0.381119 0.570281 0.464561 0.536900
480000 0.457899 0.532495 0.542929 0.526854 0.489433 0.534591 0.423529 0.563269 0.459652 0.494770
481000 0.475439 0.532544 0.527088 0.503831 0.471324 0.569583 0.404208 0.583333 0.482408 0.513109
482000 0.488948 0.544343 0.537217 0.520236 0.490355 0.573737 0.388514 0.547414 0.462520 0.496714
483000 0.430308 0.503571 0.529730 0.508871 0.474895 0.574619 0.376060 0.607930 0.485981 0.498403
484000 0.457232 0.519455 0.519666 0.500000 0.451002 0.549819 0.420477 0.627083 0.478491 0.500000
485000 0.455935 0.549404 0.507345 0.516154 0.479545 0.557848 0.417840 0.606931 0.475923 0.498681
486000 0.455760 0.561943 0.524070 0.516908 0.451578 0.552192 0.386811 0.568738 0.469417 0.476489
487000 0.432165 0.549283 0.529143 0.500817 0.471144 0.583333 0.422890 0.571287 0.463487 0.509146
488000 0.458111 0.534793 0.524051 0.510826 0.455165 0.576355 0.407855 0.597062 0.501301 0.510726
489000 0.471489 0.531097 0.516376 0.511036 0.510613 0.532420 0.424752 0.560199 0.502011 0.503221
490000 0.477918 0.532977 0.540416 0.495137 0.480091 0.543974 0.419766 0.605911 0.472566 0.504789
491000 0.476419 0.552339 0.512048 0.524069 0.494357 0.580222 0.464550 0.581224 0.485891 0.496205
492000 0.483216 0.521552 0.518605 0.495942 0.489770 0.563243 0.455357 0.577351 0.538931 0.484774
493000 0.471284 0.553427 0.547065 0.513259 0.498881 0.586889 0.454102 0.555787 0.511716 0.475827
494000 0.460693 0.524330 0.526316 0.505551 0.488241 0.564202 0.454365 0.608784 0.471778 0.502392
495000 0.431310 0.531966 0.530570 0.490830 0.492163 0.587302 0.461538 0.593152 0.485597 0.520683
496000 0.449793 0.563441 0.561611 0.510187 0.498990 0.566607 0.443576 0.585319 0.483508 0.490000
497000 0.465619 0.620994 0.579787 0.510936 0.473005 0.545293 0.455789 0.576846 0.485474 0.449631
498000 0.437229 0.548228 0.568715 0.540373 0.471186 0.550817 0.450898 0.597236 0.474665 0.496807
499000 0.456922 0.565130 0.558257 0.498227 0.468132 0.563725 0.456684 0.577181 0.505043 0.488223
500000 0.487094 0.559501 0.558824 0.503958 0.534091 0.563218 0.448957 0.594819 0.482759 0.479698
501000 0.482601 0.579459 0.557260 0.498031 0.476784 0.559476 0.480908 0.596471 0.444813 0.516242
502000 0.454303 0.564103 0.559959 0.520309 0.492788 0.570256 0.455166 0.572957 0.476033 0.495197
503000 0.468442 0.506639 0.551613 0.519726 0.477215 0.555459 0.459245 0.572727 0.491497 0.478219
504000 0.464497 0.514399 0.543235 0.488449 0.473624 0.554336 0.456973 0.589055 0.476419 0.480280
505000 0.452632 0.571826 0.558700 0.505435 0.497845 0.611285 0.456432 0.574163 0.496909 0.486438
506000 0.451818 0.557987 0.555024 0.494970 0.503055 0.567913 0.475855 0.604978 0.498425 0.525192
507000 0.436328 0.554108 0.578771 0.485252 0.535211 0.575845 0.446789 0.624294 0.490385 0.481390
508000 0.444930 0.575170 0.542828 0.464802 0.527704 0.587002 0.454715 0.573529 0.477778 0.472509
509000 0.422981 0.515911 0.577108 0.515464 0.521839 0.537762 0.465377 0.575124 0.471477 0.474801
510000 0.483899 0.536313 0.573316 0.537909 0.526523 0.553931 0.480859 0.587238 0.463696 0.506751
511000 0.475109 0.557540 0.601877 0.548117 0.511482 0.565338 0.446121 0.616580 0.493817 0.513171
512000 0.441228 0.529808 0.572222 0.512438 0.501119 0.650699 0.420491 0.583581 0.473592 0.504529
513000 0.466060 0.552305 0.609023 0.536723 0.497366 0.560932 0.458613 0.594484 0.454963 0.514589
514000 0.469619 0.517743 0.628892 0.501862 0.525516 0.558601 0.440695 0.596192 0.433142 0.464621
515000 0.464164 0.522340 0.604777 0.522928 0.518340 0.583072 0.424168 0.615814 0.462998 0.482595
516000 0.448047 0.515207 0.579384 0.517094 0.531453 0.569502 0.399093 0.641657 0.462674 0.477093
517000 0.465947 0.525809 0.592712 0.505952 0.455076 0.536336 0.459242 0.612640 0.451014 0.472344
518000 0.452775 0.498599 0.579006 0.510590 0.513453 0.585096 0.447818 0.597737 0.438127 0.508580
519000 0.491245 0.500000 0.561825 0.501823 0.515152 0.578337 0.433428 0.640950 0.484925 0.493450
520000 0.486513 0.489275 0.571627 0.521285 0.549312 0.579414 0.413725 0.620527 0.511278 0.513369
521000 0.476105 0.494747 0.595960 0.532159 0.526841 0.593812 0.430058 0.601259 0.477171 0.517212
522000 0.467341 0.476098 0.598667 0.506608 0.511765 0.599462 0.445295 0.616774 0.487961 0.484797
523000 0.461598 0.469493 0.572368 0.488705 0.572368 0.608499 0.453300 0.639511 0.461983 0.460944
524000 0.500400 0.511050 0.604883 0.543980 0.498297 0.593863 0.466903 0.599029 0.488684 0.546860
525000 0.464416 0.481614 0.570942 0.535774 0.524499 0.578894 0.460687 0.629755 0.464253 0.507018
526000 0.485853 0.505871 0.586340 0.533435 0.508541 0.547867 0.431203 0.650528 0.489149 0.513917
527000 0.433176 0.504647 0.573864 0.496142 0.519298 0.559336 0.440716 0.638424 0.481957 0.502551
528000 0.453401 0.527397 0.565611 0.526856 0.508855 0.565709 0.467724 0.653883 0.452648 0.508013
529000 0.469636 0.537299 0.590662 0.482315 0.549797 0.547445 0.444186 0.629351 0.473157 0.465844
530000 0.448052 0.516913 0.580466 0.505232 0.529473 0.558824 0.456635 0.661133 0.448931 0.488592
531000 0.439943 0.496070 0.573684 0.500000 0.579171 0.561151 0.426060 0.638690 0.477102 0.502296
532000 0.465961 0.512241 0.565714 0.491468 0.567982 0.547017 0.463682 0.664403 0.474446 0.494449
533000 0.444625 0.552991 0.568182 0.517157 0.573574 0.569780 0.447023 0.619355 0.437066 0.500000
534000 0.459538 0.513787 0.577646 0.537023 0.521643 0.574232 0.460843 0.639374 0.520076 0.504355
535000 0.478298 0.516103 0.564162 0.523091 0.529162 0.582222 0.462810 0.614136 0.457364 0.489150
536000 0.480251 0.505425 0.591919 0.538934 0.495423 0.550926 0.458250 0.646996 0.444149 0.495826
537000 0.482852 0.492050 0.564537 0.542739 0.477612 0.591722 0.453294 0.592166 0.482642 0.485630
538000 0.461872 0.517939 0.554054 0.524281 0.547479 0.575619 0.454162 0.607700 0.470065 0.478408
539000 0.469858 0.507042 0.576566 0.528881 0.524235 0.543147 0.457086 0.649085 0.464129 0.481481
540000 0.448008 0.469990 0.600724 0.518695 0.520202 0.575639 0.472785 0.622468 0.463357 0.500467
541000 0.499500 0.464252 0.557233 0.519868 0.520521 0.566148 0.466667 0.585673 0.455538 0.499112
542000 0.507849 0.499481 0.568465 0.500809 0.524272 0.601345 0.474560 0.615039 0.454545 0.490549
543000 0.481656 0.492705 0.527149 0.486397 0.543699 0.575985 0.503868 0.606654 0.474806 0.489091
544000 0.475941 0.538855 0.607443 0.497843 0.502247 0.582291 0.468382 0.621891 0.466292 0.473684
545000 0.500398 0.449183 0.601901 0.485477 0.459653 0.579580 0.483902 0.618462 0.484224 0.515455
546000 0.450185 0.485128 0.584826 0.515099 0.483516 0.487759 0.504416 0.600349 0.457591 0.512048
547000 0.473118 0.488452 0.581301 0.530786 0.463252 0.535000 0.462535 0.618957 0.473050 0.490551
548000 0.484875 0.505119 0.578397 0.519868 0.478158 0.583977 0.468909 0.642268 0.486131 0.486367
549000 0.455917 0.482524 0.576180 0.522514 0.495992 0.565667 0.475332 0.631931 0.447885 0.477953
550000 0.470544 0.464740 0.590775 0.471993 0.526904 0.550921 0.439883 0.609347 0.447557 0.502521
551000 0.505547 0.475164 0.575679 0.505155 0.512922 0.567541 0.472043 0.628162 0.473174 0.466529
552000 0.477145 0.482601 0.575461 0.474820 0.507478 0.546610 0.451578 0.643234 0.460189 0.523976
553000 0.434200 0.496024 0.553818 0.515886 0.529144 0.524004 0.484880 0.621359 0.454545 0.501658
554000 0.469743 0.495971 0.559246 0.509913 0.509560 0.513566 0.465487 0.669333 0.479814 0.449647
555000 0.459984 0.528007 0.548193 0.496248 0.547109 0.542000 0.461394 0.634667 0.469526 0.507321
556000 0.486600 0.505747 0.544939 0.525000 0.539235 0.563725 0.478754 0.634934 0.457430 0.501107
557000 0.459649 0.482000 0.577778 0.495575 0.557851 0.522727 0.482072 0.642241 0.473016 0.488278
558000 0.510309 0.471553 0.585179 0.493892 0.535019 0.564598 0.478505 0.637291 0.502911 0.503766
559000 0.487530 0.467593 0.574978 0.499562 0.516699 0.572484 0.486239 0.638554 0.492451 0.498239
560000 0.492450 0.474747 0.606918 0.480993 0.514661 0.565470 0.508756 0.633929 0.468867 0.498390
561000 0.465839 0.465226 0.567506 0.487179 0.519149 0.595186 0.459364 0.625387 0.475102 0.515246
562000 0.491286 0.450375 0.555783 0.485240 0.507661 0.538462 0.485793 0.582160 0.474021 0.511570
563000 0.483788 0.448473 0.594177 0.512862 0.520811 0.525328 0.484956 0.587565 0.488518 0.493266
564000 0.474107 0.513514 0.609278 0.504721 0.491974 0.554808 0.466165 0.637652 0.482334 0.516077
565000 0.505289 0.478017 0.584403 0.471014 0.472643 0.557009 0.456672 0.613563 0.468922 0.479741
566000 0.479719 0.503049 0.551561 0.512015 0.479843 0.555066 0.465953 0.640000 0.482405 0.468404
567000 0.493485 0.490179 0.520039 0.490926 0.518782 0.570717 0.470529 0.621341 0.495050 0.477769
568000 0.484825 0.489612 0.557949 0.478873 0.511819 0.546691 0.462555 0.650210 0.498228 0.518345
569000 0.468162 0.472103 0.565802 0.477528 0.485567 0.557377 0.475652 0.630363 0.437458 0.508585
570000 0.471081 0.537665 0.579802 0.513084 0.529633 0.550685 0.486925 0.607407 0.468773 0.536220
571000 0.475386 0.495770 0.554393 0.526596 0.530651 0.521151 0.460539 0.600866 0.464990 0.515288
572000 0.481397 0.503781 0.569476 0.466896 0.523810 0.545706 0.494575 0.587963 0.478026 0.539200
573000 0.456566 0.460076 0.539000 0.497843 0.500951 0.519720 0.488327 0.628903 0.445927 0.508876
574000 0.482930 0.484645 0.566946 0.462535 0.538124 0.551813 0.459804 0.629752 0.451237 0.489731
575000 0.441781 0.509434 0.544073 0.491993 0.511176 0.537773 0.492281 0.623364 0.472700 0.526316
576000 0.456116 0.503330 0.603561 0.498683 0.511220 0.535968 0.475332 0.598930 0.485030 0.519904
577000 0.468699 0.492606 0.538786 0.508492 0.503663 0.541468 0.451485 0.631405 0.463064 0.498182
578000 0.490643 0.503250 0.561435 0.507447 0.518924 0.570321 0.443966 0.630783 0.453594 0.485525
579000 0.465475 0.507042 0.552632 0.514174 0.504621 0.563243 0.460134 0.593097 0.472480 0.507853
580000 0.467651 0.490340 0.562778 0.511215 0.568780 0.550769 0.467917 0.621280 0.461260 0.488320
581000 0.481623 0.499110 0.562691 0.478610 0.554382 0.543199 0.466276 0.626272 0.444444 0.513081
582000 0.466406 0.505798 0.556164 0.485219 0.530060 0.511892 0.458611 0.637331 0.485842 0.510329
583000 0.484668 0.485281 0.534673 0.485024 0.513972 0.532888 0.454630 0.623269 0.501907 0.529096
584000 0.432667 0.511047 0.558736 0.509268 0.561939 0.530689 0.452212 0.649912 0.482377 0.532088
585000 0.462979 0.523970 0.579229 0.521589 0.556377 0.544465 0.502935 0.627413 0.484598 0.533703
586000 0.479151 0.509599 0.579357 0.481764 0.548689 0.573935 0.474934 0.641597 0.496449 0.503466
587000 0.489950 0.498787 0.595685 0.493380 0.553232 0.575975 0.483306 0.660517 0.455056 0.508212
588000 0.476636 0.514146 0.586768 0.487094 0.524560 0.549904 0.451640 0.660232 0.444219 0.558036
589000 0.450949 0.506977 0.547648 0.509022 0.504762 0.569756 0.485359 0.623288 0.468910 0.550761
590000 0.445643 0.510417 0.535677 0.459330 0.541176 0.544007 0.508982 0.635514 0.443190 0.530761
591000 0.495677 0.508921 0.555456 0.428319 0.566479 0.573604 0.496517 0.626482 0.461426 0.510221
592000 0.441843 0.491571 0.539637 0.456177 0.570728 0.547643 0.477320 0.625616 0.494318 0.529762
593000 0.487437 0.549819 0.531746 0.441612 0.551347 0.533819 0.476510 0.580321 0.457952 0.512597
594000 0.466783 0.519625 0.572727 0.499072 0.556718 0.567057 0.492048 0.584559 0.483585 0.498749
595000 0.477506 0.489555 0.556485 0.432358 0.597015 0.579387 0.485219 0.610188 0.508459 0.498834
596000 0.463439 0.530784 0.574549 0.480648 0.567164 0.558049 0.475099 0.582393 0.469188 0.537946
597000 0.472603 0.496063 0.547922 0.471524 0.573218 0.530732 0.502361 0.606829 0.448328 0.496431
598000 0.477064 0.501438 0.539243 0.480620 0.523622 0.540856 0.475352 0.615962 0.469327 0.487644
599000 0.462366 0.487412 0.555462 0.485940 0.563184 0.552454 0.455263 0.603088 0.469774 0.462882
600000 0.465775 0.482440 0.559160 0.440433 0.604767 0.562005 0.459854 0.653191 0.447848 0.490807
601000 0.461538 0.476847 0.573770 0.483348 0.580902 0.560534 0.445783 0.591753 0.492026 0.461347
602000 0.443929 0.483019 0.568266 0.501353 0.574591 0.574410 0.437559 0.571293 0.470758 0.472054
603000 0.480699 0.476094 0.533273 0.471558 0.581517 0.520231 0.438343 0.568161 0.457592 0.491537
604000 0.468619 0.459050 0.544348 0.478768 0.514605 0.510730 0.467014 0.586207 0.441940 0.518390
605000 0.457823 0.495128 0.539336 0.512417 0.576159 0.538197 0.442966 0.589627 0.427960 0.458541
606000 0.455714 0.512639 0.558824 0.475303 0.565259 0.560935 0.461688 0.591820 0.443699 0.490603
607000 0.476229 0.465608 0.552056 0.439578 0.607930 0.507576 0.458846 0.587719 0.440283 0.449862
608000 0.487452 0.479109 0.527559 0.486796 0.555238 0.520797 0.455814 0.657993 0.454545 0.510401
609000 0.470234 0.442022 0.532794 0.507321 0.565985 0.541436 0.418906 0.598148 0.469993 0.501056
610000 0.487578 0.457457 0.516667 0.487437 0.576594 0.517757 0.392927 0.604962 0.423108 0.485235
611000 0.476863 0.446168 0.539872 0.466893 0.537532 0.550669 0.397149 0.551142 0.440113 0.510655
612000 0.500372 0.460654 0.562712 0.424879 0.580000 0.521661 0.425573 0.592205 0.437679 0.492946
613000 0.459459 0.458527 0.536868 0.441805 0.562718 0.500504 0.448177 0.582775 0.444215 0.478930
614000 0.451074 0.477809 0.546392 0.442798 0.587407 0.526733 0.455004 0.610956 0.445851 0.490692
615000 0.467446 0.443810 0.535545 0.457571 0.569231 0.525725 0.442652 0.614723 0.465441 0.500363
616000 0.450321 0.454308 0.534031 0.464847 0.526270 0.518919 0.429802 0.599434 0.455152 0.501797
617000 0.473684 0.479167 0.521127 0.454464 0.527702 0.531500 0.450047 0.597920 0.447420 0.497021
618000 0.494017 0.477038 0.492563 0.446064 0.589317 0.516219 0.428571 0.612069 0.457304 0.492851
619000 0.477064 0.515547 0.510733 0.428444 0.556849 0.547659 0.446100 0.571557 0.418194 0.470820
620000 0.426633 0.457416 0.536842 0.424103 0.534466 0.519064 0.434281 0.597906 0.452225 0.493488
621000 0.484193 0.500000 0.513878 0.446377 0.587114 0.542563 0.431569 0.599391 0.445609 0.497832
622000 0.482201 0.490234 0.538030 0.407816 0.570698 0.544685 0.460674 0.608266 0.463492 0.471684
623000 0.474865 0.498998 0.504604 0.438879 0.619492 0.505758 0.464815 0.610057 0.461643 0.487973
624000 0.424146 0.495486 0.508870 0.459829 0.631792 0.528884 0.484581 0.571842 0.462021 0.474348
625000 0.458028 0.486314 0.513323 0.423377 0.583054 0.522936 0.485014 0.578497 0.435133 0.484848
626000 0.461345 0.483685 0.532800 0.454635 0.565622 0.485608 0.450528 0.630457 0.454178 0.509483
627000 0.463993 0.472883 0.495726 0.446682 0.579190 0.521827 0.467265 0.643403 0.451948 0.488189
628000 0.482500 0.463950 0.552427 0.422773 0.570158 0.537657 0.454049 0.614016 0.442977 0.513298
629000 0.468521 0.435165 0.554808 0.418715 0.576592 0.523000 0.463838 0.604147 0.438776 0.499548
630000 0.492618 0.457561 0.526423 0.420273 0.542489 0.513623 0.436959 0.595190 0.472580 0.494234
631000 0.471649 0.483349 0.513937 0.406940 0.597798 0.517045 0.442415 0.628116 0.464996 0.499608
632000 0.500000 0.441361 0.538700 0.435789 0.590025 0.502930 0.442884 0.575893 0.452268 0.500000
633000 0.475210 0.446097 0.514107 0.406217 0.580645 0.504073 0.426573 0.592083 0.445851 0.485110
634000 0.500816 0.445934 0.507732 0.437137 0.592525 0.542907 0.448980 0.574572 0.440056 0.483245
635000 0.479550 0.435091 0.507447 0.447423 0.604359 0.507234 0.439286 0.610762 0.467708 0.474501
636000 0.477547 0.448000 0.524725 0.447146 0.576819 0.501268 0.422852 0.605238 0.450033 0.491841
637000 0.460776 0.444134 0.539415 0.431373 0.573407 0.527822 0.419890 0.595685 0.438992 0.499628
638000 0.471284 0.416277 0.518815 0.461940 0.591711 0.540881 0.444165 0.579038 0.424534 0.461128
639000 0.507791 0.455638 0.548415 0.440953 0.537099 0.515419 0.456452 0.588057 0.449655 0.490441
640000 0.469072 0.434898 0.548023 0.424897 0.571546 0.529461 0.456542 0.579832 0.431142 0.464711
641000 0.454636 0.471489 0.538813 0.471220 0.573409 0.481045 0.455411 0.588766 0.450073 0.494176
642000 0.486603 0.452715 0.518868 0.464637 0.547081 0.521472 0.454980 0.636190 0.446154 0.490421
643000 0.490072 0.447592 0.511628 0.432519 0.547771 0.534646 0.425316 0.591463 0.439913 0.479562
644000 0.476965 0.445545 0.505551 0.432558 0.591727 0.513356 0.438304 0.569113 0.447042 0.481608
645000 0.479547 0.443299 0.500867 0.391993 0.573959 0.528642 0.420583 0.555070 0.429096 0.485075
646000 0.492754 0.441288 0.483317 0.439024 0.567568 0.536418 0.447883 0.573254 0.443433 0.483548
647000 0.460687 0.440208 0.488229 0.413863 0.564103 0.481132 0.412241 0.555938 0.454413 0.475530
648000 0.490741 0.455556 0.518190 0.414258 0.527304 0.500000 0.424717 0.535777 0.448324 0.472018
649000 0.513799 0.457641 0.463415 0.472177 0.584565 0.507334 0.435726 0.594134 0.443368 0.482619
650000 0.480427 0.427966 0.495791 0.501167 0.576371 0.519963 0.488909 0.565136 0.446733 0.488159
651000 0.484933 0.425941 0.541176 0.502513 0.580796 0.510949 0.474916 0.602119 0.438776 0.501221
652000 0.480303 0.437233 0.508065 0.484794 0.581602 0.536044 0.476407 0.556185 0.459706 0.535027
653000 0.507109 0.422056 0.476111 0.492021 0.567865 0.567050 0.463523 0.591089 0.461538 0.483320
654000 0.532487 0.470790 0.500924 0.481917 0.576471 0.496104 0.467332 0.585968 0.416778 0.498812
655000 0.518779 0.491259 0.513393 0.487230 0.550820 0.495229 0.419301 0.582278 0.428571 0.492335
656000 0.485283 0.468998 0.520875 0.452338 0.581015 0.500000 0.448309 0.586607 0.456890 0.484010
657000 0.482886 0.452242 0.509990 0.462786 0.596931 0.505657 0.479452 0.587665 0.438178 0.494427
658000 0.535425 0.439966 0.544225 0.489816 0.563474 0.508171 0.445026 0.555556 0.478326 0.471009
659000 0.485166 0.409804 0.549277 0.481928 0.579656 0.526021 0.446565 0.596491 0.471452 0.469992
660000 0.500402 0.440501 0.536272 0.434881 0.548589 0.532637 0.463107 0.573034 0.445936 0.480059
661000 0.482583 0.434385 0.505579 0.436381 0.561013 0.501565 0.438066 0.549852 0.468602 0.459562
662000 0.494415 0.423191 0.533636 0.422993 0.559843 0.500814 0.456432 0.577652 0.456168 0.495356
663000 0.448200 0.440870 0.521257 0.478060 0.563115 0.502722 0.465032 0.602510 0.449205 0.468171
664000 0.469597 0.422671 0.537175 0.451233 0.552790 0.507359 0.456693 0.605948 0.442338 0.495084
665000 0.491077 0.457335 0.500468 0.454458 0.570203 0.484723 0.477011 0.586770 0.437991 0.502495
666000 0.511713 0.449534 0.448405 0.450251 0.568951 0.497105 0.454472 0.602479 0.444704 0.508159
667000 0.490504 0.425419 0.511853 0.445480 0.552019 0.500817 0.453726 0.590391 0.425487 0.513978
668000 0.503911 0.420263 0.510490 0.435854 0.550124 0.489130 0.473237 0.615754 0.461968 0.496046
669000 0.489442 0.409456 0.534694 0.444345 0.587112 0.482448 0.458955 0.568662 0.471127 0.515915
670000 0.473412 0.404851 0.528150 0.442609 0.541340 0.512862 0.459848 0.624028 0.455593 0.502117
671000 0.480687 0.410596 0.497479 0.466667 0.584572 0.517271 0.503509 0.578642 0.453333 0.518081
672000 0.474080 0.429832 0.472119 0.396811 0.580820 0.494196 0.463918 0.627750 0.476543 0.501040
673000 0.483743 0.388696 0.500000 0.429094 0.592366 0.478986 0.461407 0.611265 0.459960 0.531815
674000 0.468843 0.426891 0.489846 0.435950 0.567035 0.518911 0.457025 0.603033 0.453559 0.499226
675000 0.475344 0.424559 0.519742 0.457143 0.557571 0.527302 0.452863 0.623352 0.459441 0.503497
676000 0.471020 0.486891 0.531279 0.427840 0.564441 0.509519 0.475076 0.649454 0.470203 0.525661
677000 0.487118 0.430924 0.509291 0.449704 0.567055 0.492711 0.508000 0.635897 0.448868 0.503063
678000 0.478151 0.413519 0.514679 0.363734 0.569366 0.509728 0.467178 0.590956 0.478528 0.480122
679000 0.476153 0.413727 0.500988 0.428425 0.577944 0.521411 0.472007 0.629758 0.458791 0.500000
680000 0.493987 0.413131 0.508342 0.434955 0.555861 0.548282 0.443414 0.604954 0.447145 0.495112
681000 0.506536 0.434021 0.524444 0.469484 0.599643 0.537092 0.424512 0.583630 0.458165 0.473400
682000 0.445846 0.447818 0.522876 0.512291 0.568520 0.484581 0.478032 0.579295 0.428115 0.497995
683000 0.486334 0.470019 0.516064 0.459032 0.578011 0.481560 0.459393 0.617647 0.452461 0.469093
684000 0.501642 0.467310 0.500473 0.445750 0.572476 0.486387 0.459397 0.589921 0.457259 0.483793
685000 0.490295 0.420145 0.516904 0.470093 0.577655 0.500405 0.433272 0.574570 0.446381 0.525231
686000 0.485347 0.422307 0.518936 0.481210 0.572342 0.499613 0.448639 0.578603 0.436572 0.505982
687000 0.484444 0.447719 0.509151 0.456364 0.600505 0.519847 0.452709 0.584302 0.429545 0.490525
688000 0.489106 0.408767 0.509294 0.468468 0.535902 0.492659 0.443686 0.587192 0.442705 0.536995
689000 0.475460 0.403609 0.536260 0.432710 0.551361 0.492788 0.473950 0.588183 0.457143 0.506202
690000 0.500737 0.443979 0.526761 0.445445 0.580696 0.524200 0.443316 0.569106 0.454967 0.466835
691000 0.488337 0.451613 0.522152 0.453627 0.581262 0.511885 0.447900 0.598147 0.459361 0.502287
692000 0.502052 0.463076 0.500000 0.468105 0.543388 0.512903 0.451282 0.560976 0.437811 0.523305
693000 0.483660 0.453680 0.499461 0.452138 0.602010 0.515102 0.438507 0.582369 0.452830 0.485793
694000 0.488355 0.429088 0.531893 0.443309 0.578689 0.480064 0.483989 0.580100 0.476062 0.544436
695000 0.483108 0.460856 0.523166 0.428988 0.590909 0.479825 0.445249 0.582964 0.451193 0.508258
696000 0.475702 0.469869 0.516463 0.468972 0.554873 0.500826 0.449471 0.619001 0.476858 0.497692
697000 0.481654 0.444867 0.514066 0.479424 0.529672 0.510535 0.482042 0.620991 0.443321 0.503794
698000 0.504821 0.472125 0.455684 0.456349 0.577818 0.518018 0.434075 0.573770 0.445887 0.481878
699000 0.481148 0.447368 0.515491 0.468846 0.545455 0.511965 0.455972 0.572711 0.460988 0.497211
700000 0.507328 0.456008 0.515544 0.482601 0.581463 0.541736 0.476343 0.613122 0.474255 0.505667
701000 0.496768 0.450175 0.528560 0.491772 0.600962 0.542489 0.453005 0.591232 0.447280 0.500000
702000 0.458366 0.391833 0.517606 0.500000 0.569388 0.535778 0.482434 0.554268 0.451415 0.500409
703000 0.476432 0.461126 0.538767 0.497222 0.570450 0.488288 0.440073 0.593381 0.485852 0.505032
704000 0.460648 0.424819 0.564696 0.493249 0.565868 0.530899 0.435048 0.606519 0.463158 0.535746
705000 0.477702 0.441633 0.530669 0.485375 0.581662 0.518371 0.437768 0.587097 0.450362 0.490539
706000 0.489623 0.447500 0.508857 0.494106 0.547578 0.510518 0.426586 0.606635 0.480230 0.523220
707000 0.476080 0.428821 0.507923 0.474108 0.577536 0.492418 0.425458 0.614018 0.456414 0.500418
708000 0.488471 0.453099 0.495560 0.471241 0.538106 0.503552 0.502254 0.627679 0.434125 0.499235
709000 0.478984 0.414124 0.484848 0.484979 0.546296 0.505698 0.479270 0.598448 0.437155 0.491892
710000 0.478339 0.453688 0.467544 0.463492 0.557322 0.490628 0.460570 0.604396 0.428261 0.522496
711000 0.495279 0.419136 0.528497 0.447865 0.581996 0.495102 0.470392 0.588879 0.420946 0.474535
712000 0.487305 0.433032 0.527552 0.481518 0.606667 0.484259 0.488393 0.612100 0.442667 0.475262
713000 0.475629 0.466350 0.508182 0.453901 0.578890 0.494224 0.488329 0.575526 0.470096 0.501241
714000 0.468971 0.466247 0.527257 0.431085 0.543053 0.500000 0.486580 0.591182 0.449633 0.490409
715000 0.504418 0.445724 0.515986 0.438073 0.616226 0.544037 0.463497 0.646694 0.449354 0.473958
716000 0.476589 0.423878 0.532794 0.490099 0.564011 0.493289 0.493530 0.585049 0.436431 0.483816
717000 0.498437 0.453963 0.494968 0.467780 0.576096 0.515125 0.470257 0.590081 0.453370 0.509077
718000 0.480222 0.427337 0.511182 0.466739 0.577594 0.499579 0.472758 0.599153 0.459406 0.488694
719000 0.526396 0.401838 0.487952 0.436416 0.560520 0.510920 0.492819 0.594669 0.450408 0.515649
720000 0.469420 0.453226 0.501887 0.441116 0.569362 0.489080 0.485849 0.603528 0.449393 0.491334
721000 0.463918 0.484901 0.501543 0.485887 0.568159 0.536484 0.485762 0.593536 0.445402 0.509677
722000 0.509969 0.441480 0.507056 0.515812 0.556024 0.486424 0.480892 0.572491 0.462051 0.487298
723000 0.493271 0.456140 0.484192 0.477934 0.571933 0.503333 0.452218 0.589764 0.431944 0.495192
724000 0.476329 0.450337 0.462049 0.489087 0.567663 0.479839 0.459411 0.581118 0.435484 0.503822
725000 0.462342 0.447917 0.535876 0.472024 0.584226 0.493893 0.488610 0.622243 0.457386 0.520259
726000 0.470814 0.441386 0.500000 0.451302 0.580381 0.517498 0.485741 0.634758 0.465605 0.489286
727000 0.474836 0.437374 0.511131 0.456938 0.569554 0.499594 0.516551 0.588945 0.459380 0.467001
728000 0.481250 0.453358 0.532710 0.465042 0.563143 0.481626 0.567269 0.624076 0.441274 0.488470
729000 0.482075 0.420466 0.530472 0.456456 0.567925 0.497091 0.494226 0.588725 0.503541 0.493791
730000 0.478784 0.463682 0.538185 0.460381 0.571148 0.498030 0.494048 0.598039 0.438225 0.497354
731000 0.494182 0.430405 0.511484 0.434100 0.589322 0.517241 0.538153 0.603878 0.458931 0.502861
732000 0.468674 0.443902 0.497268 0.463199 0.560911 0.488105 0.464720 0.623753 0.456891 0.503259
733000 0.481351 0.451197 0.501664 0.469098 0.571429 0.504950 0.523885 0.589064 0.444861 0.473941
734000 0.490071 0.436544 0.495525 0.461914 0.557467 0.486531 0.520036 0.599275 0.455382 0.500808
735000 0.481331 0.421528 0.492155 0.485000 0.585784 0.512058 0.499126 0.604167 0.444444 0.514034
736000 0.515766 0.436585 0.472081 0.501812 0.589134 0.491541 0.489342 0.605578 0.470060 0.491393
737000 0.454090 0.454246 0.454625 0.478564 0.580677 0.525452 0.495666 0.575286 0.463839 0.478681
738000 0.511355 0.436548 0.479708 0.535613 0.606654 0.489695 0.468491 0.578642 0.473126 0.443881
739000 0.493488 0.426613 0.528065 0.475248 0.612053 0.488391 0.462025 0.610961 0.461826 0.490802
740000 0.493893 0.436720 0.515366 0.460618 0.596761 0.487034 0.462020 0.571429 0.467290 0.507112
741000 0.468801 0.436202 0.505014 0.490385 0.613553 0.488163 0.488424 0.608290 0.485670 0.496805
742000 0.512425 0.428431 0.493865 0.504373 0.596704 0.512270 0.502741 0.571281 0.465431 0.458228
743000 0.480060 0.427979 0.526742 0.515264 0.628171 0.477306 0.487692 0.598678 0.476496 0.463542
744000 0.500812 0.411260 0.528906 0.500903 0.612533 0.523349 0.505942 0.607342 0.477974 0.483940
745000 0.508306 0.415493 0.533499 0.510848 0.613412 0.468872 0.471831 0.608053 0.472944 0.471657
746000 0.504710 0.410839 0.507819 0.510456 0.576159 0.482927 0.455505 0.625344 0.454735 0.481033
747000 0.482789 0.425220 0.489051 0.519431 0.597920 0.445652 0.506061 0.615519 0.449864 0.480956
748000 0.501292 0.431034 0.500000 0.477204 0.587199 0.455030 0.510046 0.633437 0.451373 0.507412
749000 0.471280 0.436083 0.480571 0.459662 0.587522 0.466338 0.529412 0.598439 0.492085 0.478612
750000 0.490692 0.404553 0.495964 0.442149 0.591739 0.503125 0.540493 0.613014 0.452843 0.479836
751000 0.517857 0.428571 0.506182 0.524083 0.572111 0.464744 0.537643 0.590435 0.455418 0.478226
752000 0.502837 0.398095 0.531092 0.486457 0.595169 0.499192 0.489344 0.606293 0.460437 0.457887
753000 0.490691 0.433962 0.526900 0.500532 0.628118 0.501190 0.502924 0.600580 0.497839 0.454746
754000 0.474612 0.373756 0.515907 0.528321 0.563071 0.498355 0.527962 0.629665 0.485981 0.483675
755000 0.503597 0.403000 0.513228 0.490946 0.613615 0.501795 0.512216 0.619787 0.484438 0.457101
756000 0.493966 0.420248 0.486726 0.474396 0.614990 0.510797 0.545619 0.606742 0.474981 0.482387
757000 0.496664 0.380515 0.489238 0.473523 0.600173 0.490491 0.555938 0.625641 0.446701 0.499301
758000 0.508844 0.380667 0.474916 0.436453 0.572718 0.519051 0.547660 0.610708 0.453125 0.500754
759000 0.506266 0.412014 0.489540 0.449533 0.574664 0.484644 0.525455 0.618349 0.495056 0.497832
760000 0.478545 0.397047 0.490310 0.444963 0.595863 0.517749 0.540094 0.628906 0.480213 0.487342
761000 0.492003 0.371915 0.480357 0.480734 0.600926 0.472469 0.548463 0.600952 0.488300 0.493223
762000 0.450826 0.357791 0.472414 0.467500 0.564366 0.514493 0.539409 0.599341 0.523425 0.482934
763000 0.460615 0.374019 0.497946 0.441860 0.570217 0.504259 0.551437 0.603229 0.493562 0.497761
764000 0.481356 0.382937 0.487488 0.465649 0.597285 0.494668 0.544037 0.611207 0.460028 0.463415
765000 0.461791 0.401786 0.486179 0.475177 0.570772 0.514003 0.491097 0.620845 0.504183 0.467730
766000 0.498288 0.340848 0.499587 0.436047 0.589922 0.523190 0.499097 0.619539 0.481187 0.512136
767000 0.472546 0.373782 0.499600 0.430807 0.583624 0.477255 0.495283 0.630890 0.479638 0.509773
768000 0.444674 0.368201 0.517611 0.428698 0.599395 0.503954 0.528128 0.616246 0.465306 0.497801
769000 0.477433 0.412924 0.512500 0.460846 0.586850 0.475410 0.494262 0.629213 0.447427 0.504958
770000 0.485474 0.393866 0.484444 0.435354 0.624633 0.463918 0.516807 0.601604 0.488628 0.498929
771000 0.473188 0.376910 0.516360 0.440662 0.575939 0.507105 0.516963 0.617486 0.447578 0.467436
772000 0.489660 0.413236 0.449561 0.462532 0.561798 0.500000 0.522523 0.599138 0.497053 0.490033
773000 0.487322 0.410714 0.490323 0.462857 0.607261 0.518113 0.531008 0.599788 0.474836 0.492390
774000 0.472674 0.384171 0.516732 0.430650 0.597278 0.519573 0.542584 0.572089 0.446259 0.540816
775000 0.467846 0.404826 0.467265 0.467519 0.612245 0.523333 0.499539 0.636856 0.471799 0.507570
776000 0.486378 0.391803 0.509465 0.461461 0.592401 0.464855 0.500428 0.591767 0.439371 0.479199
777000 0.505707 0.365052 0.501195 0.456453 0.573928 0.492024 0.534663 0.574742 0.461298 0.500773
778000 0.475872 0.368103 0.505691 0.487228 0.591779 0.503538 0.546481 0.602294 0.415136 0.514797
779000 0.463614 0.385522 0.474826 0.476190 0.585125 0.467131 0.536458 0.592308 0.463971 0.524118
780000 0.484434 0.381255 0.492401 0.463687 0.587685 0.487575 0.559211 0.583116 0.480405 0.475965
781000 0.465918 0.385522 0.505306 0.498635 0.563107 0.465655 0.541991 0.601735 0.440485 0.461257
782000 0.488178 0.388795 0.487566 0.485333 0.589270 0.500000 0.500418 0.587674 0.450073 0.502857
783000 0.486898 0.404724 0.492607 0.428312 0.603203 0.505469 0.512921 0.607087 0.450035 0.470251
784000 0.496224 0.390176 0.464639 0.488636 0.607522 0.461224 0.517159 0.611549 0.471303 0.483380
785000 0.502120 0.388393 0.527200 0.511013 0.591856 0.482343 0.470916 0.594915 0.475104 0.499625
786000 0.471308 0.374741 0.519438 0.500000 0.558874 0.492129 0.504348 0.525187 0.496998 0.500000
787000 0.477306 0.387522 0.511302 0.470996 0.606762 0.503004 0.508358 0.591034 0.457526 0.507657
788000 0.470159 0.378475 0.511284 0.470169 0.578992 0.538462 0.558453 0.579683 0.460158 0.509220
789000 0.479240 0.383288 0.514682 0.479610 0.583168 0.513962 0.513705 0.552142 0.467236 0.533376
790000 0.491660 0.383168 0.526524 0.470490 0.564632 0.529641 0.516949 0.564330 0.476190 0.511628
791000 0.489104 0.388941 0.479821 0.515707 0.587467 0.538400 0.531614 0.584789 0.456443 0.513761
792000 0.494367 0.370177 0.514220 0.496403 0.580645 0.521497 0.558104 0.570222 0.464142 0.501416
793000 0.482732 0.397897 0.526233 0.457364 0.623092 0.500386 0.571088 0.557749 0.446953 0.530730
794000 0.454545 0.417614 0.496624 0.464131 0.601254 0.489428 0.557063 0.535262 0.462562 0.507576
795000 0.506543 0.376503 0.506860 0.493404 0.610018 0.494523 0.548513 0.566176 0.493443 0.515924
796000 0.484528 0.406977 0.525756 0.518397 0.616114 0.489888 0.567504 0.577028 0.463360 0.524523
797000 0.487766 0.402998 0.487532 0.503604 0.603970 0.511261 0.558799 0.596293 0.459353 0.535714
798000 0.479907 0.440325 0.515379 0.454315 0.584466 0.480816 0.523408 0.537957 0.481965 0.501784
799000 0.464996 0.380998 0.510363 0.527682 0.554652 0.511981 0.491625 0.575987 0.479414 0.502542
800000 0.472296 0.415369 0.530159 0.466609 0.592623 0.544463 0.544068 0.609375 0.476190 0.502920
801000 0.467967 0.401431 0.489011 0.530612 0.591160 0.512642 0.544987 0.568221 0.487389 0.540075
802000 0.487860 0.413008 0.508634 0.495041 0.595516 0.503273 0.567299 0.559836 0.478293 0.513263
803000 0.479584 0.382890 0.506525 0.530364 0.567812 0.535684 0.533435 0.599160 0.470313 0.509929
804000 0.444156 0.400168 0.490146 0.483072 0.590714 0.525862 0.546399 0.584814 0.482115 0.509280
805000 0.484751 0.418140 0.490755 0.493601 0.574391 0.507594 0.514591 0.545599 0.498514 0.492015
806000 0.476225 0.396621 0.511981 0.487270 0.545533 0.489848 0.555556 0.536676 0.497962 0.534717
807000 0.463230 0.386239 0.477977 0.496732 0.569485 0.516074 0.565812 0.592531 0.470954 0.520954
808000 0.463448 0.413738 0.513576 0.515935 0.560724 0.518113 0.544393 0.557904 0.487724 0.507042
809000 0.440736 0.405083 0.488139 0.491512 0.608016 0.501201 0.552588 0.608974 0.483871 0.511161
810000 0.455064 0.391869 0.497161 0.524895 0.592805 0.498858 0.555835 0.574780 0.484226 0.497791
811000 0.480110 0.437875 0.492441 0.495319 0.562329 0.508544 0.547957 0.588184 0.481038 0.504480
812000 0.494334 0.453243 0.469831 0.552651 0.569350 0.523343 0.545455 0.572178 0.441860 0.507842
813000 0.444830 0.404040 0.488294 0.520614 0.580236 0.500387 0.520971 0.570119 0.457822 0.511556
814000 0.503609 0.364975 0.538749 0.497689 0.595556 0.494081 0.545706 0.576244 0.478353 0.515010
815000 0.422963 0.344720 0.491023 0.503202 0.571939 0.526961 0.531019 0.604167 0.457364 0.497211
816000 0.467641 0.405878 0.496880 0.526661 0.580153 0.497028 0.487988 0.584575 0.481280 0.528859
817000 0.430518 0.378903 0.469775 0.497911 0.568868 0.519073 0.507752 0.582636 0.461976 0.506292
818000 0.482156 0.396302 0.507185 0.503690 0.603883 0.486231 0.480451 0.572700 0.502771 0.484632
819000 0.441660 0.405172 0.521704 0.502852 0.587522 0.490894 0.500000 0.604033 0.472574 0.484398
820000 0.452514 0.414286 0.508967 0.522549 0.570652 0.494615 0.510840 0.567544 0.488873 0.511335
821000 0.492340 0.426975 0.525893 0.483124 0.602518 0.487013 0.508112 0.577928 0.453556 0.526114
822000 0.438584 0.415909 0.503219 0.521695 0.567520 0.485802 0.499625 0.561767 0.460104 0.509207
823000 0.462804 0.366013 0.497184 0.520332 0.584030 0.499483 0.524324 0.610400 0.469003 0.509686
824000 0.488424 0.380074 0.502471 0.516474 0.571429 0.485849 0.496063 0.583481 0.483894 0.513439
825000 0.449488 0.380531 0.488278 0.513136 0.567410 0.503289 0.519307 0.612017 0.491639 0.525534
826000 0.458652 0.398164 0.489040 0.519398 0.589580 0.482960 0.537356 0.568712 0.490413 0.548883
827000 0.468820 0.394322 0.525848 0.519470 0.562057 0.477848 0.499595 0.568667 0.485110 0.493315
828000 0.473451 0.382377 0.497608 0.489971 0.582656 0.510187 0.517992 0.593069 0.504367 0.535817
829000 0.468481 0.392829 0.494633 0.537111 0.576015 0.471311 0.509091 0.577398 0.469359 0.509042
830000 0.451729 0.376869 0.470113 0.517647 0.576500 0.507705 0.534527 0.572187 0.499669 0.519205
831000 0.464955 0.366826 0.508099 0.482669 0.577320 0.476449 0.502103 0.587203 0.465887 0.518021
832000 0.458594 0.365835 0.502742 0.493354 0.590950 0.472222 0.516026 0.581597 0.496256 0.460029
833000 0.471988 0.391304 0.491790 0.487689 0.565714 0.500000 0.511111 0.591031 0.477735 0.505287
834000 0.467695 0.398198 0.509638 0.492599 0.565368 0.488588 0.529361 0.591987 0.476125 0.529703
835000 0.462895 0.414873 0.495694 0.484502 0.588576 0.488136 0.535590 0.571429 0.478290 0.496860
836000 0.455585 0.412544 0.524381 0.490211 0.607667 0.455672 0.566225 0.600000 0.498615 0.524075
837000 0.428571 0.399516 0.474897 0.501207 0.564103 0.482871 0.526021 0.590030 0.497525 0.506355
838000 0.430721 0.394958 0.505400 0.516264 0.578431 0.484609 0.495781 0.577679 0.514503 0.523749
839000 0.454243 0.404545 0.520537 0.482574 0.542406 0.434333 0.495387 0.576015 0.516955 0.527480
840000 0.445063 0.423108 0.509333 0.466788 0.597222 0.457042 0.507925 0.592760 0.515060 0.538565
841000 0.471441 0.430025 0.523292 0.487222 0.586066 0.453311 0.518463 0.608974 0.538939 0.518465
842000 0.449528 0.386344 0.537845 0.512674 0.572683 0.461039 0.530229 0.562669 0.502941 0.500635
843000 0.467802 0.421459 0.519932 0.487220 0.546820 0.491018 0.515604 0.567308 0.555860 0.522541
844000 0.459596 0.391687 0.516905 0.507098 0.583093 0.502315 0.502778 0.537872 0.492029 0.490885
845000 0.472535 0.402921 0.510816 0.501274 0.561523 0.491749 0.523198 0.560484 0.484472 0.521555
846000 0.456507 0.360568 0.511727 0.501610 0.563017 0.481611 0.537989 0.600362 0.532781 0.495159
847000 0.451178 0.395390 0.507825 0.520883 0.548472 0.516214 0.495488 0.579208 0.482130 0.483333
848000 0.440326 0.390263 0.508708 0.519449 0.572737 0.517098 0.528854 0.572327 0.518544 0.514738
849000 0.459161 0.384921 0.470497 0.519202 0.539942 0.491272 0.518669 0.575546 0.505556 0.486080
850000 0.430799 0.358696 0.496593 0.522586 0.579055 0.510886 0.517709 0.590654 0.508150 0.469118
851000 0.449461 0.404067 0.482203 0.515333 0.586556 0.506107 0.489313 0.567237 0.519101 0.509321
852000 0.463001 0.363567 0.508744 0.514434 0.624007 0.504769 0.500344 0.574702 0.505170 0.501762
853000 0.453115 0.381320 0.481023 0.538655 0.587556 0.458265 0.493171 0.602410 0.483382 0.496983
854000 0.479491 0.378467 0.507806 0.526718 0.593368 0.500425 0.504566 0.580952 0.490336 0.517832
855000 0.442657 0.370593 0.506678 0.519176 0.582685 0.507897 0.552988 0.578378 0.502542 0.501460
856000 0.458486 0.417763 0.503931 0.506860 0.577756 0.501995 0.515798 0.605010 0.521253 0.512978
857000 0.470464 0.378650 0.493600 0.545455 0.584189 0.498339 0.552561 0.575931 0.503687 0.496057
858000 0.474981 0.360418 0.482255 0.526030 0.618557 0.494949 0.539002 0.614931 0.519615 0.513680
859000 0.439351 0.371107 0.512306 0.485149 0.604364 0.489567 0.523404 0.591973 0.485884 0.516293
860000 0.456799 0.380137 0.500767 0.519048 0.615665 0.470681 0.503925 0.577160 0.495307 0.494845
861000 0.438897 0.358713 0.513705 0.499261 0.582240 0.508361 0.547234 0.575481 0.520343 0.479014
862000 0.462569 0.373214 0.524379 0.486971 0.580794 0.499239 0.525159 0.580952 0.531425 0.507704
863000 0.417453 0.366135 0.518519 0.533717 0.569012 0.506547 0.540359 0.601047 0.509181 0.518195
864000 0.450042 0.379504 0.513296 0.498124 0.582253 0.522414 0.518519 0.598592 0.521580 0.531165
865000 0.425163 0.376696 0.485540 0.544358 0.580296 0.513050 0.533636 0.583491 0.509420 0.531803
866000 0.453788 0.350554 0.485202 0.518669 0.617593 0.518341 0.542345 0.566278 0.480065 0.520144
867000 0.448096 0.405956 0.476949 0.507719 0.581974 0.508503 0.500427 0.571429 0.506594 0.493708
868000 0.461252 0.398394 0.493259 0.533662 0.567854 0.505164 0.536852 0.588577 0.522690 0.510623
869000 0.442899 0.370466 0.505556 0.554878 0.642105 0.463241 0.520140 0.577954 0.510765 0.497866
870000 0.431941 0.364742 0.488432 0.527170 0.584270 0.519563 0.526711 0.584848 0.514493 0.517458
871000 0.447811 0.369775 0.498184 0.537752 0.604255 0.505717 0.531570 0.560952 0.517409 0.527407
872000 0.440642 0.388208 0.497809 0.530864 0.629153 0.553174 0.519608 0.607692 0.497297 0.521524
873000 0.464465 0.360681 0.485690 0.520850 0.595004 0.517564 0.519258 0.573582 0.508991 0.500379
874000 0.446175 0.338148 0.504327 0.529461 0.577739 0.510407 0.506484 0.579650 0.499203 0.497143
875000 0.452756 0.387019 0.481276 0.487698 0.588940 0.477978 0.519679 0.586356 0.477769 0.523608
876000 0.445418 0.395690 0.474097 0.526003 0.583101 0.496938 0.512663 0.590702 0.472287 0.483453
877000 0.431327 0.385502 0.493045 0.487198 0.612086 0.525000 0.499667 0.558325 0.494868 0.508640
878000 0.436548 0.394408 0.491361 0.464062 0.602030 0.503565 0.518952 0.599799 0.528561 0.515909
879000 0.426230 0.397118 0.485390 0.484502 0.576375 0.504959 0.523392 0.569801 0.510638 0.514167
880000 0.427451 0.371804 0.534864 0.467882 0.578093 0.487076 0.536484 0.644099 0.514079 0.494781
881000 0.446494 0.386100 0.487099 0.452124 0.626186 0.487521 0.555046 0.641674 0.523887 0.509986
882000 0.443209 0.402439 0.498536 0.493776 0.580273 0.498510 0.538405 0.642478 0.541167 0.491391
883000 0.442953 0.407462 0.500000 0.454386 0.607315 0.506051 0.521769 0.638655 0.547522 0.535854
884000 0.434231 0.391654 0.518082 0.473142 0.629442 0.537279 0.519827 0.561694 0.542768 0.515132
885000 0.459908 0.397230 0.546599 0.510539 0.661064 0.514427 0.503072 0.588500 0.539263 0.488340
886000 0.482540 0.411043 0.487857 0.490163 0.649852 0.493528 0.528439 0.594355 0.496568 0.500000
887000 0.449889 0.376654 0.518047 0.453333 0.669811 0.498030 0.533428 0.556809 0.509728 0.492044
888000 0.478292 0.375099 0.493188 0.509091 0.613031 0.531226 0.511845 0.596788 0.507407 0.476467
889000 0.426301 0.373169 0.484730 0.512365 0.668813 0.505997 0.522355 0.631092 0.536164 0.488688
890000 0.457353 0.409302 0.509565 0.460081 0.665763 0.500792 0.526858 0.563091 0.520109 0.497253
891000 0.472031 0.389286 0.511914 0.488502 0.657561 0.500000 0.546699 0.572156 0.492182 0.495010
892000 0.446646 0.385124 0.508798 0.467159 0.622744 0.505788 0.510313 0.607858 0.512354 0.501606
893000 0.436923 0.378330 0.487784 0.477840 0.625357 0.526770 0.507486 0.601674 0.560333 0.494810
894000 0.443800 0.369668 0.509406 0.450627 0.633838 0.504545 0.502283 0.628993 0.538162 0.499661
895000 0.440813 0.389664 0.507937 0.478476 0.636610 0.504918 0.476562 0.608409 0.519888 0.500354
896000 0.431301 0.379340 0.517267 0.480159 0.684211 0.492832 0.478070 0.602671 0.505308 0.512556
897000 0.464314 0.412778 0.535080 0.513514 0.635849 0.509950 0.532617 0.625762 0.515914 0.512212
898000 0.444280 0.400772 0.507192 0.476575 0.638060 0.504918 0.509818 0.595703 0.490952 0.484404
899000 0.451256 0.362229 0.518236 0.445225 0.639113 0.490581 0.509848 0.613913 0.486231 0.522956
900000 0.454125 0.392885 0.515173 0.458270 0.650704 0.495805 0.479914 0.571429 0.518627 0.498672
901000 0.452986 0.391785 0.501016 0.452083 0.675726 0.504160 0.467474 0.600000 0.511278 0.492792
902000 0.430936 0.400508 0.488155 0.481948 0.638200 0.507486 0.476361 0.624406 0.517504 0.519456
903000 0.445030 0.371007 0.502690 0.457516 0.602649 0.490446 0.531183 0.613535 0.527977 0.489769
904000 0.450923 0.391497 0.500378 0.447368 0.617195 0.480120 0.482684 0.640000 0.531682 0.509955
905000 0.425750 0.399332 0.509228 0.463457 0.618779 0.490962 0.453301 0.631193 0.563510 0.510166
906000 0.451724 0.379562 0.497724 0.455467 0.595427 0.464919 0.476753 0.623923 0.563174 0.500339
907000 0.436421 0.378626 0.501443 0.455047 0.617384 0.494760 0.494421 0.587121 0.532213 0.491975
908000 0.442793 0.380000 0.499653 0.459483 0.633535 0.485876 0.486706 0.589601 0.530855 0.507042
909000 0.468819 0.366972 0.519747 0.463733 0.587060 0.498489 0.473214 0.619718 0.542449 0.496965
910000 0.448096 0.377115 0.497758 0.467213 0.590558 0.535469 0.466127 0.593326 0.540456 0.495911
911000 0.453912 0.370096 0.486175 0.498433 0.594502 0.510801 0.477097 0.613701 0.508410 0.523774
912000 0.445623 0.338793 0.501570 0.487395 0.602740 0.513208 0.460926 0.646660 0.557198 0.512094
913000 0.426136 0.386005 0.506757 0.472060 0.584646 0.522825 0.483457 0.597755 0.510189 0.498521
914000 0.442949 0.390728 0.500794 0.478577 0.604263 0.498893 0.509487 0.615308 0.507474 0.528727
915000 0.438683 0.387363 0.487351 0.493985 0.598058 0.500800 0.498638 0.602808 0.524011 0.513820
916000 0.445783 0.419637 0.503486 0.484398 0.577564 0.535714 0.515512 0.593284 0.526012 0.501777
917000 0.457554 0.410384 0.508550 0.487376 0.586397 0.512962 0.483070 0.637266 0.499658 0.503251
918000 0.469208 0.382421 0.493620 0.494186 0.582255 0.509992 0.495405 0.670000 0.518781 0.513842
919000 0.472686 0.391404 0.488253 0.492690 0.574648 0.533808 0.495295 0.635676 0.488905 0.538676
920000 0.452998 0.387944 0.501943 0.520538 0.577320 0.523959 0.518462 0.623016 0.558962 0.539177
921000 0.443001 0.392670 0.517905 0.485496 0.592083 0.526512 0.494796 0.608496 0.534125 0.517844
922000 0.446868 0.402250 0.552756 0.512730 0.559524 0.503620 0.495378 0.614953 0.499635 0.497554
923000 0.419228 0.416667 0.493280 0.495720 0.586957 0.505797 0.464744 0.625756 0.516829 0.508902
924000 0.446343 0.384086 0.474428 0.507606 0.578638 0.504651 0.467325 0.596230 0.523460 0.518035
925000 0.461754 0.402974 0.497902 0.513603 0.564674 0.527513 0.492170 0.604086 0.523054 0.491513
926000 0.435578 0.382398 0.501541 0.536547 0.600360 0.501164 0.495079 0.615540 0.509012 0.487234
927000 0.472803 0.380145 0.497823 0.506944 0.560112 0.494471 0.483474 0.613445 0.520879 0.479139
928000 0.448576 0.373111 0.474341 0.464696 0.586486 0.511887 0.501928 0.603321 0.525694 0.526560
929000 0.456745 0.424242 0.473613 0.505368 0.585944 0.508880 0.486842 0.597208 0.544739 0.487578
930000 0.447257 0.381435 0.495681 0.478499 0.639616 0.495503 0.473534 0.590775 0.499608 0.504111
931000 0.467001 0.407895 0.488183 0.503189 0.609302 0.503017 0.459004 0.633075 0.524188 0.494756
932000 0.457184 0.390575 0.501969 0.467718 0.580844 0.506126 0.461194 0.596189 0.516243 0.483070
933000 0.463027 0.393110 0.515579 0.492347 0.582465 0.483196 0.473071 0.592666 0.504862 0.490015
934000 0.445880 0.368960 0.485294 0.511129 0.597309 0.509181 0.518380 0.634091 0.535451 0.519761
935000 0.441374 0.376857 0.495994 0.496779 0.586847 0.512687 0.535221 0.635375 0.483871 0.494986
936000 0.473144 0.356061 0.467949 0.476398 0.587575 0.500000 0.524320 0.600180 0.474265 0.495019
937000 0.466148 0.353312 0.487374 0.502737 0.594419 0.513816 0.516608 0.596789 0.498859 0.486422
938000 0.443009 0.386709 0.518978 0.497378 0.601093 0.508462 0.509116 0.616622 0.488918 0.483345
939000 0.449446 0.386897 0.495370 0.482554 0.611399 0.460082 0.512605 0.581481 0.510130 0.494147
940000 0.454360 0.375200 0.496525 0.497748 0.585281 0.502408 0.488012 0.608266 0.492254 0.504593
941000 0.456022 0.382203 0.498926 0.498308 0.581255 0.466861 0.487909 0.611693 0.521803 0.509380
942000 0.444364 0.413636 0.516870 0.522575 0.605634 0.489600 0.498387 0.623872 0.485670 0.508186
943000 0.479718 0.387801 0.506164 0.534191 0.584369 0.521140 0.489655 0.627273 0.497754 0.501068
944000 0.462030 0.397168 0.478541 0.516923 0.578269 0.521277 0.503888 0.661235 0.485557 0.500365
945000 0.439742 0.400000 0.523320 0.515356 0.568807 0.482706 0.465134 0.653589 0.542584 0.510450
946000 0.432028 0.386005 0.502907 0.481315 0.574413 0.503785 0.478998 0.630278 0.492419 0.479038
947000 0.455677 0.388687 0.503709 0.541406 0.589638 0.527799 0.497080 0.635214 0.532092 0.504430
948000 0.453005 0.415712 0.495617 0.489235 0.601818 0.501823 0.472406 0.617902 0.532305 0.513250
949000 0.440741 0.407297 0.503689 0.495861 0.608893 0.522838 0.496269 0.582788 0.531609 0.518493
950000 0.443028 0.420268 0.491503 0.509881 0.569099 0.496052 0.469357 0.657895 0.536222 0.510901
951000 0.435459 0.409471 0.506303 0.510204 0.569721 0.476116 0.465100 0.595074 0.518038 0.537302
952000 0.422658 0.392099 0.502251 0.550000 0.590461 0.523024 0.485264 0.596425 0.534459 0.527536
953000 0.440876 0.411721 0.500000 0.526809 0.571992 0.500000 0.465082 0.587117 0.499665 0.493724
954000 0.447119 0.416602 0.491275 0.501933 0.585945 0.513357 0.474540 0.582046 0.520615 0.493371
955000 0.463904 0.371933 0.483617 0.513844 0.600952 0.508315 0.475857 0.626642 0.512158 0.503234
956000 0.471208 0.409920 0.481453 0.512461 0.576889 0.508173 0.443804 0.585714 0.493526 0.500000
957000 0.463624 0.412686 0.484169 0.527337 0.609467 0.511862 0.490405 0.610951 0.479250 0.503770
958000 0.459041 0.387124 0.485714 0.500000 0.610357 0.507496 0.467577 0.590559 0.503963 0.482432
959000 0.439373 0.411179 0.511521 0.545597 0.634398 0.497959 0.491736 0.613787 0.505973 0.492214
960000 0.448042 0.406562 0.525375 0.507736 0.603843 0.481424 0.468521 0.622754 0.518194 0.517190
961000 0.440285 0.407461 0.501018 0.522565 0.598485 0.512801 0.471831 0.584746 0.494838 0.467572
962000 0.453053 0.423477 0.507959 0.499640 0.628391 0.497405 0.494852 0.599194 0.514264 0.526012
963000 0.437453 0.387438 0.509818 0.506066 0.578578 0.511737 0.514463 0.619929 0.510511 0.518494
964000 0.443485 0.385070 0.522694 0.519937 0.613843 0.524849 0.492006 0.595845 0.526279 0.493976
965000 0.469099 0.424138 0.506608 0.514210 0.620753 0.532225 0.499282 0.605410 0.491161 0.485248
966000 0.451613 0.430956 0.519972 0.526050 0.627993 0.528289 0.467486 0.608569 0.503254 0.482959
967000 0.455502 0.369565 0.523605 0.493947 0.664585 0.533333 0.497374 0.598935 0.492019 0.489258
968000 0.450863 0.362825 0.512397 0.476680 0.591443 0.488527 0.493121 0.593607 0.541467 0.530708
969000 0.442661 0.410936 0.500739 0.511052 0.632447 0.496355 0.471014 0.586510 0.556495 0.483448
970000 0.454682 0.390405 0.496612 0.479669 0.626617 0.503326 0.480029 0.619243 0.514789 0.493570
971000 0.452104 0.388717 0.483164 0.535746 0.652712 0.508070 0.462530 0.624660 0.488473 0.491010
972000 0.463792 0.397959 0.490692 0.511974 0.594303 0.522727 0.466877 0.570780 0.495779 0.508344
973000 0.466899 0.399545 0.487199 0.526892 0.594495 0.492863 0.482198 0.601860 0.510189 0.516933
974000 0.443592 0.379038 0.494505 0.509693 0.621596 0.503231 0.448163 0.618432 0.511643 0.486163
975000 0.458304 0.389318 0.477833 0.505106 0.633943 0.533594 0.462116 0.603521 0.457124 0.507202
976000 0.449735 0.405446 0.493498 0.491681 0.671221 0.518923 0.473883 0.601358 0.505216 0.486544
977000 0.464177 0.384455 0.518124 0.484140 0.640468 0.479920 0.472000 0.557883 0.513248 0.525828
978000 0.500707 0.393805 0.501191 0.502741 0.659427 0.506784 0.476649 0.565817 0.531792 0.492881
979000 0.454275 0.401053 0.490046 0.544809 0.620072 0.501982 0.460127 0.566825 0.522792 0.495125
980000 0.465712 0.396859 0.518163 0.516892 0.649018 0.475652 0.485981 0.568278 0.530749 0.479180
981000 0.485502 0.392465 0.475163 0.536950 0.597173 0.522727 0.452815 0.570198 0.542878 0.503915
982000 0.435108 0.391496 0.472727 0.496361 0.646296 0.489969 0.458934 0.599837 0.546828 0.506182
983000 0.462861 0.400151 0.522961 0.437700 0.658558 0.488987 0.486842 0.577320 0.520124 0.477733
984000 0.459706 0.385130 0.535076 0.523581 0.682156 0.503376 0.482219 0.581443 0.516997 0.490257
985000 0.452399 0.378776 0.537941 0.498635 0.677708 0.511327 0.437121 0.558608 0.538868 0.483416
986000 0.462642 0.367680 0.487681 0.476948 0.651304 0.500000 0.448747 0.576340 0.541149 0.509326
987000 0.474697 0.359050 0.518596 0.468135 0.605241 0.489256 0.446856 0.567001 0.531034 0.512057
988000 0.472202 0.380952 0.498228 0.498494 0.621670 0.481481 0.435262 0.589833 0.498925 0.511529
989000 0.479398 0.413793 0.461801 0.464101 0.611954 0.518236 0.443472 0.563586 0.535714 0.479263
990000 0.459436 0.366798 0.506289 0.523581 0.631931 0.517991 0.475299 0.623830 0.506657 0.523116
991000 0.446003 0.417151 0.506273 0.500726 0.641540 0.497899 0.474379 0.562551 0.500000 0.495836
992000 0.443808 0.377138 0.502140 0.478895 0.662397 0.489171 0.480368 0.606557 0.523392 0.505058
993000 0.469468 0.399855 0.482630 0.474265 0.649958 0.515668 0.460158 0.590150 0.534985 0.485839
994000 0.443764 0.384311 0.501374 0.494427 0.664975 0.494577 0.475771 0.609756 0.505721 0.479263
995000 0.469173 0.386748 0.502786 0.456958 0.635325 0.500970 0.471766 0.600334 0.520784 0.491439
996000 0.474422 0.392530 0.496017 0.475241 0.623138 0.524745 0.463127 0.598958 0.506015 0.498630
997000 0.455185 0.368270 0.513219 0.497717 0.616580 0.525719 0.466073 0.587315 0.521303 0.508532
998000 0.462934 0.419305 0.533643 0.478130 0.616230 0.504035 0.470855 0.596787 0.489412 0.494036
999000 0.460236 0.358582 0.477840 0.466216 0.621972 0.498567 0.464608 0.577023 0.512695 0.519805 
