0	14	11	13	9	10	11	10	12	23	22	0	8	10	10	7	15	19	12	16	17	10
1000	5	7	6	0	5	0	3	2	6	4	1000	4	3	5	6	2	1	6	1	8	8
2000	1	5	7	4	8	2	4	2	2	12	2000	2	7	0	7	8	5	1	0	2	5
3000	1	1	4	2	3	1	2	0	0	1	3000	2	2	7	6	3	2	0	1	0	4
4000	0	2	4	5	4	2	3	8	2	4	4000	0	5	13	3	5	1	4	3	5	1
5000	1	8	6	1	4	0	0	7	0	4	5000	2	2	8	1	9	0	1	7	2	4
6000	0	6	1	14	8	1	4	0	3	4	6000	0	4	2	11	9	1	0	1	0	1
7000	0	2	3	2	4	2	5	2	3	6	7000	3	2	0	6	5	2	9	1	9	2
8000	2	5	0	6	15	2	13	2	2	3	8000	4	8	5	12	7	3	24	3	4	3
9000	1	3	3	0	0	9	13	1	2	11	9000	13	3	3	1	2	11	17	1	4	4
10000	2	8	11	0	14	5	4	0	17	5	10000	9	6	18	0	16	12	10	0	9	1
11000	0	12	13	1	3	7	1	1	22	6	11000	6	19	3	2	2	16	4	1	5	8
12000	2	17	9	0	14	2	4	10	3	3	12000	2	17	4	1	5	15	3	5	11	8
13000	1	11	5	7	13	5	4	2	3	2	13000	1	7	6	4	13	14	4	1	3	3
14000	0	3	0	13	11	6	10	3	1	25	14000	0	4	3	4	16	5	6	7	1	27
15000	0	4	1	2	21	21	1	6	9	10	15000	2	13	0	10	25	29	0	5	5	17
16000	1	11	0	1	20	13	0	10	2	1	16000	0	4	0	11	29	43	0	2	2	6
17000	0	14	0	6	23	15	0	10	11	5	17000	8	9	0	16	31	26	1	1	4	10
18000	3	4	6	2	10	15	0	12	8	1	18000	4	6	1	7	13	30	1	9	3	7
19000	0	12	10	5	9	28	4	14	12	7	19000	3	14	2	16	10	34	1	9	0	6
20000	1	24	2	10	6	9	4	11	7	4	20000	0	14	3	26	1	12	6	9	3	3
21000	2	19	1	21	6	12	1	9	15	19	21000	7	11	0	33	3	21	2	4	9	10
22000	0	22	0	14	5	8	0	25	16	19	22000	2	22	0	21	5	8	0	18	3	18
23000	4	25	5	20	12	9	1	20	18	14	23000	16	12	9	29	13	7	0	3	5	14
24000	4	17	2	28	25	9	6	23	40	11	24000	33	21	3	48	31	10	10	16	17	15
25000	2	11	3	15	18	18	6	12	33	10	25000	20	20	13	17	23	31	8	11	16	24
26000	4	27	16	7	10	8	4	16	57	1	26000	13	16	15	11	15	11	14	1	26	6
27000	2	20	5	12	2	18	1	25	52	4	27000	6	25	6	10	5	14	4	17	38	5
28000	2	57	9	23	8	21	3	17	72	11	28000	2	42	5	33	3	23	1	4	25	12
29000	0	9	12	15	8	3	2	22	60	14	29000	1	7	1	41	4	8	2	16	24	18
30000	1	20	10	16	2	5	5	6	73	10	30000	3	18	0	24	5	7	2	3	47	14
31000	2	6	9	23	5	9	10	16	119	29	31000	6	19	6	35	4	9	2	7	47	28
32000	1	7	7	31	3	21	21	21	144	12	32000	4	7	13	39	6	8	7	10	55	20
33000	4	15	16	23	15	40	10	40	138	24	33000	0	8	3	35	6	31	4	28	55	40
34000	2	8	11	3	5	17	17	23	112	22	34000	0	5	2	28	4	6	4	12	58	36
35000	3	5	11	14	5	5	32	47	133	16	35000	19	2	3	13	7	16	7	17	57	21
36000	7	7	2	12	8	21	74	25	180	17	36000	15	3	3	18	3	12	13	19	86	8
37000	5	26	4	11	7	30	36	22	254	3	37000	12	26	5	19	4	18	4	14	95	8
38000	2	12	0	17	17	6	20	27	182	2	38000	16	13	1	28	20	7	7	25	120	3
39000	0	42	6	28	13	9	7	22	201	14	39000	0	33	6	53	20	3	5	23	89	8
40000	3	55	4	16	19	4	15	30	221	4	40000	5	33	25	17	12	15	6	10	108	4
41000	1	11	11	30	7	36	22	22	198	3	41000	12	9	29	27	1	26	17	17	102	6
42000	4	23	7	29	9	21	6	20	206	6	42000	15	5	10	35	10	29	3	9	93	6
43000	3	18	7	19	4	20	4	38	226	13	43000	21	28	14	24	6	31	4	11	97	18
44000	6	24	7	18	8	8	12	29	249	34	44000	29	28	7	23	5	22	0	16	88	37
45000	2	15	2	45	2	6	18	40	198	11	45000	26	16	9	35	5	11	4	11	92	7
46000	4	8	6	33	5	22	28	21	179	11	46000	14	8	12	46	7	22	13	10	67	1
47000	3	18	5	29	4	20	19	40	175	16	47000	13	8	20	48	6	26	18	13	77	11
48000	8	23	10	67	3	15	52	67	182	3	48000	10	18	21	64	8	16	25	17	63	5
49000	2	59	4	43	1	14	25	42	151	10	49000	6	40	7	43	3	13	13	10	79	10
50000	3	33	10	70	3	24	35	33	228	10	50000	42	35	26	82	6	41	11	19	99	15
51000	7	56	14	27	7	17	19	32	213	11	51000	23	39	23	20	5	46	10	18	79	13
52000	2	73	7	36	6	8	50	46	242	12	52000	4	22	3	49	6	10	25	19	104	19
53000	5	54	2	44	10	17	24	41	245	44	53000	47	35	4	53	10	25	22	26	93	42
54000	7	49	2	37	27	24	30	32	190	40	54000	29	33	3	26	33	18	14	20	70	48
55000	5	18	6	35	17	16	77	43	247	49	55000	50	19	0	58	12	26	28	27	109	70
56000	11	21	18	50	5	10	90	55	258	36	56000	91	9	4	68	4	33	28	33	102	68
57000	4	12	14	48	11	20	39	71	294	58	57000	37	17	8	80	5	26	14	46	128	65
58000	7	27	17	59	8	24	37	71	234	40	58000	24	20	19	80	9	21	21	42	84	43
59000	7	24	12	37	6	6	61	64	285	28	59000	18	17	40	56	5	7	23	27	131	46
60000	9	48	4	54	2	11	39	74	346	14	60000	27	26	11	69	1	6	22	23	146	19
61000	8	29	13	57	6	8	43	58	290	25	61000	14	28	9	61	10	9	45	49	139	8
62000	8	28	13	47	10	4	45	76	300	47	62000	35	12	12	59	10	6	41	62	159	31
63000	7	20	10	45	14	11	77	64	270	34	63000	40	6	46	67	22	19	42	49	147	50
64000	13	42	6	49	18	14	39	64	317	35	64000	60	24	7	77	16	24	22	47	180	47
65000	10	17	5	80	3	11	41	62	257	39	65000	77	24	5	145	3	25	32	53	145	61
66000	3	12	18	77	4	7	36	96	259	42	66000	76	9	15	127	10	20	27	71	147	31
67000	6	39	25	46	5	15	64	79	220	43	67000	70	11	28	86	7	13	31	55	144	46
68000	5	38	17	55	5	18	66	54	239	45	68000	69	27	24	79	3	30	41	35	160	59
69000	5	70	26	44	5	22	63	68	329	45	69000	85	25	13	90	4	25	42	64	194	65
70000	10	66	16	59	6	10	62	64	332	28	70000	93	35	16	87	3	18	39	60	207	41
71000	5	17	18	47	15	19	60	24	275	33	71000	57	14	11	70	12	31	56	34	150	34
72000	8	26	14	59	9	14	82	61	270	25	72000	116	16	23	89	5	20	46	65	168	34
73000	10	21	44	52	11	11	58	68	321	21	73000	126	21	36	85	7	12	72	64	216	29
74000	23	32	40	52	15	35	118	75	318	36	74000	126	13	50	69	15	31	82	67	181	31
75000	26	37	35	72	15	25	91	55	337	32	75000	124	30	47	122	16	22	78	76	212	45
76000	13	46	36	74	6	28	139	75	323	23	76000	134	37	38	108	8	21	102	65	164	40
77000	8	22	31	98	19	19	116	56	313	46	77000	104	19	40	83	12	25	101	83	190	50
78000	27	32	53	91	9	14	124	43	305	60	78000	123	15	50	159	7	31	76	44	163	54
79000	21	105	49	145	19	11	107	66	343	53	79000	191	45	63	139	6	25	64	52	218	63
80000	15	140	13	86	24	41	120	62	324	62	80000	185	74	28	120	24	52	70	37	186	69
81000	18	137	22	122	10	19	118	72	376	24	81000	218	54	45	157	5	25	68	68	204	22
82000	17	128	37	134	18	11	92	62	428	29	82000	173	52	42	191	9	32	55	93	265	30
83000	18	78	34	108	13	15	83	70	350	27	83000	154	43	35	195	13	25	49	73	184	42
84000	15	64	67	130	12	27	106	62	348	48	84000	114	17	55	135	11	40	54	64	209	51
85000	21	57	58	155	7	22	140	51	328	85	85000	133	26	58	217	8	24	100	69	146	88
86000	14	53	46	130	9	46	97	40	319	51	86000	81	16	76	218	7	66	68	73	168	52
87000	15	66	57	179	5	25	104	47	360	61	87000	66	38	70	217	14	31	63	67	231	86
88000	26	124	26	155	8	32	100	57	301	58	88000	130	55	51	228	8	40	69	79	215	69
89000	13	76	43	117	10	14	120	80	300	55	89000	116	29	43	140	8	21	77	74	206	83
90000	20	95	38	145	13	28	166	121	265	51	90000	194	54	47	206	20	23	85	76	207	31
91000	26	154	19	175	4	26	123	124	382	52	91000	129	68	57	221	12	19	86	98	261	52
92000	27	125	40	200	2	11	137	96	444	60	92000	144	38	76	289	2	23	73	82	243	71
93000	27	101	87	139	15	18	100	106	331	56	93000	116	39	105	173	19	18	79	100	232	99
94000	18	70	94	208	6	16	163	84	370	54	94000	144	29	80	276	9	11	83	81	206	65
95000	15	81	78	186	16	11	153	102	406	82	95000	142	31	96	248	11	18	80	78	265	87
96000	22	81	89	181	1	12	110	100	375	55	96000	123	29	76	213	2	21	82	75	292	76
97000	13	137	94	186	3	21	109	84	374	57	97000	170	54	60	246	1	21	88	63	341	95
98000	17	95	70	280	11	50	69	87	284	75	98000	118	54	93	346	9	48	72	98	246	68
99000	27	108	45	246	4	41	71	120	310	65	99000	217	53	68	290	3	67	57	105	200	70
100000	25	144	32	263	16	28	124	143	313	77	100000	147	67	42	275	18	33	69	82	237	95
101000	20	76	57	179	21	34	135	134	230	85	101000	160	62	67	225	18	36	91	81	188	73
102000	20	55	40	180	16	26	117	138	225	52	102000	181	36	30	271	9	27	79	69	216	60
103000	37	108	78	246	22	70	72	159	249	74	103000	262	49	93	309	9	89	48	115	202	62
104000	30	100	84	200	6	57	115	123	205	75	104000	233	50	107	238	6	61	79	115	156	94
105000	34	74	94	213	15	36	133	187	277	67	105000	230	39	113	252	30	36	61	100	217	74
106000	31	85	112	282	18	18	155	205	262	48	106000	171	47	109	325	23	61	96	128	241	61
107000	32	65	87	197	10	56	136	191	298	44	107000	254	50	109	304	17	93	89	136	281	58
108000	31	122	106	223	23	64	149	204	370	53	108000	206	56	98	297	25	117	100	133	292	60
109000	35	143	119	206	20	52	184	171	318	89	109000	289	74	91	230	11	75	85	126	306	99
110000	42	156	74	185	7	73	189	149	335	113	110000	218	59	50	249	6	103	105	136	318	150
111000	47	134	80	189	11	66	158	142	291	94	111000	281	61	83	255	9	79	79	118	258	83
112000	25	168	123	175	6	43	127	131	311	80	112000	212	85	112	228	7	55	72	118	292	63
113000	40	186	156	240	11	50	198	182	302	103	113000	233	73	124	284	12	62	93	117	299	82
114000	62	199	124	253	2	82	165	210	316	70	114000	209	91	58	382	11	88	90	134	295	94
115000	38	211	159	247	10	110	191	170	304	98	115000	259	109	110	311	13	162	81	99	280	129
116000	51	167	122	219	5	138	173	206	329	133	116000	234	48	120	274	8	139	76	114	293	119
117000	54	171	162	209	9	126	183	184	327	135	117000	287	90	130	279	5	186	84	166	303	150
118000	55	163	127	201	9	156	182	179	334	83	118000	231	90	88	275	2	184	74	143	274	88
119000	66	198	174	208	2	152	180	207	373	68	119000	239	75	159	275	0	192	86	134	271	94
120000	56	231	121	214	8	110	137	205	422	98	120000	269	95	133	256	5	165	61	134	317	78
121000	65	285	123	212	6	132	159	205	376	121	121000	348	117	127	252	4	189	64	129	282	111
122000	65	254	151	207	7	166	175	193	364	170	122000	254	163	122	270	0	229	79	153	271	215
123000	90	313	122	188	2	124	151	199	323	151	123000	288	141	121	228	6	169	64	115	252	197
124000	47	248	107	316	1	97	185	154	349	131	124000	295	100	97	312	7	174	107	114	285	118
125000	60	240	134	294	3	130	163	169	421	136	125000	251	107	117	247	3	175	117	116	268	166
126000	62	295	139	218	4	202	245	178	341	186	126000	232	150	159	278	4	238	122	140	292	185
127000	76	290	135	214	6	192	297	249	408	137	127000	345	156	124	213	11	212	135	186	315	212
128000	74	313	114	228	4	154	319	217	281	158	128000	289	141	128	260	2	216	148	141	228	190
129000	82	284	115	266	8	208	242	182	226	171	129000	227	163	98	289	16	277	139	135	206	203
130000	66	270	164	259	4	177	250	170	310	173	130000	265	239	130	303	7	254	153	111	242	230
131000	81	232	145	220	13	207	225	140	323	123	131000	274	177	116	291	19	242	99	95	180	155
132000	69	258	89	267	10	194	188	164	271	195	132000	312	160	123	225	17	271	86	116	254	216
133000	81	276	144	180	15	211	212	184	254	175	133000	312	178	154	210	27	291	114	112	232	283
134000	56	217	137	237	11	213	204	163	369	192	134000	291	143	113	246	24	283	95	109	227	246
135000	62	176	103	195	11	203	187	200	334	176	135000	290	143	122	220	13	287	101	128	306	202
136000	71	181	144	190	4	176	217	223	326	157	136000	274	142	115	201	8	217	127	192	233	163
137000	62	187	136	328	8	156	231	206	309	120	137000	291	122	146	311	7	253	124	168	272	133
138000	67	232	114	323	0	170	250	239	343	130	138000	264	136	129	307	5	255	151	152	244	172
139000	83	194	112	335	4	172	338	205	308	126	139000	293	147	121	304	6	228	170	129	305	157
140000	51	220	164	272	5	211	268	189	369	187	140000	286	171	138	268	8	272	182	139	296	242
141000	77	252	171	314	9	226	300	184	353	151	141000	275	161	113	283	11	255	158	129	248	207
142000	67	220	127	337	2	145	261	217	380	145	142000	345	138	130	335	6	199	148	157	319	173
143000	71	224	147	341	9	176	308	192	337	142	143000	255	187	164	322	10	242	158	147	286	151
144000	76	242	181	288	3	206	268	269	307	136	144000	335	198	184	316	7	250	196	162	299	153
145000	71	185	182	261	5	150	301	216	326	132	145000	352	155	121	234	22	217	209	139	258	164
146000	80	166	157	335	7	181	315	240	324	146	146000	378	123	114	325	33	228	160	174	298	136
147000	63	198	137	313	7	135	283	227	288	139	147000	360	131	89	300	21	191	154	147	305	175
148000	73	214	137	281	21	130	247	219	262	204	148000	334	132	127	258	46	166	149	140	305	203
149000	65	216	122	342	11	134	201	263	295	206	149000	319	163	130	355	36	200	127	171	279	212
150000	80	212	152	344	10	153	234	277	298	200	150000	425	147	161	381	24	206	191	184	251	224
151000	76	223	139	338	7	136	237	247	348	151	151000	355	143	109	366	25	208	172	169	294	155
152000	61	244	113	296	25	135	232	261	422	152	152000	341	181	126	342	31	203	170	182	374	156
153000	74	216	133	328	27	143	284	263	315	168	153000	310	179	110	320	54	210	235	166	318	202
154000	70	160	161	278	26	105	319	302	286	146	154000	337	129	143	314	46	159	227	147	339	154
155000	39	203	190	252	20	151	282	298	370	132	155000	303	151	128	262	55	238	183	151	315	131
156000	44	214	148	264	19	142	352	301	392	136	156000	277	184	163	257	27	231	270	165	374	129
157000	55	298	209	328	18	156	300	314	413	111	157000	238	220	198	294	12	256	222	188	405	94
158000	56	269	126	314	14	176	314	310	405	145	158000	311	194	108	344	31	244	213	172	387	109
159000	65	330	86	311	17	161	320	286	351	142	159000	363	202	119	293	37	228	244	175	351	188
160000	81	271	135	317	6	146	315	299	390	185	160000	397	190	154	328	33	232	235	183	365	185
161000	58	241	137	322	21	174	254	262	351	141	161000	366	178	148	271	41	245	181	189	313	150
162000	90	285	146	350	31	160	227	251	381	160	162000	437	170	110	367	70	241	172	178	279	138
163000	103	250	109	344	52	176	258	217	420	201	163000	387	172	103	372	82	216	182	180	350	138
164000	76	230	117	296	41	190	271	215	395	198	164000	261	206	118	278	60	249	178	152	299	174
165000	64	317	117	254	52	196	283	252	327	164	165000	255	212	121	232	92	272	197	186	294	146
166000	68	310	118	245	50	233	228	208	333	160	166000	276	192	122	193	87	246	160	151	275	161
167000	100	368	120	293	47	177	272	205	344	168	167000	259	192	97	255	79	221	202	173	292	205
168000	84	311	156	293	37	177	230	224	375	279	168000	319	166	152	293	70	236	178	191	334	202
169000	84	337	187	314	38	200	285	195	511	187	169000	318	200	177	290	57	233	185	160	374	131
170000	96	295	187	303	13	170	271	170	515	147	170000	339	181	190	313	40	242	182	136	385	110
171000	105	317	158	352	23	234	228	197	536	117	171000	362	199	167	251	29	288	198	162	401	98
172000	104	352	219	341	13	259	231	215	567	170	172000	320	165	191	304	28	302	139	168	440	140
173000	76	334	231	336	13	239	234	261	531	161	173000	271	193	183	292	31	254	139	274	416	111
174000	67	371	217	307	27	224	212	213	587	182	174000	324	156	149	282	38	251	152	185	433	140
175000	56	342	212	336	42	206	259	196	547	204	175000	363	230	141	313	37	270	235	197	360	130
176000	57	251	132	350	43	170	299	221	505	179	176000	366	206	128	233	57	236	242	188	358	113
177000	73	391	167	328	23	189	235	248	506	171	177000	339	180	154	263	39	255	200	160	292	137
178000	85	367	156	328	36	156	272	244	489	189	178000	302	194	159	293	64	213	174	208	308	202
179000	55	441	165	417	45	170	228	291	613	131	179000	268	246	144	332	84	248	167	247	352	234
180000	65	349	156	433	26	194	279	232	585	188	180000	287	252	129	353	28	276	197	229	357	250
181000	56	361	114	360	23	264	263	250	492	139	181000	292	243	119	306	41	389	231	190	334	196
182000	88	345	126	455	23	280	270	240	589	170	182000	260	257	95	375	23	381	197	241	372	203
183000	97	317	151	472	25	266	341	238	559	214	183000	263	264	95	393	26	358	215	209	381	280
184000	102	268	126	417	54	245	306	227	513	189	184000	329	177	104	367	79	331	243	205	340	198
185000	83	295	131	469	44	232	233	200	625	221	185000	366	202	126	438	104	324	215	211	373	270
186000	96	342	145	319	34	246	262	234	436	233	186000	337	225	136	299	84	328	250	200	296	296
187000	82	295	143	346	47	163	291	235	482	225	187000	355	204	119	315	77	273	218	264	323	295
188000	95	303	174	281	36	221	219	222	422	192	188000	391	220	112	277	50	253	206	251	263	261
189000	89	383	137	361	38	238	225	234	521	193	189000	352	234	109	314	63	306	178	239	286	231
190000	88	394	172	301	87	233	243	176	459	154	190000	394	282	155	268	87	293	164	208	263	205
191000	122	409	227	284	66	217	244	199	465	178	191000	386	260	176	277	96	241	180	217	259	251
192000	132	450	208	297	58	231	281	167	501	196	192000	366	269	128	278	79	253	195	190	289	302
193000	140	352	167	323	40	288	232	182	548	207	193000	372	262	178	272	95	302	194	203	347	303
194000	145	429	170	339	75	282	274	228	541	206	194000	442	245	173	269	186	308	237	191	311	308
195000	108	371	197	298	95	236	315	206	562	172	195000	354	249	116	307	164	306	275	242	304	253
196000	86	304	203	236	82	198	287	187	520	238	196000	289	213	140	249	145	222	292	210	285	314
197000	88	312	277	276	67	207	343	177	562	208	197000	262	239	193	304	134	272	270	191	358	295
198000	82	363	296	293	51	243	305	203	572	224	198000	329	249	188	296	105	278	263	220	350	266
199000	64	360	340	383	68	177	299	181	562	199	199000	326	220	197	347	128	243	284	188	302	208
200000	84	348	296	329	63	217	318	193	531	182	200000	357	183	192	364	126	229	273	152	268	173
201000	79	323	311	375	88	171	289	210	601	198	201000	392	173	217	318	144	186	281	191	372	193
202000	115	348	279	285	105	192	301	253	525	214	202000	372	212	200	304	132	245	303	222	336	262
203000	109	368	274	294	107	237	316	230	561	199	203000	414	179	193	306	147	317	303	224	302	219
204000	80	446	255	380	83	202	304	304	495	208	204000	373	269	206	365	90	246	299	243	285	288
205000	103	358	209	331	110	181	358	272	576	190	205000	387	209	182	319	182	240	227	225	418	266
206000	93	354	189	426	115	193	259	311	498	243	206000	363	230	188	396	198	254	185	201	329	292
207000	92	352	174	422	128	208	351	315	559	205	207000	381	212	128	371	190	327	295	202	336	227
208000	116	395	220	475	114	223	356	220	548	166	208000	366	188	145	406	175	350	284	220	363	223
209000	96	433	260	429	138	232	330	245	501	187	209000	394	232	160	419	163	333	286	211	318	237
210000	102	425	238	362	164	278	354	280	515	207	210000	444	224	207	372	203	368	299	274	333	274
211000	97	482	193	368	120	251	321	296	539	215	211000	492	245	169	339	151	343	310	215	311	279
212000	91	499	213	373	155	299	327	221	502	203	212000	451	321	174	343	142	376	275	194	335	261
213000	82	426	237	356	179	283	460	238	505	217	213000	414	271	168	280	181	432	340	208	293	296
214000	95	428	289	414	183	251	368	230	473	197	214000	341	228	220	411	207	333	330	188	339	300
215000	95	415	248	394	177	271	385	279	451	215	215000	384	306	161	374	227	338	318	155	322	275
216000	118	367	310	401	161	319	282	223	448	196	216000	367	264	212	308	167	382	259	173	277	271
217000	128	447	277	395	206	282	318	283	459	163	217000	337	269	192	353	235	411	261	200	282	317
218000	118	441	254	354	185	299	292	254	449	247	218000	388	285	218	299	207	397	268	163	317	345
219000	121	456	251	380	190	242	338	213	440	265	219000	378	290	162	369	215	326	271	141	322	363
220000	118	367	267	315	167	226	297	196	505	226	220000	478	255	196	322	179	329	268	159	311	311
221000	153	411	266	336	161	248	297	196	555	209	221000	459	225	232	287	218	242	249	115	332	275
222000	157	438	283	457	159	216	295	236	551	224	222000	435	222	157	435	197	376	233	110	351	353
223000	137	392	279	420	151	238	313	224	505	274	223000	415	228	181	383	190	387	272	127	328	358
224000	128	277	315	345	168	257	298	280	515	232	224000	475	182	214	338	203	399	288	153	311	377
225000	167	296	287	373	137	332	342	242	446	249	225000	436	215	197	302	169	451	276	108	302	401
226000	213	403	280	421	150	261	245	206	574	261	226000	447	211	162	369	189	384	239	124	358	372
227000	174	354	251	371	186	291	256	198	468	243	227000	387	192	153	332	202	324	242	173	301	397
228000	204	433	220	391	199	301	269	183	470	304	228000	454	238	128	383	228	431	258	152	344	415
229000	219	431	232	401	187	293	294	194	506	294	229000	427	261	166	379	223	465	250	92	307	450
230000	181	428	240	413	185	279	328	174	566	248	230000	416	266	192	325	195	400	271	101	343	372
231000	172	402	313	395	211	284	382	230	592	250	231000	342	275	217	333	190	376	325	115	322	372
232000	165	419	361	402	171	226	331	257	461	263	232000	361	319	260	323	176	334	302	107	245	340
233000	176	423	321	519	272	296	388	240	416	240	233000	349	283	237	428	258	420	338	124	281	362
234000	210	444	224	410	221	293	333	269	442	225	234000	374	322	177	387	259	366	259	131	310	381
235000	185	418	228	448	240	271	334	180	407	182	235000	339	331	209	360	267	334	330	105	263	344
236000	232	498	250	443	250	328	383	206	484	278	236000	362	374	192	360	267	390	332	111	312	423
237000	171	467	264	462	225	276	423	218	442	234	237000	329	391	176	393	238	352	355	109	291	322
238000	195	404	287	453	197	270	413	250	484	216	238000	294	347	181	371	235	379	324	119	272	319
239000	212	387	237	491	231	306	462	195	394	204	239000	357	327	163	335	254	362	379	132	267	364
240000	238	430	282	446	204	323	451	214	491	202	240000	344	330	164	306	192	377	396	113	307	317
241000	210	506	326	479	214	340	433	266	490	218	241000	300	343	211	296	230	388	369	148	340	290
242000	261	455	304	438	225	323	411	280	489	215	242000	385	405	265	334	231	416	407	125	347	294
243000	289	444	318	389	274	301	427	277	478	222	243000	359	337	270	348	241	405	369	117	329	335
244000	311	455	356	460	311	324	480	277	634	223	244000	341	388	268	392	218	386	387	102	398	324
245000	270	429	309	489	218	293	469	239	565	188	245000	351	391	224	399	213	400	413	105	384	307
246000	291	411	293	509	236	239	462	238	476	173	246000	392	386	181	400	205	284	397	115	310	268
247000	259	359	294	414	280	319	454	247	547	177	247000	381	317	211	353	252	343	380	118	360	260
248000	274	427	295	501	196	289	416	291	590	221	248000	371	387	211	396	226	410	349	115	372	297
249000	233	383	291	582	183	282	427	260	556	205	249000	370	310	217	428	228	398	331	147	298	280
250000	244	360	307	537	213	275	506	283	535	248	250000	338	298	285	387	254	434	378	141	283	303
251000	233	388	380	436	228	242	428	348	589	183	251000	355	342	297	353	220	399	440	134	374	307
252000	254	445	362	433	249	287	484	312	611	210	252000	332	373	272	384	224	412	387	106	366	299
253000	266	496	279	405	243	279	353	311	677	208	253000	316	355	224	351	238	446	280	128	402	294
254000	283	395	321	419	158	257	401	239	606	188	254000	348	347	330	264	194	420	339	119	338	269
255000	302	393	262	429	176	269	373	305	653	204	255000	324	372	266	369	203	370	302	120	357	258
256000	271	457	248	422	210	272	368	336	684	182	256000	314	334	238	356	245	449	329	112	445	266
257000	217	439	275	441	176	286	342	288	559	225	257000	232	359	192	359	203	424	324	99	385	261
258000	271	428	320	472	170	289	401	327	543	218	258000	321	340	258	302	215	436	314	109	369	365
259000	258	464	329	498	197	232	481	294	547	213	259000	271	351	284	341	199	352	364	142	356	322
260000	236	470	358	442	227	260	429	310	584	274	260000	252	385	276	284	202	365	382	143	398	318
261000	251	459	302	478	220	294	413	251	525	266	261000	283	395	235	304	190	374	367	168	382	395
262000	253	513	342	486	211	263	502	319	543	299	262000	280	408	237	303	199	349	446	131	375	374
263000	259	418	293	459	254	261	451	294	531	229	263000	329	333	281	270	246	426	404	140	418	304
264000	283	419	319	427	216	278	415	325	476	195	264000	325	342	267	308	260	434	392	139	399	282
265000	330	440	308	461	240	318	384	317	604	187	265000	387	369	257	332	225	425	372	134	513	235
266000	308	451	342	451	216	334	389	342	553	218	266000	407	351	285	333	218	394	402	169	415	307
267000	340	497	287	492	204	263	346	315	575	269	267000	417	394	231	284	235	369	383	108	486	296
268000	359	540	391	405	226	353	354	302	564	253	268000	452	372	302	301	262	414	343	129	514	268
269000	382	561	347	425	226	298	392	195	541	231	269000	429	391	298	275	220	427	370	85	480	328
270000	315	491	396	400	200	333	325	226	527	275	270000	457	368	247	359	223	396	315	117	419	318
271000	301	445	366	390	215	301	323	252	542	309	271000	370	322	275	286	252	471	276	90	431	374
272000	272	467	352	316	223	374	270	234	524	314	272000	374	334	235	307	243	448	305	98	444	423
273000	252	374	296	340	240	338	366	204	573	328	273000	343	313	246	312	245	474	291	110	518	385
274000	283	403	304	419	260	334	413	307	559	331	274000	355	324	297	360	266	444	357	121	455	377
275000	287	351	360	384	261	317	408	314	535	320	275000	440	312	296	341	273	423	436	160	381	344
276000	357	404	318	453	243	288	400	343	638	302	276000	485	326	264	429	283	381	431	165	497	388
277000	360	439	414	454	248	289	424	346	636	281	277000	485	320	305	374	291	391	430	141	458	391
278000	383	394	397	404	268	269	451	361	597	227	278000	473	316	317	367	288	387	398	137	470	347
279000	403	462	337	428	193	311	438	331	518	256	279000	454	367	279	388	254	369	451	129	450	374
280000	398	505	302	433	233	247	452	294	637	247	280000	423	344	260	345	285	420	425	99	519	359
281000	369	498	351	396	231	335	398	313	612	252	281000	489	298	254	351	249	402	361	140	544	445
282000	461	543	377	423	252	325	310	256	595	254	282000	551	339	312	417	298	457	320	112	430	296
283000	391	495	397	513	273	270	320	280	530	296	283000	580	335	316	459	311	387	348	154	465	399
284000	386	472	402	525	280	264	351	265	534	290	284000	519	293	340	365	339	361	370	139	460	391
285000	310	580	305	417	248	261	413	256	556	319	285000	422	323	284	382	308	398	383	166	459	386
286000	374	541	355	425	244	275	420	322	546	261	286000	506	370	377	414	278	395	416	165	464	344
287000	359	501	312	433	265	281	363	317	473	226	287000	441	376	309	386	270	365	352	158	388	353
288000	429	555	326	548	259	274	343	296	471	251	288000	495	347	335	530	325	333	309	169	423	334
289000	429	549	325	489	313	276	333	312	462	276	289000	578	384	372	478	285	389	325	180	377	339
290000	416	602	339	477	270	301	335	273	504	229	290000	579	366	375	449	242	402	373	172	528	298
291000	344	566	313	458	248	272	388	338	520	260	291000	485	390	358	442	308	381	368	169	459	312
292000	376	540	294	446	257	332	358	284	539	248	292000	512	377	297	503	298	392	323	152	503	300
293000	418	483	289	489	267	332	367	313	585	274	293000	539	387	327	423	288	463	369	174	455	370
294000	361	475	282	445	247	365	324	318	541	230	294000	527	296	337	400	295	514	273	147	436	323
295000	415	491	257	495	232	375	334	341	605	330	295000	549	320	296	415	294	502	293	178	513	453
296000	480	474	277	412	207	322	339	326	608	285	296000	662	319	302	396	228	463	333	171	501	338
297000	399	549	341	366	273	308	366	309	528	260	297000	583	348	298	384	270	451	295	124	471	340
298000	407	489	332	444	288	343	346	229	619	279	298000	598	306	335	440	320	465	342	127	581	371
299000	360	462	322	431	269	339	347	242	616	271	299000	575	300	314	408	272	465	317	133	562	434
300000	440	453	278	391	269	324	364	274	636	309	300000	615	325	294	431	262	492	348	179	528	457
301000	464	428	246	328	207	340	382	296	610	256	301000	580	337	274	428	221	511	314	184	487	454
302000	433	412	258	434	229	326	352	262	605	289	302000	540	344	290	535	260	527	360	153	507	449
303000	417	513	280	416	245	313	422	281	609	344	303000	552	300	302	440	261	456	405	164	472	549
304000	474	445	223	445	234	345	389	325	655	290	304000	537	327	309	457	233	479	408	183	583	573
305000	450	508	252	468	273	321	313	314	627	281	305000	611	334	243	439	276	461	336	174	558	517
306000	418	579	286	482	232	294	409	316	505	325	306000	514	408	281	431	210	417	407	164	450	546
307000	481	552	341	459	262	268	295	352	649	308	307000	669	377	348	502	306	384	323	190	583	579
308000	525	434	368	548	246	255	356	320	596	301	308000	711	330	363	506	270	417	332	160	543	543
309000	510	524	388	427	267	307	320	339	609	288	309000	668	337	401	495	271	471	321	193	542	463
310000	471	447	352	415	284	287	399	370	662	258	310000	659	335	359	459	317	509	356	196	529	449
311000	386	505	299	373	223	280	423	388	609	272	311000	446	375	305	377	262	457	412	174	521	503
312000	313	435	343	381	254	302	406	338	578	281	312000	436	353	324	462	291	428	439	176	534	502
313000	404	465	315	432	253	256	415	378	521	231	313000	585	323	319	445	263	469	437	198	462	438
314000	432	520	321	455	257	294	354	379	546	252	314000	601	381	315	476	344	476	380	190	371	396
315000	378	507	351	356	253	285	331	304	604	220	315000	531	323	360	386	303	458	362	172	487	315
316000	370	489	327	420	255	278	324	330	554	247	316000	531	348	345	438	314	414	329	183	455	456
317000	404	469	366	381	267	286	312	358	570	273	317000	571	365	408	441	293	410	291	156	474	422
318000	394	523	319	410	314	279	348	329	519	245	318000	586	342	346	450	332	488	385	173	375	355
319000	384	611	294	473	307	267	331	364	538	204	319000	616	420	296	507	310	460	387	177	412	292
320000	420	605	304	406	274	289	339	309	516	229	320000	597	404	324	500	254	430	320	151	398	459
321000	487	566	338	447	237	284	395	419	504	261	321000	546	417	384	460	267	404	378	200	482	475
322000	418	584	311	465	273	324	373	348	564	245	322000	556	414	327	481	261	458	433	168	481	466
323000	431	521	376	409	257	319	378	319	553	269	323000	498	376	392	442	246	506	388	156	489	446
324000	431	482	372	396	254	295	428	393	437	234	324000	532	348	355	425	237	471	439	197	421	403
325000	464	532	468	437	241	273	340	417	471	284	325000	552	365	425	404	270	429	380	217	448	522
326000	430	541	459	398	230	333	382	389	473	303	326000	504	352	448	448	268	484	367	233	428	488
327000	396	466	445	394	297	370	340	388	471	266	327000	541	337	419	444	264	477	333	201	502	420
328000	363	428	458	398	248	333	331	410	547	277	328000	478	317	407	510	265	463	318	242	570	403
329000	491	471	405	375	257	313	379	476	468	268	329000	494	344	323	417	244	398	296	271	542	397
330000	444	472	453	400	210	317	345	457	506	297	330000	528	354	428	443	261	430	330	250	542	455
331000	460	573	466	406	252	303	366	486	459	307	331000	551	359	459	467	253	471	400	266	569	448
332000	407	498	411	371	285	330	324	468	406	312	332000	522	355	441	441	262	475	362	279	573	410
333000	434	506	406	335	345	343	367	446	441	259	333000	479	364	415	423	384	456	351	294	502	359
334000	401	539	332	345	299	293	350	449	403	298	334000	484	481	342	369	305	447	395	277	535	359
335000	414	539	373	336	311	278	359	432	514	316	335000	496	447	385	397	304	357	412	265	538	377
336000	406	538	396	318	308	274	366	456	435	323	336000	519	337	382	426	292	416	430	279	481	415
337000	465	521	468	264	325	344	358	443	440	327	337000	561	399	403	414	333	457	371	269	478	424
338000	497	507	404	320	355	364	381	490	484	400	338000	537	392	421	458	339	559	436	338	603	447
339000	446	517	344	271	363	309	356	462	488	393	339000	578	371	381	432	340	437	379	313	643	513
340000	425	448	363	317	425	381	350	492	484	354	340000	550	382	338	381	354	531	422	306	556	507
341000	455	514	417	299	356	379	386	487	488	348	341000	533	397	394	437	344	523	435	313	524	469
342000	435	493	393	294	295	349	352	475	438	321	342000	510	381	328	449	327	487	378	302	528	356
343000	491	517	392	310	342	329	290	452	479	368	343000	579	407	418	387	301	472	358	317	520	454
344000	435	551	354	278	284	346	415	463	504	329	344000	571	441	365	339	302	544	445	349	573	445
345000	481	541	474	301	306	369	384	461	446	371	345000	611	423	386	407	272	524	489	303	505	485
346000	463	484	394	312	292	308	475	446	453	389	346000	549	413	363	382	282	415	554	301	484	478
347000	506	516	400	317	334	344	443	484	435	380	347000	604	386	455	443	315	485	541	275	513	435
348000	472	515	414	283	297	335	410	496	447	360	348000	531	413	433	451	327	450	521	355	537	465
349000	541	499	427	324	314	290	369	408	487	404	349000	638	402	484	397	338	415	411	357	540	463
350000	500	487	422	316	347	289	365	445	487	320	350000	581	321	440	410	393	375	415	333	586	389
351000	415	530	420	348	353	288	395	453	475	292	351000	634	357	428	466	364	366	540	365	545	386
352000	457	599	451	306	356	313	386	508	456	269	352000	676	417	438	436	363	446	470	337	524	338
353000	490	507	416	330	333	318	442	536	372	350	353000	663	359	412	415	384	412	480	307	432	404
354000	475	506	395	325	354	350	359	462	364	321	354000	619	369	462	482	382	439	431	335	468	387
355000	445	453	448	397	322	353	288	527	364	411	355000	617	402	417	423	340	476	346	402	535	515
356000	420	425	435	419	325	324	364	510	436	396	356000	546	419	481	457	332	445	373	426	503	510
357000	480	466	437	341	342	322	319	465	477	436	357000	506	374	399	484	325	430	401	358	583	575
358000	438	508	479	377	336	349	291	465	421	407	358000	552	361	496	452	342	492	437	320	471	519
359000	489	493	473	365	344	366	348	455	441	421	359000	551	424	458	414	378	462	479	326	432	443
360000	462	417	433	373	310	398	358	552	420	303	360000	573	337	494	444	295	561	435	382	449	420
361000	504	536	446	349	307	364	356	530	506	391	361000	547	382	465	464	300	542	455	367	582	496
362000	432	581	474	405	349	398	340	475	517	365	362000	512	396	532	421	352	494	416	329	521	498
363000	470	598	446	387	298	402	335	465	503	399	363000	548	419	371	461	267	512	398	344	550	563
364000	518	532	418	457	315	360	385	462	485	442	364000	590	371	487	470	306	435	446	299	485	584
365000	519	432	548	440	319	302	338	457	476	437	365000	575	337	540	463	251	388	416	310	578	569
366000	520	497	523	391	372	364	334	394	499	393	366000	630	407	485	430	346	479	450	264	500	575
367000	490	487	456	410	352	353	318	357	502	450	367000	613	433	449	472	304	456	419	271	542	598
368000	496	457	419	427	355	355	339	374	442	487	368000	654	352	442	533	320	487	463	245	425	594
369000	531	436	424	432	397	360	323	396	523	442	369000	670	397	434	459	374	489	427	298	442	579
370000	611	512	465	416	257	340	353	462	493	428	370000	692	366	408	524	322	475	435	258	438	536
371000	562	548	430	410	332	389	352	509	554	412	371000	695	418	451	435	335	484	431	256	555	549
372000	554	449	428	332	318	354	355	440	547	427	372000	648	360	465	414	307	434	448	282	519	535
373000	525	467	435	362	368	349	336	539	494	419	373000	597	399	487	448	358	501	390	360	530	483
374000	520	468	437	375	324	303	343	548	479	472	374000	572	363	451	429	277	487	453	320	546	604
375000	468	423	418	415	299	297	362	476	452	471	375000	593	368	424	413	266	408	472	334	441	544
376000	536	510	353	387	293	338	311	531	514	391	376000	574	481	391	383	296	431	378	326	515	572
377000	542	507	407	397	321	350	328	506	410	377	377000	564	417	466	425	381	533	429	344	449	521
378000	515	529	486	465	341	358	310	534	439	373	378000	616	436	504	434	334	508	374	350	477	578
379000	571	507	495	477	351	292	281	519	383	485	379000	634	438	498	427	361	438	366	352	412	615
380000	512	458	449	539	363	305	379	471	539	474	380000	593	376	442	490	401	430	396	335	458	640
381000	484	514	505	617	335	280	358	438	482	359	381000	618	398	498	471	347	464	424	292	456	537
382000	495	624	371	541	366	337	294	537	444	400	382000	516	448	375	480	361	481	388	346	435	514
383000	562	542	347	462	343	324	296	487	494	493	383000	590	427	380	457	331	434	314	327	516	533
384000	554	505	404	388	356	337	292	515	540	412	384000	556	374	448	473	338	442	373	379	522	541
385000	513	601	318	505	259	357	320	485	513	388	385000	534	448	415	452	333	471	392	325	456	478
386000	472	528	336	552	333	372	273	514	514	384	386000	570	428	404	497	354	434	339	284	482	443
387000	457	522	357	540	278	356	221	581	504	475	387000	531	394	436	488	302	412	302	343	542	476
388000	499	438	465	480	328	320	279	489	568	473	388000	589	332	555	508	337	380	342	334	517	600
389000	572	454	406	538	338	337	321	435	466	421	389000	689	350	503	448	407	359	372	296	497	560
390000	487	502	415	498	397	334	327	499	481	376	390000	577	352	478	475	402	412	348	266	530	461
391000	518	567	464	432	356	344	280	447	604	405	391000	599	449	464	401	368	453	301	286	595	503
392000	500	519	462	472	334	323	267	531	568	363	392000	582	420	528	401	333	390	318	324	525	538
393000	520	483	509	521	345	273	212	538	523	372	393000	604	385	577	465	353	377	304	350	497	565
394000	551	520	477	490	287	322	236	443	511	390	394000	687	410	547	518	336	405	255	280	449	569
395000	586	504	526	468	323	350	229	502	525	426	395000	661	405	541	405	352	416	260	304	481	521
396000	550	546	544	433	416	341	289	633	659	351	396000	565	456	452	457	412	425	350	344	647	519
397000	591	479	397	506	402	333	326	574	562	490	397000	646	386	452	455	405	440	427	352	557	619
398000	451	461	448	449	351	367	330	577	612	485	398000	512	369	468	470	401	409	417	346	549	628
399000	581	449	388	496	366	343	323	503	463	472	399000	655	340	446	473	394	459	444	345	480	636
400000	583	497	356	536	303	324	295	528	495	471	400000	697	411	411	469	362	458	441	386	493	632
401000	628	630	437	525	328	382	298	590	528	530	401000	711	437	525	480	353	500	430	351	538	663
402000	530	604	462	443	360	374	330	548	537	471	402000	659	401	515	446	402	500	470	335	526	542
403000	532	636	471	442	389	383	380	489	588	467	403000	606	462	520	516	446	466	467	378	589	663
404000	545	534	491	457	394	343	422	556	556	459	404000	636	367	512	509	438	378	437	328	557	574
405000	583	547	457	469	383	409	374	531	603	488	405000	596	349	507	391	400	474	521	331	504	564
406000	504	564	502	351	385	371	364	546	540	411	406000	608	358	511	360	366	441	502	324	498	491
407000	511	586	433	418	296	429	372	462	603	409	407000	691	416	396	424	356	425	505	356	548	472
408000	556	617	530	508	388	482	357	485	618	365	408000	655	400	523	428	467	502	537	375	622	446
409000	552	575	467	560	360	434	349	501	549	429	409000	694	373	501	492	489	515	465	324	548	538
410000	597	570	391	525	396	447	421	525	589	491	410000	676	389	441	477	487	557	602	368	527	611
411000	590	604	397	517	373	414	399	633	536	464	411000	664	468	455	484	504	490	577	403	524	570
412000	541	558	494	541	365	502	457	597	504	505	412000	606	342	543	502	492	496	603	387	511	617
413000	437	627	475	549	399	456	449	522	598	435	413000	566	422	438	441	432	494	576	385	621	498
414000	435	550	394	535	377	518	479	542	554	405	414000	568	393	443	488	383	528	547	330	565	502
415000	512	582	383	496	328	440	387	487	514	555	415000	547	398	384	482	372	485	532	336	428	627
416000	520	696	306	593	404	561	467	526	564	441	416000	576	446	354	518	448	505	578	326	533	538
417000	532	665	327	557	402	483	407	452	544	449	417000	572	466	409	493	444	453	560	346	521	565
418000	631	664	429	546	404	491	381	493	536	420	418000	655	434	484	499	432	493	549	276	569	481
419000	502	610	364	612	378	441	275	507	455	446	419000	549	418	346	490	458	392	397	320	428	471
420000	536	602	384	488	326	459	372	524	620	434	420000	597	408	409	504	447	415	455	346	486	517
421000	542	605	415	480	316	515	409	526	646	443	421000	593	442	479	498	407	454	512	367	530	562
422000	610	553	445	496	333	506	500	540	596	475	422000	655	364	513	422	467	420	595	352	515	557
423000	559	486	450	625	358	457	401	415	557	451	423000	557	417	560	488	417	427	544	325	492	516
424000	498	497	480	562	296	457	374	489	520	472	424000	531	371	570	453	387	393	412	342	481	501
425000	530	522	412	492	324	475	374	528	534	510	425000	569	377	538	477	406	427	383	339	427	558
426000	532	518	401	529	341	472	354	446	675	440	426000	567	317	480	501	427	422	446	352	607	509
427000	600	488	398	524	379	459	365	457	543	444	427000	631	331	502	486	419	454	502	325	527	492
428000	573	623	491	438	318	480	361	469	568	462	428000	591	338	537	436	457	437	423	292	490	524
429000	533	616	524	522	349	415	395	497	559	490	429000	582	373	486	434	423	393	522	372	591	554
430000	461	642	509	585	411	485	427	480	625	497	430000	595	452	485	508	485	435	503	361	540	548
431000	554	520	505	609	306	512	385	433	609	432	431000	604	406	451	504	371	474	453	327	530	526
432000	526	544	522	504	337	515	337	475	609	518	432000	612	342	539	461	401	409	460	289	584	547
433000	592	501	471	449	378	463	454	458	610	485	433000	684	357	453	486	461	411	543	316	536	530
434000	578	593	472	593	412	451	447	447	659	458	434000	659	464	487	518	418	435	566	314	603	521
435000	659	596	532	548	393	509	341	422	673	550	435000	746	380	513	455	448	446	496	300	626	626
436000	527	640	443	511	380	438	361	455	536	571	436000	596	550	468	463	408	470	485	332	534	598
437000	623	586	472	633	428	462	401	507	639	520	437000	647	533	498	508	466	412	513	321	629	659
438000	605	576	480	640	402	478	503	466	562	431	438000	752	466	504	583	439	472	560	368	553	496
439000	530	589	464	658	497	455	406	565	535	419	439000	615	494	468	502	452	404	594	368	589	516
440000	562	575	435	624	432	490	450	501	716	490	440000	639	420	488	533	398	437	604	360	652	620
441000	605	544	447	554	372	487	388	438	616	599	441000	635	404	510	548	418	433	533	373	602	522
442000	555	521	457	610	323	451	396	448	549	506	442000	672	368	469	526	419	428	487	350	564	529
443000	584	521	531	645	326	475	373	530	598	523	443000	661	382	594	535	371	438	525	384	628	531
444000	568	599	561	534	404	509	404	477	623	544	444000	697	432	488	542	409	447	541	379	624	542
445000	613	627	541	566	467	508	393	440	631	554	445000	699	473	567	499	422	414	573	341	598	547
446000	540	627	445	604	355	513	431	418	637	500	446000	656	502	469	535	307	426	603	320	553	480
447000	586	607	451	512	373	518	406	455	598	529	447000	659	475	478	508	399	480	597	355	502	538
448000	552	544	475	552	322	580	414	477	431	462	448000	656	446	453	530	370	478	644	367	486	481
449000	592	537	435	455	360	538	508	490	600	493	449000	647	372	406	430	419	439	650	374	531	462
450000	586	628	419	523	404	525	416	462	605	557	450000	784	504	424	492	413	497	659	363	600	537
451000	584	601	458	461	416	477	445	461	537	449	451000	698	496	477	443	414	412	644	343	586	437
452000	607	529	485	508	479	444	434	422	637	377	452000	609	461	513	468	518	419	629	303	607	409
453000	485	550	475	577	475	416	447	472	560	513	453000	646	447	515	512	490	367	578	312	532	541
454000	526	662	494	644	424	500	402	445	565	473	454000	691	472	462	492	475	464	553	301	589	517
455000	583	633	425	518	513	537	370	448	603	398	455000	655	479	383	426	477	478	573	375	680	410
456000	661	523	440	598	549	525	378	477	614	554	456000	687	464	452	549	466	436	534	360	595	501
457000	585	591	403	606	527	516	396	512	575	485	457000	660	457	373	483	425	509	530	426	606	507
458000	477	589	451	641	398	555	377	433	546	409	458000	556	461	377	512	402	478	540	389	503	422
459000	512	564	491	599	405	546	374	511	620	502	459000	667	431	478	525	433	400	507	439	633	552
460000	512	545	388	650	394	462	375	469	644	484	460000	664	461	449	549	424	421	593	393	586	498
461000	691	639	402	604	468	546	391	512	600	533	461000	732	516	390	540	495	478	580	463	606	558
462000	563	550	387	620	449	520	374	502	664	586	462000	675	415	421	484	436	463	611	431	696	504
463000	539	567	481	669	468	528	396	527	600	566	463000	627	517	482	453	440	449	611	362	675	567
464000	561	548	436	564	430	533	365	456	609	528	464000	641	479	419	527	413	427	526	450	606	544
465000	606	598	450	533	460	452	384	460	549	537	465000	647	534	460	457	463	399	563	409	573	574
466000	577	577	407	524	431	481	463	454	666	575	466000	786	510	467	439	423	434	578	422	691	539
467000	580	675	443	560	450	504	460	416	609	528	467000	631	585	468	413	541	467	585	395	627	619
468000	588	574	375	557	417	420	405	465	580	543	468000	642	517	410	434	427	399	615	403	640	552
469000	507	660	400	553	377	443	432	504	573	592	469000	603	476	415	457	487	473	589	423	690	601
470000	630	616	390	590	409	474	424	507	528	502	470000	643	495	344	481	461	418	610	407	577	581
471000	563	632	438	647	429	582	355	500	570	604	471000	623	533	434	507	473	511	491	392	586	616
472000	552	649	552	611	500	512	362	502	538	615	472000	633	547	572	552	460	426	608	374	589	654
473000	561	575	527	701	427	505	366	474	656	590	473000	593	512	465	544	477	440	499	386	757	555
474000	543	541	480	692	407	527	352	521	640	575	474000	624	468	427	577	460	463	511	419	735	589
475000	512	535	486	670	438	556	359	560	597	564	475000	646	405	444	537	534	477	584	440	696	520
476000	547	586	487	519	412	513	379	611	613	615	476000	658	446	442	500	457	468	559	456	647	628
477000	558	525	441	608	438	494	345	570	565	581	477000	613	445	402	562	427	400	535	447	573	575
478000	570	644	488	575	423	539	377	553	570	581	478000	652	499	395	513	523	428	525	427	638	600
479000	519	568	421	601	479	522	327	568	603	582	479000	650	472	372	565	473	453	531	428	695	502
480000	571	508	430	618	440	510	324	641	581	473	480000	676	446	362	555	459	444	441	497	683	483
481000	542	540	467	526	452	573	365	651	617	548	481000	598	474	419	518	507	433	538	465	662	520
482000	553	534	498	617	483	568	345	508	580	529	482000	578	447	429	569	502	422	543	420	674	536
483000	531	564	490	631	454	566	399	552	624	468	483000	703	556	435	609	502	419	662	356	660	471
484000	588	534	436	615	405	607	423	602	634	573	484000	698	494	403	615	493	497	583	358	691	573
485000	507	645	449	655	422	622	445	613	593	567	485000	605	529	436	614	458	493	620	397	653	570
486000	546	567	479	642	415	529	393	604	660	456	486000	652	442	435	600	504	429	623	458	746	501
487000	481	613	463	613	449	532	436	577	622	501	487000	632	503	412	611	504	380	595	433	720	483
488000	514	684	414	637	401	585	405	569	578	619	488000	608	595	376	610	480	430	588	384	575	593
489000	554	649	473	602	433	583	429	563	624	625	489000	621	573	443	576	415	512	581	442	619	617
490000	606	598	468	560	422	501	395	615	534	527	490000	662	524	398	571	457	420	546	400	596	517
491000	596	496	425	577	438	575	439	551	706	523	491000	655	402	405	524	448	416	506	397	747	531
492000	619	484	446	550	383	521	510	571	706	589	492000	662	444	414	559	399	404	610	418	604	626
493000	558	549	494	600	446	564	465	533	677	561	493000	626	443	409	569	448	397	559	426	646	618
494000	545	528	490	592	519	580	458	596	560	525	494000	638	479	441	579	544	448	550	383	627	520
495000	540	441	512	562	471	555	462	589	590	579	495000	712	388	453	583	486	390	539	404	625	533
496000	542	524	474	601	494	638	511	614	601	490	496000	663	406	370	577	496	488	641	435	642	510
497000	474	562	545	584	403	614	433	578	635	366	497000	544	343	395	559	449	512	517	424	673	448
498000	404	557	509	609	417	607	427	605	637	389	498000	520	459	386	518	468	495	520	408	705	394
499000	472	564	551	562	426	575	427	602	651	456	499000	561	434	436	566	484	445	508	441	638	478
500000	585	583	570	573	470	588	409	574	574	508	500000	616	459	450	564	410	456	502	391	615	551
501000	527	536	545	506	421	555	466	507	536	588	501000	565	389	433	510	462	437	503	343	669	551
502000	512	572	551	538	410	556	467	589	576	567	502000	615	442	433	496	422	419	559	439	634	578
503000	475	496	513	606	377	641	462	567	578	494	503000	539	483	417	560	413	513	544	423	598	539
504000	471	518	534	592	413	505	462	592	596	548	504000	543	489	449	620	459	406	549	413	655	593
505000	473	617	533	558	462	585	440	600	643	538	505000	572	462	421	546	466	372	524	445	651	568
506000	497	510	464	492	494	577	473	559	633	615	506000	603	404	372	502	488	439	521	365	637	556
507000	442	553	518	510	456	596	487	663	612	582	507000	571	445	377	541	396	439	603	399	636	627
508000	509	593	526	482	400	560	487	468	602	550	508000	635	438	443	555	358	394	584	348	658	614
509000	508	535	479	600	454	591	457	578	562	537	509000	693	502	351	564	416	508	525	427	630	594
510000	556	576	434	674	536	606	515	589	562	563	510000	593	498	323	579	482	488	556	414	650	548
511000	544	562	449	655	490	610	414	595	599	526	511000	601	446	297	540	468	469	514	370	614	499
512000	503	551	515	618	448	652	394	590	538	557	512000	637	489	385	588	446	350	543	421	598	547
513000	563	623	486	665	472	626	410	582	495	582	513000	645	505	312	574	477	490	484	397	593	549
514000	456	569	505	674	484	591	431	595	528	545	514000	515	530	298	669	437	467	547	403	691	628
515000	544	491	557	650	537	558	344	662	488	610	515000	628	449	364	593	499	399	467	413	566	654
516000	539	559	489	605	490	549	352	573	564	604	516000	664	526	355	565	432	415	530	320	655	662
517000	561	601	553	595	390	524	400	601	534	538	517000	643	542	380	581	467	453	471	380	650	601
518000	465	534	524	675	458	581	472	581	524	652	518000	562	537	381	647	434	412	582	391	672	630
519000	505	512	468	688	442	598	459	648	579	565	519000	523	512	365	683	416	436	600	363	615	580
520000	505	479	411	649	479	653	422	659	612	672	520000	533	500	308	596	393	474	598	403	585	637
521000	528	518	413	695	422	595	372	573	533	616	521000	581	529	280	611	379	407	493	380	584	575
522000	601	488	449	690	348	669	407	478	608	574	522000	685	537	301	672	332	447	507	297	638	610
523000	601	454	435	649	435	673	364	628	559	537	523000	701	513	325	679	325	433	439	354	651	628
524000	626	555	545	637	439	658	395	617	583	566	524000	625	531	356	534	442	450	451	413	610	469
525000	509	537	503	644	471	576	416	745	513	578	525000	587	578	378	558	427	419	487	438	592	562
526000	601	517	455	702	387	578	398	739	586	517	526000	636	505	321	614	374	477	525	397	612	489
527000	551	543	505	643	444	674	394	648	601	591	527000	721	533	375	653	411	531	500	367	646	585
528000	540	539	500	667	431	650	413	682	564	634	528000	651	483	384	599	416	499	470	361	682	614
529000	580	569	544	600	541	600	382	669	520	491	529000	655	490	377	644	443	496	478	394	579	563
530000	552	489	523	676	512	608	437	677	567	621	530000	680	457	378	662	455	480	520	347	696	650
531000	619	568	545	604	545	624	412	624	573	547	531000	788	577	405	604	396	488	555	353	628	542
532000	616	544	495	576	518	541	466	685	492	579	532000	706	518	380	596	394	448	539	346	545	592
533000	546	527	500	633	573	543	443	672	441	654	533000	682	426	380	591	426	410	548	413	568	654
534000	477	559	584	689	470	673	459	695	544	637	534000	561	529	427	594	431	499	537	392	502	626
535000	562	641	488	555	499	655	448	643	531	541	535000	613	601	377	506	444	470	520	404	630	565
536000	535	559	586	526	433	595	461	603	501	594	536000	579	547	404	450	441	485	545	329	627	604
537000	535	588	433	527	416	629	461	514	570	659	537000	573	607	334	444	455	434	556	354	611	698
538000	533	563	492	583	467	628	431	584	581	565	538000	621	524	396	529	386	463	518	377	655	616
539000	530	504	497	586	411	535	458	603	634	546	539000	598	490	365	522	373	450	544	326	732	588
540000	461	462	498	652	412	586	443	676	588	536	540000	568	521	331	605	380	432	494	410	681	535
541000	500	487	443	628	520	582	420	605	584	562	541000	501	562	352	580	479	446	480	428	698	564
542000	550	481	548	619	432	626	485	548	620	545	542000	533	482	416	617	392	415	537	343	744	566
543000	512	439	466	590	535	614	521	620	735	538	543000	551	452	418	623	449	452	513	402	813	562
544000	544	527	506	577	447	605	437	625	664	513	544000	599	451	327	582	443	434	496	380	760	570
545000	628	495	570	585	450	579	496	603	752	617	545000	627	607	377	620	529	420	529	372	801	580
546000	488	473	555	597	484	518	514	688	642	680	546000	596	502	394	562	517	544	505	458	761	648
547000	528	571	429	500	416	535	500	653	667	597	547000	588	598	309	442	482	465	581	402	743	620
548000	561	592	498	628	405	605	460	623	666	660	548000	596	580	363	580	442	431	521	347	704	697
549000	574	497	537	557	495	547	501	661	593	607	549000	685	533	395	509	503	420	553	385	731	663
550000	623	402	602	514	519	568	450	691	623	598	550000	701	463	417	575	466	463	573	443	769	592
551000	638	507	445	588	516	584	439	745	635	453	551000	624	560	328	576	490	445	491	441	707	518
552000	595	527	530	528	509	645	415	732	682	601	552000	652	565	391	584	494	535	504	406	800	546
553000	551	499	602	617	581	513	465	640	680	605	553000	718	507	485	579	517	466	494	390	816	601
554000	621	554	623	643	533	530	526	753	618	509	554000	701	563	491	618	513	502	604	372	670	623
555000	569	575	546	529	511	542	490	714	624	589	555000	668	514	450	537	423	458	572	411	705	572
556000	581	528	576	588	536	575	507	767	591	679	556000	613	516	481	532	458	445	552	441	701	676
557000	524	482	546	560	540	575	484	745	596	604	557000	616	518	399	570	428	525	520	415	664	633
558000	594	489	687	566	550	555	512	687	691	602	558000	570	548	487	580	478	428	558	391	683	593
559000	606	505	648	570	526	620	530	636	685	566	559000	637	575	479	571	492	463	560	360	706	570
560000	587	423	579	620	509	583	552	639	625	619	560000	605	468	375	669	480	448	533	369	708	623
561000	525	495	496	608	488	544	520	606	582	659	561000	602	569	378	640	452	370	612	363	643	620
562000	592	481	543	526	497	511	530	620	593	619	562000	613	587	434	558	482	438	561	445	658	591
563000	567	470	653	638	488	560	548	567	702	586	563000	605	578	446	606	449	506	582	398	735	602
564000	531	532	591	588	521	577	558	630	587	642	564000	589	504	379	577	538	463	639	358	630	602
565000	621	511	592	520	406	596	527	570	596	592	565000	608	558	421	584	453	474	627	359	675	642
566000	615	495	583	554	488	630	479	560	658	593	566000	667	489	474	528	529	505	549	315	706	673
567000	606	574	532	514	511	573	471	658	700	591	567000	622	597	491	533	474	431	530	401	714	646
568000	623	542	544	510	498	603	525	619	703	664	568000	662	565	431	555	475	500	610	333	708	617
569000	647	550	589	510	471	646	547	573	647	622	569000	735	615	452	558	499	513	603	336	832	601
570000	619	571	643	549	563	603	540	574	638	681	570000	695	491	466	521	500	492	569	371	723	589
571000	647	586	530	594	554	616	496	694	684	573	571000	714	596	426	534	490	566	581	461	787	539
572000	634	533	500	543	594	591	547	635	707	674	572000	683	525	378	620	540	492	559	445	772	576
573000	678	484	539	577	527	593	502	705	635	602	573000	807	568	461	582	525	548	526	416	789	581
574000	679	505	542	500	614	639	469	762	620	620	574000	727	537	414	581	527	519	551	448	754	646
575000	645	486	537	553	526	541	574	667	632	570	575000	815	468	450	571	503	465	592	403	705	513
576000	660	529	644	568	524	529	501	672	648	653	576000	787	522	423	571	501	458	553	450	688	603
577000	569	533	639	509	550	568	456	764	677	548	577000	645	549	547	492	542	481	554	446	785	552
578000	603	542	626	477	521	515	515	709	650	587	578000	626	535	489	463	483	388	645	415	783	622
579000	573	576	588	526	546	521	479	653	661	679	579000	658	560	476	497	536	404	562	448	738	658
580000	665	533	632	547	583	537	474	689	637	648	580000	757	554	491	523	442	438	539	420	744	679
581000	629	561	552	537	525	591	477	677	572	706	581000	677	563	429	585	422	497	546	404	715	670
582000	597	567	609	476	529	495	482	659	652	667	582000	683	554	486	505	469	472	569	375	690	640
583000	569	544	532	502	515	559	491	675	658	591	583000	605	577	463	533	487	490	589	408	653	526
584000	498	532	566	522	626	562	511	737	698	655	584000	653	509	447	503	488	497	619	397	749	576
585000	519	623	541	604	602	600	514	650	645	673	585000	602	566	393	554	480	502	508	386	686	588
586000	632	584	595	568	586	687	540	691	699	581	586000	687	562	432	611	482	510	597	386	709	573
587000	585	617	635	559	582	561	579	716	648	557	587000	609	620	431	574	470	413	619	368	776	539
588000	612	527	541	585	566	573	537	684	657	625	588000	672	498	381	616	513	469	652	352	822	495
589000	570	545	454	536	530	584	547	728	641	651	589000	694	530	375	517	520	441	580	440	726	531
590000	537	539	518	480	552	581	510	680	589	509	590000	668	517	449	565	468	487	492	390	740	450
591000	688	599	621	484	605	678	499	634	634	624	591000	700	578	497	646	463	504	506	378	740	599
592000	585	554	565	432	698	546	463	635	609	623	592000	739	573	482	515	525	451	507	380	623	553
593000	582	607	536	537	655	513	497	578	550	529	593000	612	497	472	679	533	448	546	418	651	503
594000	534	609	630	538	692	630	495	477	545	598	594000	610	563	470	540	551	481	511	339	582	601
595000	605	539	665	473	640	624	476	551	571	642	595000	662	562	530	621	432	453	505	352	552	645
596000	469	569	605	534	646	572	601	516	670	723	596000	543	503	448	577	493	453	664	370	758	621
597000	552	504	646	563	595	544	532	622	590	626	597000	616	512	533	631	443	481	527	403	726	635
598000	572	523	584	558	532	556	540	656	635	592	598000	627	520	499	603	484	472	596	409	718	622
599000	559	484	661	553	566	574	519	664	645	530	599000	650	509	529	585	439	465	621	437	728	615
600000	592	522	586	488	609	639	504	614	614	614	600000	679	560	462	620	398	498	592	326	757	637
601000	636	484	560	537	657	588	444	574	617	555	601000	742	531	416	574	474	461	552	396	637	648
602000	574	512	616	556	597	633	466	601	652	625	602000	719	548	468	553	442	469	599	451	733	699
603000	660	468	585	572	667	540	455	621	669	697	603000	713	515	512	641	480	498	583	472	793	721
604000	672	454	626	575	599	595	538	663	647	747	604000	762	535	524	626	565	570	614	468	817	694
605000	635	559	617	619	696	627	466	648	600	553	605000	752	570	527	589	512	538	586	451	802	653
606000	638	507	703	510	589	672	476	709	595	496	606000	762	482	555	563	453	526	555	489	746	515
607000	591	528	631	542	690	603	485	670	623	489	607000	650	606	512	691	445	585	572	470	792	598
608000	641	516	603	553	583	601	490	708	665	687	608000	674	561	540	583	467	553	585	368	798	659
609000	624	446	593	589	609	588	452	646	697	712	609000	703	563	520	572	467	498	627	434	786	709
610000	628	500	651	582	606	554	400	634	531	608	610000	660	593	609	612	445	516	618	414	724	645
611000	608	489	589	550	623	576	390	555	621	647	611000	667	607	502	628	536	470	592	452	790	620
612000	672	521	664	526	580	578	446	623	611	594	612000	671	610	516	712	420	530	602	429	785	611
613000	578	492	648	558	646	497	467	609	645	591	613000	680	581	559	705	502	496	575	436	807	643
614000	567	506	636	538	709	532	541	658	634	659	614000	690	553	528	677	498	478	648	419	788	684
615000	560	466	565	550	666	562	494	643	633	690	615000	638	584	490	652	504	507	622	403	727	689
616000	562	522	612	562	601	576	499	636	614	698	616000	686	627	534	647	541	534	662	425	735	693
617000	594	483	555	509	581	599	482	690	685	584	617000	660	525	510	611	520	528	589	464	846	591
618000	578	509	563	459	673	557	501	568	648	586	618000	592	558	580	570	469	522	668	360	769	603
619000	572	514	571	479	622	655	509	635	639	597	619000	627	483	547	639	495	541	632	476	889	671
620000	503	478	612	461	535	599	489	571	691	682	620000	676	567	528	626	466	555	637	384	837	700
621000	582	574	648	462	647	580	473	591	680	574	621000	620	574	613	573	455	489	623	395	846	579
622000	596	502	672	480	670	579	492	677	730	633	622000	640	522	577	697	504	484	576	436	845	709
623000	614	498	548	517	731	527	502	643	680	568	623000	679	500	538	661	449	515	578	411	793	596
624000	534	494	545	538	779	531	550	593	663	564	624000	725	503	526	632	454	473	585	444	772	625
625000	562	533	655	489	695	456	534	608	701	592	625000	665	563	621	666	497	416	567	443	910	629
626000	549	504	666	461	668	523	469	621	674	591	626000	641	538	584	553	513	554	572	364	810	569
627000	567	497	580	377	629	514	521	673	696	558	627000	655	554	590	467	457	471	594	373	844	585
628000	579	444	569	375	577	514	499	552	738	579	628000	621	513	461	512	435	442	600	347	928	549
629000	640	396	577	443	670	523	481	641	645	553	629000	726	514	463	615	492	477	556	420	825	554
630000	634	469	518	369	632	509	454	594	698	600	630000	653	556	466	509	533	482	585	404	779	614
631000	549	508	590	387	706	546	557	630	631	637	631000	615	543	558	564	475	510	702	373	726	638
632000	631	493	522	414	698	515	473	645	668	578	632000	631	624	447	536	485	509	595	475	809	578
633000	623	480	492	379	612	495	488	688	634	619	633000	688	596	465	554	442	487	656	474	788	657
634000	614	499	591	452	650	620	506	705	624	548	634000	612	620	573	582	447	522	621	522	794	586
635000	469	429	477	434	721	596	492	681	659	642	635000	509	557	463	536	472	579	628	434	750	711
636000	553	504	573	423	642	593	507	624	680	633	636000	605	621	519	523	471	590	692	407	831	654
637000	558	477	609	396	621	664	532	635	662	671	637000	653	597	520	522	462	594	735	431	846	672
638000	558	445	648	443	671	602	529	674	661	605	638000	626	624	601	516	463	511	662	490	896	707
639000	554	493	623	407	637	585	566	581	652	667	639000	537	589	513	516	549	550	674	407	798	693
640000	546	491	679	413	695	629	499	621	623	507	640000	618	638	560	559	521	559	594	450	822	584
641000	456	554	590	483	703	571	526	587	613	594	641000	547	621	505	542	523	616	629	410	749	608
642000	563	517	550	473	581	765	571	668	638	640	642000	594	625	510	545	481	702	684	382	792	665
643000	543	474	550	407	602	679	504	679	604	657	643000	565	585	525	534	497	591	681	469	769	713
644000	528	450	592	372	658	615	579	667	612	707	644000	579	560	579	488	454	583	742	505	757	761
645000	551	516	578	421	648	646	519	635	584	650	645000	598	648	576	653	481	576	715	509	777	690
646000	544	466	507	522	693	626	550	673	682	676	646000	560	590	542	667	528	541	678	501	856	722
647000	416	508	477	406	660	612	458	646	623	651	647000	487	646	500	575	510	660	653	516	748	718
648000	530	533	584	430	618	564	488	614	642	641	648000	550	637	543	608	554	564	661	532	790	717
649000	633	551	551	577	712	588	522	628	595	597	649000	599	653	638	645	506	571	676	429	747	640
650000	540	505	589	644	683	560	551	603	629	639	650000	584	675	599	641	502	517	576	464	779	670
651000	692	509	644	600	744	560	568	625	645	616	651000	735	686	546	594	537	536	628	413	825	613
652000	634	512	567	542	784	580	525	589	656	695	652000	686	659	549	576	564	502	577	470	771	604
653000	642	509	568	555	774	592	521	597	648	594	653000	624	697	625	573	589	452	603	413	756	635
654000	713	548	542	533	735	573	515	593	626	630	654000	626	616	540	573	540	582	587	419	876	633
655000	663	562	575	496	672	519	504	644	573	546	655000	615	582	545	522	548	529	698	462	764	563
656000	643	590	524	503	710	515	464	657	620	560	656000	682	668	482	609	512	515	571	463	737	597
657000	522	464	536	485	739	581	490	667	606	621	657000	559	562	515	563	499	568	532	468	777	635
658000	529	513	523	505	759	653	425	600	640	593	658000	459	653	438	526	588	632	530	480	698	666
659000	556	418	418	480	775	657	468	646	578	556	659000	590	602	343	516	562	592	580	437	648	627
660000	622	422	584	384	700	612	477	612	631	650	660000	621	536	505	499	576	537	553	456	784	704
661000	665	427	589	463	731	641	435	557	694	608	661000	713	556	576	598	572	637	558	456	787	715
662000	664	427	587	390	711	615	440	610	588	640	662000	679	582	513	532	559	613	524	446	701	652
663000	610	466	564	414	687	554	512	576	650	581	663000	751	591	518	452	533	548	589	380	797	660
664000	641	481	578	421	644	586	522	652	560	705	664000	724	657	498	512	521	569	621	424	706	719
665000	743	477	535	474	731	587	581	683	558	705	665000	770	566	534	569	551	624	637	481	716	698
666000	699	530	478	448	656	601	559	632	571	654	666000	667	649	588	547	497	608	671	417	713	633
667000	749	482	583	478	711	613	554	725	611	717	667000	778	651	556	595	577	611	667	503	825	678
668000	773	448	584	513	664	630	557	641	662	690	668000	761	618	560	664	543	658	620	400	771	701
669000	649	459	655	495	738	536	492	646	669	778	669000	677	662	570	619	519	575	580	490	751	730
670000	641	434	591	536	622	638	544	722	672	593	670000	713	638	528	675	527	606	639	435	803	588
671000	672	434	592	518	629	599	574	699	646	702	671000	726	623	598	592	447	559	566	509	779	653
672000	631	487	508	448	751	596	585	742	772	723	672000	700	646	568	681	542	610	676	440	848	720
673000	610	447	594	469	776	661	538	662	695	677	673000	651	703	594	624	534	719	628	421	816	596
674000	632	508	603	422	719	686	553	676	669	645	674000	716	682	628	546	549	636	657	445	806	647
675000	588	529	645	464	707	647	514	662	674	720	675000	649	717	596	551	561	580	621	400	793	710
676000	642	520	569	418	727	562	467	654	718	676	676000	721	548	502	559	561	541	516	353	809	610
677000	605	471	603	380	778	507	508	620	654	657	677000	637	622	581	465	594	522	492	355	803	649
678000	569	416	561	339	710	655	548	575	702	628	678000	621	590	529	593	537	630	625	398	765	680
679000	599	434	507	419	697	621	548	546	668	557	679000	659	615	505	559	509	570	613	321	788	557
680000	534	409	518	438	607	670	478	464	736	709	680000	547	581	501	569	485	552	600	303	910	723
681000	620	421	590	500	671	724	478	492	679	614	681000	604	549	535	565	448	624	648	351	803	683
682000	601	472	560	521	726	660	544	526	670	621	682000	747	582	511	496	551	702	594	382	895	626
683000	605	486	514	493	715	679	560	567	671	683	683000	639	548	482	581	522	731	659	351	812	773
684000	611	436	529	493	703	661	594	597	674	597	684000	607	497	528	613	525	698	699	415	800	637
685000	682	463	581	503	729	618	474	601	666	739	685000	709	639	543	567	533	617	620	445	826	668
686000	679	443	507	525	716	646	511	530	647	719	686000	720	606	470	566	535	647	628	386	835	702
687000	654	471	612	502	714	681	493	603	567	673	687000	696	581	590	598	475	629	596	429	753	699
688000	651	401	548	468	612	604	520	596	622	704	688000	680	580	528	531	530	622	652	419	783	607
689000	620	425	562	463	628	615	564	667	704	653	689000	684	628	486	607	511	633	626	467	836	637
690000	679	424	561	445	734	639	524	630	687	556	690000	677	531	504	554	530	580	658	477	823	635
691000	649	406	495	494	608	603	576	710	633	659	691000	680	493	453	595	438	575	710	477	745	653
692000	734	533	564	499	526	636	528	621	616	741	692000	728	618	564	567	442	604	642	486	791	675
693000	666	524	463	444	599	631	517	654	648	530	693000	711	631	464	538	396	594	662	469	783	561
694000	671	475	517	477	706	602	529	583	706	680	694000	703	632	455	599	514	652	564	422	777	569
695000	715	571	542	441	754	547	492	657	624	677	695000	765	668	494	587	522	593	613	470	759	655
696000	695	538	549	529	723	606	467	632	680	647	696000	766	607	514	599	580	604	572	389	746	653
697000	722	468	603	466	598	630	510	639	614	664	697000	777	584	570	506	531	604	548	390	771	654
698000	733	542	473	460	646	575	507	525	618	585	698000	719	606	565	548	472	535	661	390	768	629
699000	587	459	599	459	570	706	523	638	644	624	699000	633	567	563	520	475	673	624	476	753	631
700000	450	482	597	527	596	649	594	542	700	580	700000	437	575	561	565	429	549	653	342	776	567
701000	538	515	657	508	625	632	588	499	666	632	701000	545	629	586	525	415	533	710	345	823	632
702000	578	451	588	528	558	599	563	526	590	612	702000	683	700	548	528	422	519	604	423	717	611
703000	657	516	542	537	583	542	481	502	704	552	703000	722	603	464	543	439	568	612	344	745	541
704000	597	469	659	548	567	567	499	521	660	607	704000	699	635	508	563	435	501	648	338	765	526
705000	632	541	571	531	609	649	510	546	685	674	705000	691	684	505	563	438	603	655	384	836	700
706000	519	537	632	503	633	631	491	640	668	676	706000	541	663	610	515	523	605	660	415	723	616
707000	617	491	577	412	689	617	488	622	644	598	707000	679	654	559	457	504	636	659	391	767	597
708000	572	541	558	467	699	638	557	703	603	653	708000	599	653	568	524	600	629	552	417	786	655
709000	547	475	576	452	649	710	578	617	633	637	709000	595	672	612	480	539	694	628	414	815	658
710000	530	529	533	438	666	602	549	770	591	720	710000	578	637	607	507	529	625	643	504	789	658
711000	577	495	612	451	653	657	564	646	623	587	711000	588	686	546	556	469	670	635	451	857	650
712000	499	527	584	495	637	523	547	688	664	634	712000	525	690	523	533	413	557	573	436	836	700
713000	605	589	559	448	532	599	523	602	731	606	713000	667	674	541	539	387	613	548	444	824	603
714000	597	518	619	441	555	578	562	590	674	588	714000	676	593	555	582	467	578	593	408	825	611
715000	628	542	581	382	676	593	546	626	661	546	715000	617	674	545	490	421	497	632	342	810	606
716000	570	529	593	396	630	588	534	540	587	568	716000	626	719	520	412	487	604	548	383	758	606
717000	638	567	541	392	670	579	585	583	666	673	717000	642	682	552	446	493	545	659	405	803	649
718000	607	544	640	428	629	593	564	707	696	670	718000	657	729	612	489	460	594	629	473	819	701
719000	688	481	567	453	690	655	652	647	663	659	719000	619	716	595	585	541	627	671	441	809	619
720000	591	562	532	427	669	627	618	650	666	652	720000	668	678	528	541	506	655	654	427	816	675
721000	540	562	650	482	571	647	580	606	620	632	721000	624	597	646	510	434	559	614	415	772	608
722000	665	513	539	473	660	627	604	616	694	633	722000	639	649	524	444	527	662	652	460	808	666
723000	733	520	536	509	648	604	530	726	622	618	723000	753	620	571	556	485	596	642	505	818	630
724000	654	535	487	493	646	595	515	634	594	725	724000	719	653	567	515	492	645	606	457	770	714
725000	620	473	590	464	600	647	622	677	644	642	725000	721	583	511	519	427	663	651	411	764	592
726000	613	433	538	468	639	695	528	683	643	685	726000	689	548	538	569	462	648	559	393	738	715
727000	651	433	574	382	651	615	593	586	622	651	727000	720	557	549	454	492	616	555	409	732	743
728000	616	486	570	439	602	616	565	591	665	699	728000	664	586	500	505	467	663	431	356	842	732
729000	632	415	618	456	602	598	642	637	711	676	729000	679	572	547	543	458	605	657	445	701	693
730000	677	466	599	459	582	632	581	610	642	658	730000	737	539	514	538	437	637	595	410	823	665
731000	637	436	579	415	574	630	670	654	704	703	731000	652	577	553	541	400	588	575	429	830	695
732000	576	455	546	472	640	595	573	688	673	772	732000	653	570	552	547	501	624	660	415	800	762
733000	684	490	603	463	588	612	658	711	593	582	733000	737	596	599	524	441	600	598	496	740	646
734000	617	485	609	473	713	596	584	661	643	620	734000	642	626	620	551	566	629	539	442	769	618
735000	593	513	596	485	717	637	571	725	620	641	735000	639	704	615	515	507	607	573	475	775	606
736000	687	537	558	554	694	523	528	608	628	628	736000	645	693	624	550	484	541	551	396	708	650
737000	544	551	521	480	583	640	629	554	667	595	737000	654	662	625	523	421	578	640	409	771	648
738000	698	516	591	564	620	594	565	699	669	613	738000	667	666	641	489	402	619	641	509	745	768
739000	682	529	715	528	650	610	584	680	617	667	739000	700	711	639	583	412	639	680	433	719	692
740000	647	490	654	462	737	601	590	680	600	713	740000	663	632	615	541	498	633	687	510	684	693
741000	571	441	705	561	670	598	654	587	627	622	741000	647	570	691	583	422	627	685	378	664	630
742000	598	437	644	519	688	668	642	553	653	543	742000	569	583	660	510	465	636	635	415	750	642
743000	638	413	650	557	718	652	634	634	669	534	743000	691	552	584	524	425	714	666	425	735	618
744000	617	431	677	555	694	650	596	761	651	678	744000	615	617	603	553	439	592	582	492	711	723
745000	612	472	645	518	622	482	536	740	673	649	745000	592	664	564	496	392	546	600	477	750	727
746000	643	470	617	537	609	594	604	681	653	596	746000	631	674	598	515	448	636	722	408	783	643
747000	547	435	603	548	690	492	668	706	664	644	747000	586	588	630	507	464	612	652	441	812	695
748000	582	500	593	471	633	597	660	610	608	753	748000	579	660	593	516	445	715	634	353	739	731
749000	681	481	606	490	678	568	639	690	715	593	749000	764	622	655	576	476	650	568	463	738	646
750000	659	462	553	428	616	644	614	716	653	702	750000	684	680	562	540	425	636	522	452	789	761
751000	696	504	655	457	599	580	657	679	664	604	751000	648	672	639	415	448	668	565	471	794	659
752000	709	418	632	449	616	618	574	713	611	598	752000	701	632	558	474	419	620	599	463	716	708
753000	738	460	617	470	554	632	602	621	691	618	753000	766	600	554	469	328	629	595	413	697	741
754000	673	413	600	513	616	606	557	658	676	637	754000	745	692	563	458	478	610	498	387	715	680
755000	700	403	582	488	640	559	608	639	716	618	755000	690	597	552	506	403	555	579	392	762	734
756000	614	440	550	491	599	615	604	702	636	671	756000	629	607	580	544	375	589	503	455	703	720
757000	670	414	591	465	695	619	646	732	616	714	757000	679	674	617	517	463	643	516	438	763	716
758000	748	445	568	443	571	722	632	673	609	664	758000	722	724	628	572	426	669	522	429	735	662
759000	606	487	585	481	685	647	578	674	701	689	759000	591	695	610	589	507	688	522	416	715	695
760000	658	484	506	477	749	598	687	644	631	693	760000	717	735	526	595	508	557	585	380	683	729
761000	646	437	538	524	649	532	696	631	626	655	761000	667	738	582	566	431	594	573	419	656	673
762000	573	434	548	561	605	639	657	546	648	665	762000	698	779	612	639	467	603	561	365	590	712
763000	614	429	606	532	605	592	595	710	690	667	763000	719	718	611	672	456	582	484	467	708	673
764000	568	386	526	549	660	603	593	709	656	627	764000	612	622	553	630	445	616	497	451	770	726
765000	562	450	598	469	621	624	524	691	663	645	765000	655	670	632	518	467	590	543	422	652	734
766000	582	378	605	450	679	643	553	780	665	633	766000	586	731	606	582	472	586	555	479	717	603
767000	568	422	624	523	670	598	525	723	636	652	767000	634	707	625	691	478	655	535	423	690	627
768000	647	440	676	484	594	701	629	660	570	679	768000	808	755	630	645	397	690	562	411	655	685
769000	677	524	615	512	598	580	603	672	600	713	769000	741	745	585	599	421	640	617	396	741	699
770000	635	488	545	431	639	585	615	675	666	699	770000	673	751	580	559	384	676	575	447	697	702
771000	653	444	505	479	675	571	640	678	619	689	771000	727	734	473	608	497	555	598	420	764	785
772000	663	512	410	537	600	579	638	556	759	590	772000	691	727	502	624	468	579	583	372	768	614
773000	615	460	608	486	736	615	685	565	651	647	773000	647	660	632	564	476	572	605	377	720	667
774000	640	466	664	444	746	584	567	619	656	689	774000	714	747	621	587	503	540	478	463	814	585
775000	582	453	521	439	720	628	542	705	619	637	775000	662	666	594	500	456	572	543	402	693	618
776000	607	478	619	461	686	496	584	690	587	622	776000	641	742	596	538	472	571	583	476	749	676
777000	576	422	629	435	656	586	563	669	590	648	777000	563	734	626	518	487	605	490	495	689	646
778000	641	427	622	515	835	427	629	630	565	748	778000	706	733	608	542	576	421	522	416	796	705
779000	567	458	547	500	653	469	618	693	631	728	779000	656	730	605	550	463	535	534	477	729	661
780000	638	480	648	498	754	569	680	670	760	703	780000	679	779	668	576	529	598	536	479	822	774
781000	622	458	619	548	638	583	626	763	581	631	781000	713	730	606	551	495	669	529	505	738	737
782000	702	458	647	546	670	580	598	677	613	704	782000	736	720	680	579	467	580	597	475	749	696
783000	576	514	633	472	678	647	655	771	635	656	783000	607	756	652	630	446	633	622	499	776	739
784000	657	421	611	516	630	565	648	699	698	698	784000	667	658	704	540	407	660	605	444	783	746
785000	592	435	659	580	625	601	591	702	687	666	785000	587	685	591	555	431	645	664	478	759	667
786000	616	362	628	542	655	594	638	563	745	697	786000	691	604	581	542	517	613	627	509	754	697
787000	652	441	656	544	682	586	517	646	614	663	787000	714	697	627	611	442	579	500	447	728	643
788000	709	422	657	528	678	679	621	622	641	718	788000	799	693	628	595	493	582	491	451	752	692
789000	681	422	631	541	589	681	581	593	656	839	789000	740	679	595	587	421	644	550	481	748	734
790000	619	387	665	566	629	679	610	636	650	704	790000	640	623	598	637	485	603	570	491	715	672
791000	606	415	642	591	675	673	639	569	634	672	791000	633	652	696	555	474	577	563	404	755	636
792000	746	355	669	690	612	655	730	540	576	708	792000	763	604	632	700	442	601	578	407	665	704
793000	615	454	672	531	653	648	719	565	594	734	793000	659	687	605	630	395	647	540	448	735	649
794000	570	441	662	537	671	625	698	592	556	670	794000	684	615	671	620	445	652	555	514	646	650
795000	658	407	628	561	682	632	701	616	602	729	795000	641	674	611	576	436	646	577	472	618	684
796000	642	455	643	634	650	654	723	633	626	770	796000	683	663	580	589	405	681	551	464	725	698
797000	618	484	567	559	639	681	670	740	582	750	797000	649	717	596	551	419	651	529	501	685	650
798000	621	487	687	537	602	589	559	574	628	703	798000	673	619	646	645	428	636	509	493	675	698
799000	631	397	591	610	614	641	587	686	687	692	799000	726	645	567	546	493	611	607	505	746	685
800000	537	400	668	538	723	649	642	741	650	775	800000	600	563	592	615	497	543	538	475	715	766
801000	672	505	623	546	749	588	636	658	657	721	801000	764	753	651	483	518	559	531	500	691	614
802000	643	508	648	549	664	615	628	683	650	774	802000	675	722	626	560	451	607	479	537	709	734
803000	646	461	621	655	628	623	702	713	602	719	803000	701	743	605	580	478	540	614	477	678	691
804000	513	475	572	585	687	671	736	724	620	686	804000	642	712	595	626	476	605	611	514	666	661
805000	604	544	637	540	637	635	529	688	671	647	805000	642	757	661	554	472	616	499	573	675	668
806000	651	493	641	555	635	579	670	578	733	747	806000	716	750	611	584	529	603	536	499	739	650
807000	674	494	586	532	586	610	662	714	681	808	807000	781	785	640	539	443	572	508	491	765	743
808000	672	518	662	599	651	615	699	607	735	684	808000	778	734	627	562	510	572	585	481	772	665
809000	647	510	535	637	622	626	662	665	690	687	809000	821	749	561	659	401	623	536	427	736	657
810000	638	453	613	622	725	655	662	588	660	676	810000	764	703	620	563	498	658	529	435	703	682
811000	700	511	684	582	618	625	657	677	723	732	811000	758	656	705	593	481	604	542	474	780	719
812000	698	538	584	740	587	695	666	654	570	680	812000	714	649	659	599	444	633	555	489	720	659
813000	641	560	584	644	640	647	708	622	597	664	813000	800	826	612	593	463	646	651	469	707	634
814000	628	446	577	646	670	626	788	718	674	772	814000	619	776	494	652	455	641	656	528	735	727
815000	571	444	629	550	640	645	719	725	649	713	815000	779	844	652	543	479	579	635	475	770	721
816000	672	511	637	642	684	669	650	667	707	788	816000	765	748	645	577	495	677	682	474	762	702
817000	632	449	544	596	603	694	655	557	650	684	817000	836	736	614	601	457	643	635	399	757	667
818000	635	493	600	546	622	618	639	579	635	678	818000	682	751	583	538	408	653	691	432	628	721
819000	564	517	637	617	678	593	600	659	672	652	819000	713	759	584	610	476	615	600	432	750	694
820000	567	551	596	533	630	643	754	647	681	609	820000	686	779	575	487	474	657	722	493	712	582
821000	707	573	589	501	670	600	689	686	625	685	821000	729	769	531	536	442	632	667	501	753	617
822000	632	549	469	517	643	633	667	623	617	719	822000	809	771	463	474	490	670	668	486	724	693
823000	647	448	618	627	629	483	679	763	696	763	823000	751	776	625	578	448	484	616	487	788	734
824000	654	515	610	627	652	412	693	657	691	745	824000	685	840	604	587	489	436	704	469	737	706
825000	614	516	604	625	585	612	659	713	735	885	825000	752	840	633	593	446	604	610	452	760	799
826000	599	477	647	656	645	496	748	658	665	786	826000	707	721	676	607	449	531	644	499	691	646
827000	624	500	651	667	634	604	617	559	619	701	827000	707	768	587	617	494	660	618	424	657	720
828000	642	473	520	684	645	601	619	599	693	748	828000	714	764	525	712	462	577	576	411	681	648
829000	654	504	599	673	610	575	672	608	674	760	829000	742	779	612	580	449	645	648	445	762	733
830000	627	479	582	572	682	593	627	539	755	784	830000	761	792	656	533	501	575	546	403	756	726
831000	670	460	596	557	672	526	597	569	717	733	831000	771	794	577	597	492	578	592	400	822	682
832000	659	469	550	631	653	595	644	670	729	633	832000	778	813	544	648	452	665	604	482	740	743
833000	615	468	629	614	594	594	575	659	751	669	833000	688	728	650	645	456	594	550	456	821	655
834000	637	442	661	599	653	578	613	724	688	749	834000	725	668	636	617	502	605	545	499	757	665
835000	630	424	518	594	711	576	617	708	716	712	835000	731	598	527	632	497	604	535	531	781	721
836000	677	467	699	626	745	478	684	684	720	751	836000	809	665	634	651	481	571	524	456	724	682
837000	603	495	577	623	726	592	657	793	804	757	837000	804	744	638	620	561	634	592	551	812	738
838000	544	470	702	619	649	551	705	647	745	827	838000	719	720	687	580	473	586	717	473	703	752
839000	546	534	659	540	550	420	698	610	747	787	839000	656	786	607	579	464	547	711	449	698	705
840000	640	531	573	513	559	516	705	655	684	803	840000	798	724	552	586	377	613	683	450	644	688
841000	553	507	674	591	572	534	688	665	782	716	841000	620	672	614	622	404	644	639	427	669	665
842000	619	447	604	627	587	568	763	624	684	789	842000	758	710	519	596	438	664	676	485	676	787
843000	632	491	613	610	619	656	760	590	811	765	843000	719	674	566	642	513	680	714	450	648	699
844000	637	490	688	643	607	651	724	632	679	727	844000	749	761	643	625	434	645	716	543	701	754
845000	671	469	732	590	575	596	733	695	702	738	845000	749	695	701	587	449	616	668	545	747	677
846000	656	406	720	623	612	550	701	664	707	716	846000	781	720	687	619	475	592	602	442	620	730
847000	670	446	649	661	628	589	604	585	688	638	847000	815	682	629	608	517	552	615	425	739	682
848000	594	489	555	641	563	620	669	546	741	716	848000	755	764	536	593	420	579	596	408	688	675
849000	624	388	606	703	561	591	639	659	728	646	849000	735	620	682	651	478	612	593	486	712	683
850000	663	396	656	671	564	657	687	632	717	638	850000	876	708	665	613	410	629	640	438	694	722
851000	667	457	569	689	637	663	641	696	693	765	851000	817	674	611	648	449	647	669	531	642	737
852000	682	477	640	695	707	635	727	627	684	712	852000	791	835	618	656	426	623	726	464	670	707
853000	720	445	583	641	661	560	650	650	669	659	853000	869	722	629	549	464	662	668	429	715	667
854000	678	464	618	621	680	589	663	610	685	726	854000	736	762	599	558	466	588	651	440	712	676
855000	633	494	607	731	599	611	694	642	692	687	855000	797	839	591	677	429	592	561	468	685	683
856000	624	508	641	665	587	629	653	628	699	751	856000	737	708	631	647	429	624	613	410	642	713
857000	669	415	617	678	569	600	820	603	683	692	857000	753	681	633	565	405	604	664	444	673	703
858000	636	448	462	677	600	588	767	626	755	751	858000	703	795	496	610	370	600	656	392	698	711
859000	623	429	562	686	637	610	738	531	654	713	859000	795	727	535	728	417	636	672	366	692	668
860000	608	444	653	654	676	594	642	561	686	720	860000	723	724	651	606	422	668	632	411	699	735
861000	589	457	581	676	577	608	643	568	729	719	861000	753	817	550	678	414	588	532	419	672	782
862000	587	418	570	598	629	656	741	549	761	692	862000	682	702	517	630	454	658	670	396	671	671
863000	531	413	644	649	639	619	723	574	721	712	863000	741	715	598	567	484	603	615	381	695	662
864000	536	474	637	531	584	606	672	595	713	784	864000	655	775	604	535	419	554	624	399	654	692
865000	588	472	638	632	589	688	706	615	703	811	865000	795	781	676	529	426	653	617	439	677	714
866000	599	475	541	639	667	650	666	534	590	723	866000	721	880	574	593	413	604	562	409	639	667
867000	600	518	569	592	678	598	586	568	653	667	867000	739	758	624	574	487	578	585	426	636	684
868000	619	496	622	650	590	587	590	608	645	697	868000	723	749	639	568	449	575	509	425	589	668
869000	605	429	637	637	732	586	594	582	688	700	869000	761	729	623	511	408	679	548	425	659	706
870000	641	480	570	650	676	571	631	579	710	741	870000	843	836	597	583	481	528	567	411	670	691
871000	665	460	686	641	568	575	623	589	743	712	871000	820	784	691	551	372	562	549	461	693	638
872000	631	507	568	645	587	671	636	790	644	739	872000	801	799	573	570	346	542	588	510	651	678
873000	647	466	560	662	667	663	728	647	651	661	873000	746	826	593	609	454	618	674	481	628	660
874000	659	398	641	629	654	564	703	695	626	696	874000	818	779	630	559	478	541	685	504	628	704
875000	575	483	694	555	639	662	713	679	634	743	875000	695	765	748	583	446	723	659	479	693	676
876000	559	459	604	708	628	568	749	648	605	672	876000	696	701	670	638	449	575	712	449	676	718
877000	559	468	638	685	628	651	750	560	675	677	877000	737	746	656	721	398	589	751	443	689	654
878000	602	536	711	594	593	565	753	598	694	681	878000	777	823	736	686	392	557	698	399	619	639
879000	598	496	598	594	566	560	716	600	600	744	879000	805	753	634	632	416	549	652	453	575	703
880000	545	509	629	539	570	603	772	704	639	711	880000	730	860	547	613	416	635	667	389	604	726
881000	605	500	623	628	660	586	847	736	647	715	881000	750	795	656	761	394	616	679	411	588	687
882000	558	528	681	595	553	669	729	726	677	742	882000	701	784	685	610	400	673	625	404	574	768
883000	660	557	666	518	631	669	767	760	674	822	883000	830	810	666	622	408	653	703	430	557	712
884000	548	535	659	643	620	699	721	610	698	783	884000	714	831	613	716	365	602	666	476	588	737
885000	499	545	651	654	708	624	737	655	673	712	885000	586	827	540	627	363	589	728	458	575	746
886000	608	536	683	573	657	610	799	737	651	673	886000	652	768	717	596	354	626	713	503	660	673
887000	606	484	732	476	639	632	750	691	655	804	887000	741	801	681	574	315	637	656	550	630	830
888000	661	473	724	560	621	689	713	706	685	739	888000	721	788	744	540	392	608	680	477	665	812
889000	590	484	619	663	727	675	701	751	682	756	889000	794	813	658	631	360	659	641	439	590	791
890000	622	528	586	680	737	632	716	714	763	724	890000	738	762	564	798	370	630	643	554	704	732
891000	616	545	666	701	674	639	679	674	724	744	891000	689	855	635	734	351	639	563	504	747	759
892000	586	466	694	569	690	568	668	789	788	781	892000	726	744	670	649	418	555	641	509	750	776
893000	568	426	579	593	656	610	644	719	808	715	893000	732	700	608	648	393	548	625	476	634	730
894000	612	390	677	575	753	666	660	768	691	736	894000	767	665	652	701	435	654	654	453	593	737
895000	607	475	544	678	706	616	610	738	745	707	895000	770	744	527	739	403	604	670	475	688	706
896000	587	448	704	605	754	550	545	722	714	796	896000	774	733	657	655	348	566	595	476	699	757
897000	592	575	633	665	674	615	694	719	697	755	897000	683	818	550	630	386	591	609	430	654	719
898000	602	519	670	590	684	616	701	610	624	792	898000	753	776	651	648	388	604	674	414	647	843
899000	611	468	611	634	634	625	673	706	565	729	899000	743	824	568	790	358	649	647	444	597	665
900000	589	497	713	604	693	591	669	632	710	751	900000	708	768	671	714	372	601	725	474	659	755
901000	660	496	740	651	721	606	618	639	748	752	901000	797	770	737	789	346	596	704	426	715	774
902000	677	473	680	574	695	644	665	788	680	841	902000	894	708	713	617	394	625	731	474	634	778
903000	676	453	654	560	637	616	741	689	736	742	903000	843	768	647	664	420	640	654	434	658	773
904000	611	442	662	544	682	640	669	704	730	794	904000	744	687	661	672	423	693	717	396	643	763
905000	539	478	745	539	659	679	563	688	732	828	905000	727	719	718	624	406	704	679	402	567	795
906000	524	468	656	629	599	603	646	652	731	738	906000	636	765	662	752	407	694	709	393	567	737
907000	556	496	695	577	689	661	576	620	760	705	907000	718	814	691	691	427	675	589	436	668	728
908000	685	513	720	533	733	602	659	635	714	720	908000	862	837	721	627	424	637	695	442	631	700
909000	639	480	658	569	617	660	636	704	722	655	909000	724	828	608	658	434	664	708	432	609	663
910000	600	468	666	570	688	702	633	569	688	667	910000	739	773	672	650	477	609	725	390	585	678
911000	586	500	633	636	692	733	677	645	665	694	911000	705	851	669	640	472	702	742	406	643	631
912000	672	393	639	580	704	680	637	668	716	741	912000	836	767	635	610	464	645	745	365	569	706
913000	600	513	675	566	594	733	716	639	676	674	913000	808	816	657	633	422	669	765	430	649	678
914000	691	472	631	592	652	676	725	619	679	727	914000	869	736	629	645	427	679	698	387	659	648
915000	626	564	655	657	616	626	732	601	742	725	915000	801	892	689	673	414	624	736	396	674	686
916000	629	624	650	652	659	660	781	636	728	706	916000	782	863	641	694	482	572	734	436	656	701
917000	636	577	684	637	638	653	642	578	730	774	917000	754	829	661	670	450	620	687	329	731	764
918000	640	496	619	680	630	638	593	737	732	761	918000	724	801	635	696	452	613	604	363	679	720
919000	623	510	665	674	612	750	579	588	661	773	919000	695	793	697	694	453	655	590	337	691	662
920000	612	502	646	697	616	667	674	628	711	812	920000	739	792	641	642	451	606	626	380	561	694
921000	614	525	781	636	688	705	618	530	720	711	921000	772	812	727	674	474	634	631	341	628	662
922000	635	572	702	584	611	626	643	658	685	712	922000	786	850	568	555	481	617	655	412	686	719
923000	641	580	734	637	675	698	580	724	691	686	923000	888	812	754	648	475	682	668	433	646	662
924000	653	502	705	634	688	651	615	601	714	675	924000	810	805	781	615	501	639	701	407	650	628
925000	658	542	712	623	633	719	660	621	692	666	925000	767	803	718	590	488	644	681	407	631	689
926000	595	504	651	690	667	646	654	610	706	687	926000	771	814	647	596	444	643	667	381	681	723
927000	678	471	686	584	601	626	746	584	711	712	927000	756	768	692	568	472	640	797	368	654	774
928000	567	469	684	566	651	689	651	654	757	793	928000	697	788	758	652	459	657	646	430	683	713
929000	623	560	700	659	692	659	666	599	761	785	929000	741	760	778	645	489	636	702	404	636	825
930000	636	452	746	612	733	606	662	602	637	797	930000	786	733	759	667	413	617	736	417	638	784
931000	651	527	661	710	655	667	599	735	726	802	931000	743	765	693	701	420	659	706	426	659	819
932000	630	489	765	623	661	661	618	657	731	642	932000	748	763	759	709	477	645	722	445	685	687
933000	670	445	695	579	671	647	650	598	675	638	933000	777	687	653	597	481	692	724	411	662	664
934000	552	504	627	643	666	721	691	558	725	697	934000	686	862	665	615	449	695	642	322	629	644
935000	527	482	619	694	696	687	737	643	690	691	935000	667	797	629	703	490	653	640	369	736	705
936000	599	470	657	656	681	702	733	668	645	646	936000	667	850	747	721	478	702	665	445	715	659
937000	599	448	772	643	639	688	731	669	656	609	937000	686	820	812	636	436	651	684	452	659	643
938000	583	483	711	664	660	691	726	690	750	682	938000	733	766	659	671	438	668	700	429	784	729
939000	649	561	749	650	708	559	732	628	705	802	939000	795	889	763	697	450	656	696	452	677	821
940000	667	469	643	663	676	626	631	677	699	769	940000	801	781	652	669	479	620	662	436	721	755
941000	674	524	697	589	676	641	686	701	706	706	941000	804	847	700	593	487	732	720	445	647	680
942000	611	546	720	625	688	612	618	622	627	807	942000	764	774	673	571	448	638	622	375	664	781
943000	544	515	739	664	658	567	710	690	665	704	943000	590	813	721	579	468	521	740	410	671	701
944000	578	533	669	672	628	784	648	771	706	686	944000	673	809	729	628	458	720	638	395	748	685
945000	613	558	763	688	682	628	627	683	739	806	945000	781	837	695	647	517	673	721	362	623	773
946000	607	513	692	644	660	732	593	612	682	777	946000	798	816	684	694	489	721	645	359	703	845
947000	586	536	679	693	717	693	681	653	829	797	947000	700	843	669	587	499	620	689	375	729	783
948000	588	508	735	659	662	688	642	642	725	736	948000	710	714	748	688	438	683	717	397	637	698
949000	595	547	751	599	671	641	665	623	740	743	949000	755	796	740	609	431	585	675	446	652	690
950000	556	564	752	645	663	691	628	650	792	703	950000	699	778	778	620	502	702	710	338	685	673
951000	560	588	723	600	572	608	653	604	718	713	951000	726	848	705	576	432	669	751	411	668	614
952000	582	536	781	715	718	761	708	634	760	728	952000	795	831	774	585	498	694	751	429	662	652
953000	604	548	762	619	580	678	626	556	745	708	953000	766	783	762	556	434	678	720	391	746	726
954000	613	537	732	649	617	711	671	603	745	707	954000	758	752	758	644	436	674	743	433	686	726
955000	694	485	738	631	631	703	611	668	674	778	955000	802	819	788	597	419	680	673	398	642	768
956000	671	562	623	658	649	715	616	615	648	755	956000	753	809	671	626	476	692	772	435	665	755
957000	701	527	734	598	721	712	690	636	716	735	957000	811	750	782	536	462	679	717	405	778	724
958000	622	463	697	569	719	677	685	613	763	714	958000	733	733	738	569	459	657	780	425	751	766
959000	645	537	777	694	675	610	714	650	720	727	959000	823	769	742	578	389	615	738	409	703	750
960000	595	570	735	722	660	622	640	728	769	692	960000	733	832	664	700	433	670	726	441	715	646
961000	494	568	738	660	632	661	670	621	719	620	961000	628	826	735	603	424	628	750	441	734	706
962000	690	570	702	693	695	671	721	595	667	728	962000	833	776	680	694	411	678	736	398	630	656
963000	577	549	701	584	659	654	747	703	680	785	963000	742	868	674	570	480	624	705	431	652	729
964000	565	521	714	665	674	697	677	631	761	779	964000	709	832	652	614	424	631	699	428	685	798
965000	630	615	690	579	676	768	695	649	639	773	965000	713	835	672	547	413	675	697	423	662	820
966000	658	568	742	626	682	747	647	625	696	666	966000	799	750	685	564	404	667	737	402	687	713
967000	563	442	732	612	745	696	663	675	709	706	967000	673	754	666	627	376	609	670	452	732	737
968000	601	447	744	603	705	660	681	650	790	795	968000	732	785	708	662	487	691	700	445	669	703
969000	579	496	678	578	690	749	650	600	724	701	969000	729	711	676	553	401	760	730	423	577	749
970000	607	472	733	637	678	681	661	605	731	806	970000	728	737	743	691	404	672	716	372	689	827
971000	623	503	617	607	686	724	574	689	678	710	971000	755	791	660	526	365	701	667	414	710	736
972000	570	507	659	620	605	644	592	629	646	792	972000	659	767	684	591	413	588	676	473	657	766
973000	670	527	628	578	648	587	623	647	701	809	973000	765	792	661	519	442	604	669	428	673	756
974000	578	528	720	631	662	623	549	718	769	650	974000	725	865	736	607	403	615	676	443	734	687
975000	643	554	679	643	762	683	616	720	677	669	975000	760	869	742	630	440	597	717	473	804	650
976000	595	536	759	591	786	713	626	620	678	687	976000	728	786	779	611	385	661	695	411	664	725
977000	609	554	729	580	766	717	649	506	678	794	977000	703	887	678	618	430	777	726	401	643	716
978000	708	534	631	642	759	747	643	533	736	727	978000	706	822	628	635	392	727	706	409	648	748
979000	611	533	640	614	692	760	652	598	734	711	979000	734	796	666	513	424	754	765	457	670	725
980000	618	556	756	612	760	547	676	670	794	725	980000	709	845	703	572	411	603	715	509	702	788
981000	653	500	727	574	676	575	547	662	728	708	981000	692	774	803	495	456	525	661	499	613	697
982000	523	534	676	682	698	635	637	736	724	696	982000	679	830	754	692	382	661	751	491	600	679
983000	673	531	763	548	758	666	629	616	672	708	983000	781	796	696	704	393	696	663	451	620	774
984000	656	518	778	655	734	671	678	564	730	629	984000	771	827	676	596	342	662	728	406	682	654
985000	613	464	716	548	757	632	577	610	714	685	985000	742	761	615	551	360	604	743	482	611	732
986000	613	496	673	600	749	588	591	570	697	710	986000	712	853	707	658	401	588	726	419	591	684
987000	666	484	739	595	716	592	597	622	693	722	987000	737	864	686	676	467	618	739	475	612	688
988000	654	496	703	662	700	546	632	673	696	843	988000	731	806	708	666	426	588	820	468	699	805
989000	605	552	677	627	686	611	608	616	720	728	989000	657	782	789	724	435	568	763	477	624	791
990000	538	464	644	655	661	691	635	733	685	826	990000	633	801	628	596	385	643	701	442	667	753
991000	636	574	686	690	800	711	611	688	665	774	991000	790	802	669	688	447	717	677	535	665	787
992000	620	485	704	624	724	655	575	666	716	649	992000	777	801	698	679	369	684	622	432	652	636
993000	715	551	778	645	765	757	641	707	734	669	993000	808	827	834	715	412	711	752	491	638	708
994000	580	485	730	621	786	684	648	700	663	624	994000	727	777	726	635	396	699	714	448	648	678
995000	624	572	722	637	723	775	660	718	664	775	995000	706	907	714	757	415	772	739	478	611	802
996000	677	557	685	691	711	721	628	690	673	728	996000	750	862	696	763	430	653	728	462	657	732
997000	518	513	660	654	714	695	680	676	624	745	997000	620	880	626	660	444	627	779	475	573	720
998000	587	543	690	634	729	687	622	743	624	787	998000	681	752	603	692	454	676	699	502	651	806
999000	625	516	593	621	719	696	617	663	626	748	999000	733	923	648	711	437	700	711	486	595	691
1000000	2	0	1	1	0	1	0	0	0	0	1000000	1	3	1	0	0	0	1	1	0	2
