0	14	11	13	9	10	11	10	12	23	22
1000	5	7	6	0	5	0	3	2	6	4
2000	1	5	7	4	8	2	4	2	2	12
3000	1	1	4	2	3	1	2	0	0	1
4000	0	2	4	5	4	2	3	8	2	4
5000	1	8	6	1	4	0	0	7	0	4
6000	0	6	1	14	8	1	4	0	3	4
7000	0	2	3	2	4	2	5	2	3	6
8000	2	5	0	6	15	2	13	2	2	3
9000	1	3	3	0	0	9	13	1	2	11
10000	2	8	11	0	14	5	4	0	17	5
11000	0	12	13	1	3	7	1	1	22	6
12000	2	17	9	0	14	2	4	10	3	3
13000	1	11	5	7	13	5	4	2	3	2
14000	0	3	0	13	11	6	10	3	1	25
15000	0	4	1	2	21	21	1	6	9	10
16000	1	11	0	1	20	13	0	10	2	1
17000	0	14	0	6	23	15	0	10	11	5
18000	3	4	6	2	10	15	0	12	8	1
19000	0	12	10	5	9	28	4	14	12	7
20000	1	24	2	10	6	9	4	11	7	4
21000	2	19	1	21	6	12	1	9	15	19
22000	0	22	0	14	5	8	0	25	16	19
23000	4	25	5	20	12	9	1	20	18	14
24000	4	17	2	28	25	9	6	23	40	11
25000	2	11	3	15	18	18	6	12	33	10
26000	4	27	16	7	10	8	4	16	57	1
27000	2	20	5	12	2	18	1	25	52	4
28000	2	57	9	23	8	21	3	17	72	11
29000	0	9	12	15	8	3	2	22	60	14
30000	1	20	10	16	2	5	5	6	73	10
31000	2	6	9	23	5	9	10	16	119	29
32000	1	7	7	31	3	21	21	21	144	12
33000	4	15	16	23	15	40	10	40	138	24
34000	2	8	11	3	5	17	17	23	112	22
35000	3	5	11	14	5	5	32	47	133	16
36000	7	7	2	12	8	21	74	25	180	17
37000	5	26	4	11	7	30	36	22	254	3
38000	2	12	0	17	17	6	20	27	182	2
39000	0	42	6	28	13	9	7	22	201	14
40000	3	55	4	16	19	4	15	30	221	4
41000	1	11	11	30	7	36	22	22	198	3
42000	4	23	7	29	9	21	6	20	206	6
43000	3	18	7	19	4	20	4	38	226	13
44000	6	24	7	18	8	8	12	29	249	34
45000	2	15	2	45	2	6	18	40	198	11
46000	4	8	6	33	5	22	28	21	179	11
47000	3	18	5	29	4	20	19	40	175	16
48000	8	23	10	67	3	15	52	67	182	3
49000	2	59	4	43	1	14	25	42	151	10
50000	3	33	10	70	3	24	35	33	228	10
51000	7	56	14	27	7	17	19	32	213	11
52000	2	73	7	36	6	8	50	46	242	12
53000	5	54	2	44	10	17	24	41	245	44
54000	7	49	2	37	27	24	30	32	190	40
55000	5	18	6	35	17	16	77	43	247	49
56000	11	21	18	50	5	10	90	55	258	36
57000	4	12	14	48	11	20	39	71	294	58
58000	7	27	17	59	8	24	37	71	234	40
59000	7	24	12	37	6	6	61	64	285	28
60000	9	48	4	54	2	11	39	74	346	14
61000	8	29	13	57	6	8	43	58	290	25
62000	8	28	13	47	10	4	45	76	300	47
63000	7	20	10	45	14	11	77	64	270	34
64000	13	42	6	49	18	14	39	64	317	35
65000	10	17	5	80	3	11	41	62	257	39
66000	3	12	18	77	4	7	36	96	259	42
67000	6	39	25	46	5	15	64	79	220	43
68000	5	38	17	55	5	18	66	54	239	45
69000	5	70	26	44	5	22	63	68	329	45
70000	10	66	16	59	6	10	62	64	332	28
71000	5	17	18	47	15	19	60	24	275	33
72000	8	26	14	59	9	14	82	61	270	25
73000	10	21	44	52	11	11	58	68	321	21
74000	23	32	40	52	15	35	118	75	318	36
75000	26	37	35	72	15	25	91	55	337	32
76000	13	46	36	74	6	28	139	75	323	23
77000	8	22	31	98	19	19	116	56	313	46
78000	27	32	53	91	9	14	124	43	305	60
79000	21	105	49	145	19	11	107	66	343	53
80000	15	140	13	86	24	41	120	62	324	62
81000	18	137	22	122	10	19	118	72	376	24
82000	17	128	37	134	18	11	92	62	428	29
83000	18	78	34	108	13	15	83	70	350	27
84000	15	64	67	130	12	27	106	62	348	48
85000	21	57	58	155	7	22	140	51	328	85
86000	14	53	46	130	9	46	97	40	319	51
87000	15	66	57	179	5	25	104	47	360	61
88000	26	124	26	155	8	32	100	57	301	58
89000	13	76	43	117	10	14	120	80	300	55
90000	20	95	38	145	13	28	166	121	265	51
91000	26	154	19	175	4	26	123	124	382	52
92000	27	125	40	200	2	11	137	96	444	60
93000	27	101	87	139	15	18	100	106	331	56
94000	18	70	94	208	6	16	163	84	370	54
95000	15	81	78	186	16	11	153	102	406	82
96000	22	81	89	181	1	12	110	100	375	55
97000	13	137	94	186	3	21	109	84	374	57
98000	17	95	70	280	11	50	69	87	284	75
99000	27	108	45	246	4	41	71	120	310	65
100000	25	144	32	263	16	28	124	143	313	77
101000	20	76	57	179	21	34	135	134	230	85
102000	20	55	40	180	16	26	117	138	225	52
103000	37	108	78	246	22	70	72	159	249	74
104000	30	100	84	200	6	57	115	123	205	75
105000	34	74	94	213	15	36	133	187	277	67
106000	31	85	112	282	18	18	155	205	262	48
107000	32	65	87	197	10	56	136	191	298	44
108000	31	122	106	223	23	64	149	204	370	53
109000	35	143	119	206	20	52	184	171	318	89
110000	42	156	74	185	7	73	189	149	335	113
111000	47	134	80	189	11	66	158	142	291	94
112000	25	168	123	175	6	43	127	131	311	80
113000	40	186	156	240	11	50	198	182	302	103
114000	62	199	124	253	2	82	165	210	316	70
115000	38	211	159	247	10	110	191	170	304	98
116000	51	167	122	219	5	138	173	206	329	133
117000	54	171	162	209	9	126	183	184	327	135
118000	55	163	127	201	9	156	182	179	334	83
119000	66	198	174	208	2	152	180	207	373	68
120000	56	231	121	214	8	110	137	205	422	98
121000	65	285	123	212	6	132	159	205	376	121
122000	65	254	151	207	7	166	175	193	364	170
123000	90	313	122	188	2	124	151	199	323	151
124000	47	248	107	316	1	97	185	154	349	131
125000	60	240	134	294	3	130	163	169	421	136
126000	62	295	139	218	4	202	245	178	341	186
127000	76	290	135	214	6	192	297	249	408	137
128000	74	313	114	228	4	154	319	217	281	158
129000	82	284	115	266	8	208	242	182	226	171
130000	66	270	164	259	4	177	250	170	310	173
131000	81	232	145	220	13	207	225	140	323	123
132000	69	258	89	267	10	194	188	164	271	195
133000	81	276	144	180	15	211	212	184	254	175
134000	56	217	137	237	11	213	204	163	369	192
135000	62	176	103	195	11	203	187	200	334	176
136000	71	181	144	190	4	176	217	223	326	157
137000	62	187	136	328	8	156	231	206	309	120
138000	67	232	114	323	0	170	250	239	343	130
139000	83	194	112	335	4	172	338	205	308	126
140000	51	220	164	272	5	211	268	189	369	187
141000	77	252	171	314	9	226	300	184	353	151
142000	67	220	127	337	2	145	261	217	380	145
143000	71	224	147	341	9	176	308	192	337	142
144000	76	242	181	288	3	206	268	269	307	136
145000	71	185	182	261	5	150	301	216	326	132
146000	80	166	157	335	7	181	315	240	324	146
147000	63	198	137	313	7	135	283	227	288	139
148000	73	214	137	281	21	130	247	219	262	204
149000	65	216	122	342	11	134	201	263	295	206
150000	80	212	152	344	10	153	234	277	298	200
151000	76	223	139	338	7	136	237	247	348	151
152000	61	244	113	296	25	135	232	261	422	152
153000	74	216	133	328	27	143	284	263	315	168
154000	70	160	161	278	26	105	319	302	286	146
155000	39	203	190	252	20	151	282	298	370	132
156000	44	214	148	264	19	142	352	301	392	136
157000	55	298	209	328	18	156	300	314	413	111
158000	56	269	126	314	14	176	314	310	405	145
159000	65	330	86	311	17	161	320	286	351	142
160000	81	271	135	317	6	146	315	299	390	185
161000	58	241	137	322	21	174	254	262	351	141
162000	90	285	146	350	31	160	227	251	381	160
163000	103	250	109	344	52	176	258	217	420	201
164000	76	230	117	296	41	190	271	215	395	198
165000	64	317	117	254	52	196	283	252	327	164
166000	68	310	118	245	50	233	228	208	333	160
167000	100	368	120	293	47	177	272	205	344	168
168000	84	311	156	293	37	177	230	224	375	279
169000	84	337	187	314	38	200	285	195	511	187
170000	96	295	187	303	13	170	271	170	515	147
171000	105	317	158	352	23	234	228	197	536	117
172000	104	352	219	341	13	259	231	215	567	170
173000	76	334	231	336	13	239	234	261	531	161
174000	67	371	217	307	27	224	212	213	587	182
175000	56	342	212	336	42	206	259	196	547	204
176000	57	251	132	350	43	170	299	221	505	179
177000	73	391	167	328	23	189	235	248	506	171
178000	85	367	156	328	36	156	272	244	489	189
179000	55	441	165	417	45	170	228	291	613	131
180000	65	349	156	433	26	194	279	232	585	188
181000	56	361	114	360	23	264	263	250	492	139
182000	88	345	126	455	23	280	270	240	589	170
183000	97	317	151	472	25	266	341	238	559	214
184000	102	268	126	417	54	245	306	227	513	189
185000	83	295	131	469	44	232	233	200	625	221
186000	96	342	145	319	34	246	262	234	436	233
187000	82	295	143	346	47	163	291	235	482	225
188000	95	303	174	281	36	221	219	222	422	192
189000	89	383	137	361	38	238	225	234	521	193
190000	88	394	172	301	87	233	243	176	459	154
191000	122	409	227	284	66	217	244	199	465	178
192000	132	450	208	297	58	231	281	167	501	196
193000	140	352	167	323	40	288	232	182	548	207
194000	145	429	170	339	75	282	274	228	541	206
195000	108	371	197	298	95	236	315	206	562	172
196000	86	304	203	236	82	198	287	187	520	238
197000	88	312	277	276	67	207	343	177	562	208
198000	82	363	296	293	51	243	305	203	572	224
199000	64	360	340	383	68	177	299	181	562	199
200000	84	348	296	329	63	217	318	193	531	182
201000	79	323	311	375	88	171	289	210	601	198
202000	115	348	279	285	105	192	301	253	525	214
203000	109	368	274	294	107	237	316	230	561	199
204000	80	446	255	380	83	202	304	304	495	208
205000	103	358	209	331	110	181	358	272	576	190
206000	93	354	189	426	115	193	259	311	498	243
207000	92	352	174	422	128	208	351	315	559	205
208000	116	395	220	475	114	223	356	220	548	166
209000	96	433	260	429	138	232	330	245	501	187
210000	102	425	238	362	164	278	354	280	515	207
211000	97	482	193	368	120	251	321	296	539	215
212000	91	499	213	373	155	299	327	221	502	203
213000	82	426	237	356	179	283	460	238	505	217
214000	95	428	289	414	183	251	368	230	473	197
215000	95	415	248	394	177	271	385	279	451	215
216000	118	367	310	401	161	319	282	223	448	196
217000	128	447	277	395	206	282	318	283	459	163
218000	118	441	254	354	185	299	292	254	449	247
219000	121	456	251	380	190	242	338	213	440	265
220000	118	367	267	315	167	226	297	196	505	226
221000	153	411	266	336	161	248	297	196	555	209
222000	157	438	283	457	159	216	295	236	551	224
223000	137	392	279	420	151	238	313	224	505	274
224000	128	277	315	345	168	257	298	280	515	232
225000	167	296	287	373	137	332	342	242	446	249
226000	213	403	280	421	150	261	245	206	574	261
227000	174	354	251	371	186	291	256	198	468	243
228000	204	433	220	391	199	301	269	183	470	304
229000	219	431	232	401	187	293	294	194	506	294
230000	181	428	240	413	185	279	328	174	566	248
231000	172	402	313	395	211	284	382	230	592	250
232000	165	419	361	402	171	226	331	257	461	263
233000	176	423	321	519	272	296	388	240	416	240
234000	210	444	224	410	221	293	333	269	442	225
235000	185	418	228	448	240	271	334	180	407	182
236000	232	498	250	443	250	328	383	206	484	278
237000	171	467	264	462	225	276	423	218	442	234
238000	195	404	287	453	197	270	413	250	484	216
239000	212	387	237	491	231	306	462	195	394	204
240000	238	430	282	446	204	323	451	214	491	202
241000	210	506	326	479	214	340	433	266	490	218
242000	261	455	304	438	225	323	411	280	489	215
243000	289	444	318	389	274	301	427	277	478	222
244000	311	455	356	460	311	324	480	277	634	223
245000	270	429	309	489	218	293	469	239	565	188
246000	291	411	293	509	236	239	462	238	476	173
247000	259	359	294	414	280	319	454	247	547	177
248000	274	427	295	501	196	289	416	291	590	221
249000	233	383	291	582	183	282	427	260	556	205
250000	244	360	307	537	213	275	506	283	535	248
251000	233	388	380	436	228	242	428	348	589	183
252000	254	445	362	433	249	287	484	312	611	210
253000	266	496	279	405	243	279	353	311	677	208
254000	283	395	321	419	158	257	401	239	606	188
255000	302	393	262	429	176	269	373	305	653	204
256000	271	457	248	422	210	272	368	336	684	182
257000	217	439	275	441	176	286	342	288	559	225
258000	271	428	320	472	170	289	401	327	543	218
259000	258	464	329	498	197	232	481	294	547	213
260000	236	470	358	442	227	260	429	310	584	274
261000	251	459	302	478	220	294	413	251	525	266
262000	253	513	342	486	211	263	502	319	543	299
263000	259	418	293	459	254	261	451	294	531	229
264000	283	419	319	427	216	278	415	325	476	195
265000	330	440	308	461	240	318	384	317	604	187
266000	308	451	342	451	216	334	389	342	553	218
267000	340	497	287	492	204	263	346	315	575	269
268000	359	540	391	405	226	353	354	302	564	253
269000	382	561	347	425	226	298	392	195	541	231
270000	315	491	396	400	200	333	325	226	527	275
271000	301	445	366	390	215	301	323	252	542	309
272000	272	467	352	316	223	374	270	234	524	314
273000	252	374	296	340	240	338	366	204	573	328
274000	283	403	304	419	260	334	413	307	559	331
275000	287	351	360	384	261	317	408	314	535	320
276000	357	404	318	453	243	288	400	343	638	302
277000	360	439	414	454	248	289	424	346	636	281
278000	383	394	397	404	268	269	451	361	597	227
279000	403	462	337	428	193	311	438	331	518	256
280000	398	505	302	433	233	247	452	294	637	247
281000	369	498	351	396	231	335	398	313	612	252
282000	461	543	377	423	252	325	310	256	595	254
283000	391	495	397	513	273	270	320	280	530	296
284000	386	472	402	525	280	264	351	265	534	290
285000	310	580	305	417	248	261	413	256	556	319
286000	374	541	355	425	244	275	420	322	546	261
287000	359	501	312	433	265	281	363	317	473	226
288000	429	555	326	548	259	274	343	296	471	251
289000	429	549	325	489	313	276	333	312	462	276
290000	416	602	339	477	270	301	335	273	504	229
291000	344	566	313	458	248	272	388	338	520	260
292000	376	540	294	446	257	332	358	284	539	248
293000	418	483	289	489	267	332	367	313	585	274
294000	361	475	282	445	247	365	324	318	541	230
295000	415	491	257	495	232	375	334	341	605	330
296000	480	474	277	412	207	322	339	326	608	285
297000	399	549	341	366	273	308	366	309	528	260
298000	407	489	332	444	288	343	346	229	619	279
299000	360	462	322	431	269	339	347	242	616	271
300000	440	453	278	391	269	324	364	274	636	309
301000	464	428	246	328	207	340	382	296	610	256
302000	433	412	258	434	229	326	352	262	605	289
303000	417	513	280	416	245	313	422	281	609	344
304000	474	445	223	445	234	345	389	325	655	290
305000	450	508	252	468	273	321	313	314	627	281
306000	418	579	286	482	232	294	409	316	505	325
307000	481	552	341	459	262	268	295	352	649	308
308000	525	434	368	548	246	255	356	320	596	301
309000	510	524	388	427	267	307	320	339	609	288
310000	471	447	352	415	284	287	399	370	662	258
311000	386	505	299	373	223	280	423	388	609	272
312000	313	435	343	381	254	302	406	338	578	281
313000	404	465	315	432	253	256	415	378	521	231
314000	432	520	321	455	257	294	354	379	546	252
315000	378	507	351	356	253	285	331	304	604	220
316000	370	489	327	420	255	278	324	330	554	247
317000	404	469	366	381	267	286	312	358	570	273
318000	394	523	319	410	314	279	348	329	519	245
319000	384	611	294	473	307	267	331	364	538	204
320000	420	605	304	406	274	289	339	309	516	229
321000	487	566	338	447	237	284	395	419	504	261
322000	418	584	311	465	273	324	373	348	564	245
323000	431	521	376	409	257	319	378	319	553	269
324000	431	482	372	396	254	295	428	393	437	234
325000	464	532	468	437	241	273	340	417	471	284
326000	430	541	459	398	230	333	382	389	473	303
327000	396	466	445	394	297	370	340	388	471	266
328000	363	428	458	398	248	333	331	410	547	277
329000	491	471	405	375	257	313	379	476	468	268
330000	444	472	453	400	210	317	345	457	506	297
331000	460	573	466	406	252	303	366	486	459	307
332000	407	498	411	371	285	330	324	468	406	312
333000	434	506	406	335	345	343	367	446	441	259
334000	401	539	332	345	299	293	350	449	403	298
335000	414	539	373	336	311	278	359	432	514	316
336000	406	538	396	318	308	274	366	456	435	323
337000	465	521	468	264	325	344	358	443	440	327
338000	497	507	404	320	355	364	381	490	484	400
339000	446	517	344	271	363	309	356	462	488	393
340000	425	448	363	317	425	381	350	492	484	354
341000	455	514	417	299	356	379	386	487	488	348
342000	435	493	393	294	295	349	352	475	438	321
343000	491	517	392	310	342	329	290	452	479	368
344000	435	551	354	278	284	346	415	463	504	329
345000	481	541	474	301	306	369	384	461	446	371
346000	463	484	394	312	292	308	475	446	453	389
347000	506	516	400	317	334	344	443	484	435	380
348000	472	515	414	283	297	335	410	496	447	360
349000	541	499	427	324	314	290	369	408	487	404
350000	500	487	422	316	347	289	365	445	487	320
351000	415	530	420	348	353	288	395	453	475	292
352000	457	599	451	306	356	313	386	508	456	269
353000	490	507	416	330	333	318	442	536	372	350
354000	475	506	395	325	354	350	359	462	364	321
355000	445	453	448	397	322	353	288	527	364	411
356000	420	425	435	419	325	324	364	510	436	396
357000	480	466	437	341	342	322	319	465	477	436
358000	438	508	479	377	336	349	291	465	421	407
359000	489	493	473	365	344	366	348	455	441	421
360000	462	417	433	373	310	398	358	552	420	303
361000	504	536	446	349	307	364	356	530	506	391
362000	432	581	474	405	349	398	340	475	517	365
363000	470	598	446	387	298	402	335	465	503	399
364000	518	532	418	457	315	360	385	462	485	442
365000	519	432	548	440	319	302	338	457	476	437
366000	520	497	523	391	372	364	334	394	499	393
367000	490	487	456	410	352	353	318	357	502	450
368000	496	457	419	427	355	355	339	374	442	487
369000	531	436	424	432	397	360	323	396	523	442
370000	611	512	465	416	257	340	353	462	493	428
371000	562	548	430	410	332	389	352	509	554	412
372000	554	449	428	332	318	354	355	440	547	427
373000	525	467	435	362	368	349	336	539	494	419
374000	520	468	437	375	324	303	343	548	479	472
375000	468	423	418	415	299	297	362	476	452	471
376000	536	510	353	387	293	338	311	531	514	391
377000	542	507	407	397	321	350	328	506	410	377
378000	515	529	486	465	341	358	310	534	439	373
379000	571	507	495	477	351	292	281	519	383	485
380000	512	458	449	539	363	305	379	471	539	474
381000	484	514	505	617	335	280	358	438	482	359
382000	495	624	371	541	366	337	294	537	444	400
383000	562	542	347	462	343	324	296	487	494	493
384000	554	505	404	388	356	337	292	515	540	412
385000	513	601	318	505	259	357	320	485	513	388
386000	472	528	336	552	333	372	273	514	514	384
387000	457	522	357	540	278	356	221	581	504	475
388000	499	438	465	480	328	320	279	489	568	473
389000	572	454	406	538	338	337	321	435	466	421
390000	487	502	415	498	397	334	327	499	481	376
391000	518	567	464	432	356	344	280	447	604	405
392000	500	519	462	472	334	323	267	531	568	363
393000	520	483	509	521	345	273	212	538	523	372
394000	551	520	477	490	287	322	236	443	511	390
395000	586	504	526	468	323	350	229	502	525	426
396000	550	546	544	433	416	341	289	633	659	351
397000	591	479	397	506	402	333	326	574	562	490
398000	451	461	448	449	351	367	330	577	612	485
399000	581	449	388	496	366	343	323	503	463	472
400000	583	497	356	536	303	324	295	528	495	471
401000	628	630	437	525	328	382	298	590	528	530
402000	530	604	462	443	360	374	330	548	537	471
403000	532	636	471	442	389	383	380	489	588	467
404000	545	534	491	457	394	343	422	556	556	459
405000	583	547	457	469	383	409	374	531	603	488
406000	504	564	502	351	385	371	364	546	540	411
407000	511	586	433	418	296	429	372	462	603	409
408000	556	617	530	508	388	482	357	485	618	365
409000	552	575	467	560	360	434	349	501	549	429
410000	597	570	391	525	396	447	421	525	589	491
411000	590	604	397	517	373	414	399	633	536	464
412000	541	558	494	541	365	502	457	597	504	505
413000	437	627	475	549	399	456	449	522	598	435
414000	435	550	394	535	377	518	479	542	554	405
415000	512	582	383	496	328	440	387	487	514	555
416000	520	696	306	593	404	561	467	526	564	441
417000	532	665	327	557	402	483	407	452	544	449
418000	631	664	429	546	404	491	381	493	536	420
419000	502	610	364	612	378	441	275	507	455	446
420000	536	602	384	488	326	459	372	524	620	434
421000	542	605	415	480	316	515	409	526	646	443
422000	610	553	445	496	333	506	500	540	596	475
423000	559	486	450	625	358	457	401	415	557	451
424000	498	497	480	562	296	457	374	489	520	472
425000	530	522	412	492	324	475	374	528	534	510
426000	532	518	401	529	341	472	354	446	675	440
427000	600	488	398	524	379	459	365	457	543	444
428000	573	623	491	438	318	480	361	469	568	462
429000	533	616	524	522	349	415	395	497	559	490
430000	461	642	509	585	411	485	427	480	625	497
431000	554	520	505	609	306	512	385	433	609	432
432000	526	544	522	504	337	515	337	475	609	518
433000	592	501	471	449	378	463	454	458	610	485
434000	578	593	472	593	412	451	447	447	659	458
435000	659	596	532	548	393	509	341	422	673	550
436000	527	640	443	511	380	438	361	455	536	571
437000	623	586	472	633	428	462	401	507	639	520
438000	605	576	480	640	402	478	503	466	562	431
439000	530	589	464	658	497	455	406	565	535	419
440000	562	575	435	624	432	490	450	501	716	490
441000	605	544	447	554	372	487	388	438	616	599
442000	555	521	457	610	323	451	396	448	549	506
443000	584	521	531	645	326	475	373	530	598	523
444000	568	599	561	534	404	509	404	477	623	544
445000	613	627	541	566	467	508	393	440	631	554
446000	540	627	445	604	355	513	431	418	637	500
447000	586	607	451	512	373	518	406	455	598	529
448000	552	544	475	552	322	580	414	477	431	462
449000	592	537	435	455	360	538	508	490	600	493
450000	586	628	419	523	404	525	416	462	605	557
451000	584	601	458	461	416	477	445	461	537	449
452000	607	529	485	508	479	444	434	422	637	377
453000	485	550	475	577	475	416	447	472	560	513
454000	526	662	494	644	424	500	402	445	565	473
455000	583	633	425	518	513	537	370	448	603	398
456000	661	523	440	598	549	525	378	477	614	554
457000	585	591	403	606	527	516	396	512	575	485
458000	477	589	451	641	398	555	377	433	546	409
459000	512	564	491	599	405	546	374	511	620	502
460000	512	545	388	650	394	462	375	469	644	484
461000	691	639	402	604	468	546	391	512	600	533
462000	563	550	387	620	449	520	374	502	664	586
463000	539	567	481	669	468	528	396	527	600	566
464000	561	548	436	564	430	533	365	456	609	528
465000	606	598	450	533	460	452	384	460	549	537
466000	577	577	407	524	431	481	463	454	666	575
467000	580	675	443	560	450	504	460	416	609	528
468000	588	574	375	557	417	420	405	465	580	543
469000	507	660	400	553	377	443	432	504	573	592
470000	630	616	390	590	409	474	424	507	528	502
471000	563	632	438	647	429	582	355	500	570	604
472000	552	649	552	611	500	512	362	502	538	615
473000	561	575	527	701	427	505	366	474	656	590
474000	543	541	480	692	407	527	352	521	640	575
475000	512	535	486	670	438	556	359	560	597	564
476000	547	586	487	519	412	513	379	611	613	615
477000	558	525	441	608	438	494	345	570	565	581
478000	570	644	488	575	423	539	377	553	570	581
479000	519	568	421	601	479	522	327	568	603	582
480000	571	508	430	618	440	510	324	641	581	473
481000	542	540	467	526	452	573	365	651	617	548
482000	553	534	498	617	483	568	345	508	580	529
483000	531	564	490	631	454	566	399	552	624	468
484000	588	534	436	615	405	607	423	602	634	573
485000	507	645	449	655	422	622	445	613	593	567
486000	546	567	479	642	415	529	393	604	660	456
487000	481	613	463	613	449	532	436	577	622	501
488000	514	684	414	637	401	585	405	569	578	619
489000	554	649	473	602	433	583	429	563	624	625
490000	606	598	468	560	422	501	395	615	534	527
491000	596	496	425	577	438	575	439	551	706	523
492000	619	484	446	550	383	521	510	571	706	589
493000	558	549	494	600	446	564	465	533	677	561
494000	545	528	490	592	519	580	458	596	560	525
495000	540	441	512	562	471	555	462	589	590	579
496000	542	524	474	601	494	638	511	614	601	490
497000	474	562	545	584	403	614	433	578	635	366
498000	404	557	509	609	417	607	427	605	637	389
499000	472	564	551	562	426	575	427	602	651	456
500000	585	583	570	573	470	588	409	574	574	508
501000	527	536	545	506	421	555	466	507	536	588
502000	512	572	551	538	410	556	467	589	576	567
503000	475	496	513	606	377	641	462	567	578	494
504000	471	518	534	592	413	505	462	592	596	548
505000	473	617	533	558	462	585	440	600	643	538
506000	497	510	464	492	494	577	473	559	633	615
507000	442	553	518	510	456	596	487	663	612	582
508000	509	593	526	482	400	560	487	468	602	550
509000	508	535	479	600	454	591	457	578	562	537
510000	556	576	434	674	536	606	515	589	562	563
511000	544	562	449	655	490	610	414	595	599	526
512000	503	551	515	618	448	652	394	590	538	557
513000	563	623	486	665	472	626	410	582	495	582
514000	456	569	505	674	484	591	431	595	528	545
515000	544	491	557	650	537	558	344	662	488	610
516000	539	559	489	605	490	549	352	573	564	604
517000	561	601	553	595	390	524	400	601	534	538
518000	465	534	524	675	458	581	472	581	524	652
519000	505	512	468	688	442	598	459	648	579	565
520000	505	479	411	649	479	653	422	659	612	672
521000	528	518	413	695	422	595	372	573	533	616
522000	601	488	449	690	348	669	407	478	608	574
523000	601	454	435	649	435	673	364	628	559	537
524000	626	555	545	637	439	658	395	617	583	566
525000	509	537	503	644	471	576	416	745	513	578
526000	601	517	455	702	387	578	398	739	586	517
527000	551	543	505	643	444	674	394	648	601	591
528000	540	539	500	667	431	650	413	682	564	634
529000	580	569	544	600	541	600	382	669	520	491
530000	552	489	523	676	512	608	437	677	567	621
531000	619	568	545	604	545	624	412	624	573	547
532000	616	544	495	576	518	541	466	685	492	579
533000	546	527	500	633	573	543	443	672	441	654
534000	477	559	584	689	470	673	459	695	544	637
535000	562	641	488	555	499	655	448	643	531	541
536000	535	559	586	526	433	595	461	603	501	594
537000	535	588	433	527	416	629	461	514	570	659
538000	533	563	492	583	467	628	431	584	581	565
539000	530	504	497	586	411	535	458	603	634	546
540000	461	462	498	652	412	586	443	676	588	536
541000	500	487	443	628	520	582	420	605	584	562
542000	550	481	548	619	432	626	485	548	620	545
543000	512	439	466	590	535	614	521	620	735	538
544000	544	527	506	577	447	605	437	625	664	513
545000	628	495	570	585	450	579	496	603	752	617
546000	488	473	555	597	484	518	514	688	642	680
547000	528	571	429	500	416	535	500	653	667	597
548000	561	592	498	628	405	605	460	623	666	660
549000	574	497	537	557	495	547	501	661	593	607
550000	623	402	602	514	519	568	450	691	623	598
551000	638	507	445	588	516	584	439	745	635	453
552000	595	527	530	528	509	645	415	732	682	601
553000	551	499	602	617	581	513	465	640	680	605
554000	621	554	623	643	533	530	526	753	618	509
555000	569	575	546	529	511	542	490	714	624	589
556000	581	528	576	588	536	575	507	767	591	679
557000	524	482	546	560	540	575	484	745	596	604
558000	594	489	687	566	550	555	512	687	691	602
559000	606	505	648	570	526	620	530	636	685	566
560000	587	423	579	620	509	583	552	639	625	619
561000	525	495	496	608	488	544	520	606	582	659
562000	592	481	543	526	497	511	530	620	593	619
563000	567	470	653	638	488	560	548	567	702	586
564000	531	532	591	588	521	577	558	630	587	642
565000	621	511	592	520	406	596	527	570	596	592
566000	615	495	583	554	488	630	479	560	658	593
567000	606	574	532	514	511	573	471	658	700	591
568000	623	542	544	510	498	603	525	619	703	664
569000	647	550	589	510	471	646	547	573	647	622
570000	619	571	643	549	563	603	540	574	638	681
571000	647	586	530	594	554	616	496	694	684	573
572000	634	533	500	543	594	591	547	635	707	674
573000	678	484	539	577	527	593	502	705	635	602
574000	679	505	542	500	614	639	469	762	620	620
575000	645	486	537	553	526	541	574	667	632	570
576000	660	529	644	568	524	529	501	672	648	653
577000	569	533	639	509	550	568	456	764	677	548
578000	603	542	626	477	521	515	515	709	650	587
579000	573	576	588	526	546	521	479	653	661	679
580000	665	533	632	547	583	537	474	689	637	648
581000	629	561	552	537	525	591	477	677	572	706
582000	597	567	609	476	529	495	482	659	652	667
583000	569	544	532	502	515	559	491	675	658	591
584000	498	532	566	522	626	562	511	737	698	655
585000	519	623	541	604	602	600	514	650	645	673
586000	632	584	595	568	586	687	540	691	699	581
587000	585	617	635	559	582	561	579	716	648	557
588000	612	527	541	585	566	573	537	684	657	625
589000	570	545	454	536	530	584	547	728	641	651
590000	537	539	518	480	552	581	510	680	589	509
591000	688	599	621	484	605	678	499	634	634	624
592000	585	554	565	432	698	546	463	635	609	623
593000	582	607	536	537	655	513	497	578	550	529
594000	534	609	630	538	692	630	495	477	545	598
595000	605	539	665	473	640	624	476	551	571	642
596000	469	569	605	534	646	572	601	516	670	723
597000	552	504	646	563	595	544	532	622	590	626
598000	572	523	584	558	532	556	540	656	635	592
599000	559	484	661	553	566	574	519	664	645	530
600000	592	522	586	488	609	639	504	614	614	614
601000	636	484	560	537	657	588	444	574	617	555
602000	574	512	616	556	597	633	466	601	652	625
603000	660	468	585	572	667	540	455	621	669	697
604000	672	454	626	575	599	595	538	663	647	747
605000	635	559	617	619	696	627	466	648	600	553
606000	638	507	703	510	589	672	476	709	595	496
607000	591	528	631	542	690	603	485	670	623	489
608000	641	516	603	553	583	601	490	708	665	687
609000	624	446	593	589	609	588	452	646	697	712
610000	628	500	651	582	606	554	400	634	531	608
611000	608	489	589	550	623	576	390	555	621	647
612000	672	521	664	526	580	578	446	623	611	594
613000	578	492	648	558	646	497	467	609	645	591
614000	567	506	636	538	709	532	541	658	634	659
615000	560	466	565	550	666	562	494	643	633	690
616000	562	522	612	562	601	576	499	636	614	698
617000	594	483	555	509	581	599	482	690	685	584
618000	578	509	563	459	673	557	501	568	648	586
619000	572	514	571	479	622	655	509	635	639	597
620000	503	478	612	461	535	599	489	571	691	682
621000	582	574	648	462	647	580	473	591	680	574
622000	596	502	672	480	670	579	492	677	730	633
623000	614	498	548	517	731	527	502	643	680	568
624000	534	494	545	538	779	531	550	593	663	564
625000	562	533	655	489	695	456	534	608	701	592
626000	549	504	666	461	668	523	469	621	674	591
627000	567	497	580	377	629	514	521	673	696	558
628000	579	444	569	375	577	514	499	552	738	579
629000	640	396	577	443	670	523	481	641	645	553
630000	634	469	518	369	632	509	454	594	698	600
631000	549	508	590	387	706	546	557	630	631	637
632000	631	493	522	414	698	515	473	645	668	578
633000	623	480	492	379	612	495	488	688	634	619
634000	614	499	591	452	650	620	506	705	624	548
635000	469	429	477	434	721	596	492	681	659	642
636000	553	504	573	423	642	593	507	624	680	633
637000	558	477	609	396	621	664	532	635	662	671
638000	558	445	648	443	671	602	529	674	661	605
639000	554	493	623	407	637	585	566	581	652	667
640000	546	491	679	413	695	629	499	621	623	507
641000	456	554	590	483	703	571	526	587	613	594
642000	563	517	550	473	581	765	571	668	638	640
643000	543	474	550	407	602	679	504	679	604	657
644000	528	450	592	372	658	615	579	667	612	707
645000	551	516	578	421	648	646	519	635	584	650
646000	544	466	507	522	693	626	550	673	682	676
647000	416	508	477	406	660	612	458	646	623	651
648000	530	533	584	430	618	564	488	614	642	641
649000	633	551	551	577	712	588	522	628	595	597
650000	540	505	589	644	683	560	551	603	629	639
651000	692	509	644	600	744	560	568	625	645	616
652000	634	512	567	542	784	580	525	589	656	695
653000	642	509	568	555	774	592	521	597	648	594
654000	713	548	542	533	735	573	515	593	626	630
655000	663	562	575	496	672	519	504	644	573	546
656000	643	590	524	503	710	515	464	657	620	560
657000	522	464	536	485	739	581	490	667	606	621
658000	529	513	523	505	759	653	425	600	640	593
659000	556	418	418	480	775	657	468	646	578	556
660000	622	422	584	384	700	612	477	612	631	650
661000	665	427	589	463	731	641	435	557	694	608
662000	664	427	587	390	711	615	440	610	588	640
663000	610	466	564	414	687	554	512	576	650	581
664000	641	481	578	421	644	586	522	652	560	705
665000	743	477	535	474	731	587	581	683	558	705
666000	699	530	478	448	656	601	559	632	571	654
667000	749	482	583	478	711	613	554	725	611	717
668000	773	448	584	513	664	630	557	641	662	690
669000	649	459	655	495	738	536	492	646	669	778
670000	641	434	591	536	622	638	544	722	672	593
671000	672	434	592	518	629	599	574	699	646	702
672000	631	487	508	448	751	596	585	742	772	723
673000	610	447	594	469	776	661	538	662	695	677
674000	632	508	603	422	719	686	553	676	669	645
675000	588	529	645	464	707	647	514	662	674	720
676000	642	520	569	418	727	562	467	654	718	676
677000	605	471	603	380	778	507	508	620	654	657
678000	569	416	561	339	710	655	548	575	702	628
679000	599	434	507	419	697	621	548	546	668	557
680000	534	409	518	438	607	670	478	464	736	709
681000	620	421	590	500	671	724	478	492	679	614
682000	601	472	560	521	726	660	544	526	670	621
683000	605	486	514	493	715	679	560	567	671	683
684000	611	436	529	493	703	661	594	597	674	597
685000	682	463	581	503	729	618	474	601	666	739
686000	679	443	507	525	716	646	511	530	647	719
687000	654	471	612	502	714	681	493	603	567	673
688000	651	401	548	468	612	604	520	596	622	704
689000	620	425	562	463	628	615	564	667	704	653
690000	679	424	561	445	734	639	524	630	687	556
691000	649	406	495	494	608	603	576	710	633	659
692000	734	533	564	499	526	636	528	621	616	741
693000	666	524	463	444	599	631	517	654	648	530
694000	671	475	517	477	706	602	529	583	706	680
695000	715	571	542	441	754	547	492	657	624	677
696000	695	538	549	529	723	606	467	632	680	647
697000	722	468	603	466	598	630	510	639	614	664
698000	733	542	473	460	646	575	507	525	618	585
699000	587	459	599	459	570	706	523	638	644	624
700000	450	482	597	527	596	649	594	542	700	580
701000	538	515	657	508	625	632	588	499	666	632
702000	578	451	588	528	558	599	563	526	590	612
703000	657	516	542	537	583	542	481	502	704	552
704000	597	469	659	548	567	567	499	521	660	607
705000	632	541	571	531	609	649	510	546	685	674
706000	519	537	632	503	633	631	491	640	668	676
707000	617	491	577	412	689	617	488	622	644	598
708000	572	541	558	467	699	638	557	703	603	653
709000	547	475	576	452	649	710	578	617	633	637
710000	530	529	533	438	666	602	549	770	591	720
711000	577	495	612	451	653	657	564	646	623	587
712000	499	527	584	495	637	523	547	688	664	634
713000	605	589	559	448	532	599	523	602	731	606
714000	597	518	619	441	555	578	562	590	674	588
715000	628	542	581	382	676	593	546	626	661	546
716000	570	529	593	396	630	588	534	540	587	568
717000	638	567	541	392	670	579	585	583	666	673
718000	607	544	640	428	629	593	564	707	696	670
719000	688	481	567	453	690	655	652	647	663	659
720000	591	562	532	427	669	627	618	650	666	652
721000	540	562	650	482	571	647	580	606	620	632
722000	665	513	539	473	660	627	604	616	694	633
723000	733	520	536	509	648	604	530	726	622	618
724000	654	535	487	493	646	595	515	634	594	725
725000	620	473	590	464	600	647	622	677	644	642
726000	613	433	538	468	639	695	528	683	643	685
727000	651	433	574	382	651	615	593	586	622	651
728000	616	486	570	439	602	616	565	591	665	699
729000	632	415	618	456	602	598	642	637	711	676
730000	677	466	599	459	582	632	581	610	642	658
731000	637	436	579	415	574	630	670	654	704	703
732000	576	455	546	472	640	595	573	688	673	772
733000	684	490	603	463	588	612	658	711	593	582
734000	617	485	609	473	713	596	584	661	643	620
735000	593	513	596	485	717	637	571	725	620	641
736000	687	537	558	554	694	523	528	608	628	628
737000	544	551	521	480	583	640	629	554	667	595
738000	698	516	591	564	620	594	565	699	669	613
739000	682	529	715	528	650	610	584	680	617	667
740000	647	490	654	462	737	601	590	680	600	713
741000	571	441	705	561	670	598	654	587	627	622
742000	598	437	644	519	688	668	642	553	653	543
743000	638	413	650	557	718	652	634	634	669	534
744000	617	431	677	555	694	650	596	761	651	678
745000	612	472	645	518	622	482	536	740	673	649
746000	643	470	617	537	609	594	604	681	653	596
747000	547	435	603	548	690	492	668	706	664	644
748000	582	500	593	471	633	597	660	610	608	753
749000	681	481	606	490	678	568	639	690	715	593
750000	659	462	553	428	616	644	614	716	653	702
751000	696	504	655	457	599	580	657	679	664	604
752000	709	418	632	449	616	618	574	713	611	598
753000	738	460	617	470	554	632	602	621	691	618
754000	673	413	600	513	616	606	557	658	676	637
755000	700	403	582	488	640	559	608	639	716	618
756000	614	440	550	491	599	615	604	702	636	671
757000	670	414	591	465	695	619	646	732	616	714
758000	748	445	568	443	571	722	632	673	609	664
759000	606	487	585	481	685	647	578	674	701	689
760000	658	484	506	477	749	598	687	644	631	693
761000	646	437	538	524	649	532	696	631	626	655
762000	573	434	548	561	605	639	657	546	648	665
763000	614	429	606	532	605	592	595	710	690	667
764000	568	386	526	549	660	603	593	709	656	627
765000	562	450	598	469	621	624	524	691	663	645
766000	582	378	605	450	679	643	553	780	665	633
767000	568	422	624	523	670	598	525	723	636	652
768000	647	440	676	484	594	701	629	660	570	679
769000	677	524	615	512	598	580	603	672	600	713
770000	635	488	545	431	639	585	615	675	666	699
771000	653	444	505	479	675	571	640	678	619	689
772000	663	512	410	537	600	579	638	556	759	590
773000	615	460	608	486	736	615	685	565	651	647
774000	640	466	664	444	746	584	567	619	656	689
775000	582	453	521	439	720	628	542	705	619	637
776000	607	478	619	461	686	496	584	690	587	622
777000	576	422	629	435	656	586	563	669	590	648
778000	641	427	622	515	835	427	629	630	565	748
779000	567	458	547	500	653	469	618	693	631	728
780000	638	480	648	498	754	569	680	670	760	703
781000	622	458	619	548	638	583	626	763	581	631
782000	702	458	647	546	670	580	598	677	613	704
783000	576	514	633	472	678	647	655	771	635	656
784000	657	421	611	516	630	565	648	699	698	698
785000	592	435	659	580	625	601	591	702	687	666
786000	616	362	628	542	655	594	638	563	745	697
787000	652	441	656	544	682	586	517	646	614	663
788000	709	422	657	528	678	679	621	622	641	718
789000	681	422	631	541	589	681	581	593	656	839
790000	619	387	665	566	629	679	610	636	650	704
791000	606	415	642	591	675	673	639	569	634	672
792000	746	355	669	690	612	655	730	540	576	708
793000	615	454	672	531	653	648	719	565	594	734
794000	570	441	662	537	671	625	698	592	556	670
795000	658	407	628	561	682	632	701	616	602	729
796000	642	455	643	634	650	654	723	633	626	770
797000	618	484	567	559	639	681	670	740	582	750
798000	621	487	687	537	602	589	559	574	628	703
799000	631	397	591	610	614	641	587	686	687	692
800000	537	400	668	538	723	649	642	741	650	775
801000	672	505	623	546	749	588	636	658	657	721
802000	643	508	648	549	664	615	628	683	650	774
803000	646	461	621	655	628	623	702	713	602	719
804000	513	475	572	585	687	671	736	724	620	686
805000	604	544	637	540	637	635	529	688	671	647
806000	651	493	641	555	635	579	670	578	733	747
807000	674	494	586	532	586	610	662	714	681	808
808000	672	518	662	599	651	615	699	607	735	684
809000	647	510	535	637	622	626	662	665	690	687
810000	638	453	613	622	725	655	662	588	660	676
811000	700	511	684	582	618	625	657	677	723	732
812000	698	538	584	740	587	695	666	654	570	680
813000	641	560	584	644	640	647	708	622	597	664
814000	628	446	577	646	670	626	788	718	674	772
815000	571	444	629	550	640	645	719	725	649	713
816000	672	511	637	642	684	669	650	667	707	788
817000	632	449	544	596	603	694	655	557	650	684
818000	635	493	600	546	622	618	639	579	635	678
819000	564	517	637	617	678	593	600	659	672	652
820000	567	551	596	533	630	643	754	647	681	609
821000	707	573	589	501	670	600	689	686	625	685
822000	632	549	469	517	643	633	667	623	617	719
823000	647	448	618	627	629	483	679	763	696	763
824000	654	515	610	627	652	412	693	657	691	745
825000	614	516	604	625	585	612	659	713	735	885
826000	599	477	647	656	645	496	748	658	665	786
827000	624	500	651	667	634	604	617	559	619	701
828000	642	473	520	684	645	601	619	599	693	748
829000	654	504	599	673	610	575	672	608	674	760
830000	627	479	582	572	682	593	627	539	755	784
831000	670	460	596	557	672	526	597	569	717	733
832000	659	469	550	631	653	595	644	670	729	633
833000	615	468	629	614	594	594	575	659	751	669
834000	637	442	661	599	653	578	613	724	688	749
835000	630	424	518	594	711	576	617	708	716	712
836000	677	467	699	626	745	478	684	684	720	751
837000	603	495	577	623	726	592	657	793	804	757
838000	544	470	702	619	649	551	705	647	745	827
839000	546	534	659	540	550	420	698	610	747	787
840000	640	531	573	513	559	516	705	655	684	803
841000	553	507	674	591	572	534	688	665	782	716
842000	619	447	604	627	587	568	763	624	684	789
843000	632	491	613	610	619	656	760	590	811	765
844000	637	490	688	643	607	651	724	632	679	727
845000	671	469	732	590	575	596	733	695	702	738
846000	656	406	720	623	612	550	701	664	707	716
847000	670	446	649	661	628	589	604	585	688	638
848000	594	489	555	641	563	620	669	546	741	716
849000	624	388	606	703	561	591	639	659	728	646
850000	663	396	656	671	564	657	687	632	717	638
851000	667	457	569	689	637	663	641	696	693	765
852000	682	477	640	695	707	635	727	627	684	712
853000	720	445	583	641	661	560	650	650	669	659
854000	678	464	618	621	680	589	663	610	685	726
855000	633	494	607	731	599	611	694	642	692	687
856000	624	508	641	665	587	629	653	628	699	751
857000	669	415	617	678	569	600	820	603	683	692
858000	636	448	462	677	600	588	767	626	755	751
859000	623	429	562	686	637	610	738	531	654	713
860000	608	444	653	654	676	594	642	561	686	720
861000	589	457	581	676	577	608	643	568	729	719
862000	587	418	570	598	629	656	741	549	761	692
863000	531	413	644	649	639	619	723	574	721	712
864000	536	474	637	531	584	606	672	595	713	784
865000	588	472	638	632	589	688	706	615	703	811
866000	599	475	541	639	667	650	666	534	590	723
867000	600	518	569	592	678	598	586	568	653	667
868000	619	496	622	650	590	587	590	608	645	697
869000	605	429	637	637	732	586	594	582	688	700
870000	641	480	570	650	676	571	631	579	710	741
871000	665	460	686	641	568	575	623	589	743	712
872000	631	507	568	645	587	671	636	790	644	739
873000	647	466	560	662	667	663	728	647	651	661
874000	659	398	641	629	654	564	703	695	626	696
875000	575	483	694	555	639	662	713	679	634	743
876000	559	459	604	708	628	568	749	648	605	672
877000	559	468	638	685	628	651	750	560	675	677
878000	602	536	711	594	593	565	753	598	694	681
879000	598	496	598	594	566	560	716	600	600	744
880000	545	509	629	539	570	603	772	704	639	711
881000	605	500	623	628	660	586	847	736	647	715
882000	558	528	681	595	553	669	729	726	677	742
883000	660	557	666	518	631	669	767	760	674	822
884000	548	535	659	643	620	699	721	610	698	783
885000	499	545	651	654	708	624	737	655	673	712
886000	608	536	683	573	657	610	799	737	651	673
887000	606	484	732	476	639	632	750	691	655	804
888000	661	473	724	560	621	689	713	706	685	739
889000	590	484	619	663	727	675	701	751	682	756
890000	622	528	586	680	737	632	716	714	763	724
891000	616	545	666	701	674	639	679	674	724	744
892000	586	466	694	569	690	568	668	789	788	781
893000	568	426	579	593	656	610	644	719	808	715
894000	612	390	677	575	753	666	660	768	691	736
895000	607	475	544	678	706	616	610	738	745	707
896000	587	448	704	605	754	550	545	722	714	796
897000	592	575	633	665	674	615	694	719	697	755
898000	602	519	670	590	684	616	701	610	624	792
899000	611	468	611	634	634	625	673	706	565	729
900000	589	497	713	604	693	591	669	632	710	751
901000	660	496	740	651	721	606	618	639	748	752
902000	677	473	680	574	695	644	665	788	680	841
903000	676	453	654	560	637	616	741	689	736	742
904000	611	442	662	544	682	640	669	704	730	794
905000	539	478	745	539	659	679	563	688	732	828
906000	524	468	656	629	599	603	646	652	731	738
907000	556	496	695	577	689	661	576	620	760	705
908000	685	513	720	533	733	602	659	635	714	720
909000	639	480	658	569	617	660	636	704	722	655
910000	600	468	666	570	688	702	633	569	688	667
911000	586	500	633	636	692	733	677	645	665	694
912000	672	393	639	580	704	680	637	668	716	741
913000	600	513	675	566	594	733	716	639	676	674
914000	691	472	631	592	652	676	725	619	679	727
915000	626	564	655	657	616	626	732	601	742	725
916000	629	624	650	652	659	660	781	636	728	706
917000	636	577	684	637	638	653	642	578	730	774
918000	640	496	619	680	630	638	593	737	732	761
919000	623	510	665	674	612	750	579	588	661	773
920000	612	502	646	697	616	667	674	628	711	812
921000	614	525	781	636	688	705	618	530	720	711
922000	635	572	702	584	611	626	643	658	685	712
923000	641	580	734	637	675	698	580	724	691	686
924000	653	502	705	634	688	651	615	601	714	675
925000	658	542	712	623	633	719	660	621	692	666
926000	595	504	651	690	667	646	654	610	706	687
927000	678	471	686	584	601	626	746	584	711	712
928000	567	469	684	566	651	689	651	654	757	793
929000	623	560	700	659	692	659	666	599	761	785
930000	636	452	746	612	733	606	662	602	637	797
931000	651	527	661	710	655	667	599	735	726	802
932000	630	489	765	623	661	661	618	657	731	642
933000	670	445	695	579	671	647	650	598	675	638
934000	552	504	627	643	666	721	691	558	725	697
935000	527	482	619	694	696	687	737	643	690	691
936000	599	470	657	656	681	702	733	668	645	646
937000	599	448	772	643	639	688	731	669	656	609
938000	583	483	711	664	660	691	726	690	750	682
939000	649	561	749	650	708	559	732	628	705	802
940000	667	469	643	663	676	626	631	677	699	769
941000	674	524	697	589	676	641	686	701	706	706
942000	611	546	720	625	688	612	618	622	627	807
943000	544	515	739	664	658	567	710	690	665	704
944000	578	533	669	672	628	784	648	771	706	686
945000	613	558	763	688	682	628	627	683	739	806
946000	607	513	692	644	660	732	593	612	682	777
947000	586	536	679	693	717	693	681	653	829	797
948000	588	508	735	659	662	688	642	642	725	736
949000	595	547	751	599	671	641	665	623	740	743
950000	556	564	752	645	663	691	628	650	792	703
951000	560	588	723	600	572	608	653	604	718	713
952000	582	536	781	715	718	761	708	634	760	728
953000	604	548	762	619	580	678	626	556	745	708
954000	613	537	732	649	617	711	671	603	745	707
955000	694	485	738	631	631	703	611	668	674	778
956000	671	562	623	658	649	715	616	615	648	755
957000	701	527	734	598	721	712	690	636	716	735
958000	622	463	697	569	719	677	685	613	763	714
959000	645	537	777	694	675	610	714	650	720	727
960000	595	570	735	722	660	622	640	728	769	692
961000	494	568	738	660	632	661	670	621	719	620
962000	690	570	702	693	695	671	721	595	667	728
963000	577	549	701	584	659	654	747	703	680	785
964000	565	521	714	665	674	697	677	631	761	779
965000	630	615	690	579	676	768	695	649	639	773
966000	658	568	742	626	682	747	647	625	696	666
967000	563	442	732	612	745	696	663	675	709	706
968000	601	447	744	603	705	660	681	650	790	795
969000	579	496	678	578	690	749	650	600	724	701
970000	607	472	733	637	678	681	661	605	731	806
971000	623	503	617	607	686	724	574	689	678	710
972000	570	507	659	620	605	644	592	629	646	792
973000	670	527	628	578	648	587	623	647	701	809
974000	578	528	720	631	662	623	549	718	769	650
975000	643	554	679	643	762	683	616	720	677	669
976000	595	536	759	591	786	713	626	620	678	687
977000	609	554	729	580	766	717	649	506	678	794
978000	708	534	631	642	759	747	643	533	736	727
979000	611	533	640	614	692	760	652	598	734	711
980000	618	556	756	612	760	547	676	670	794	725
981000	653	500	727	574	676	575	547	662	728	708
982000	523	534	676	682	698	635	637	736	724	696
983000	673	531	763	548	758	666	629	616	672	708
984000	656	518	778	655	734	671	678	564	730	629
985000	613	464	716	548	757	632	577	610	714	685
986000	613	496	673	600	749	588	591	570	697	710
987000	666	484	739	595	716	592	597	622	693	722
988000	654	496	703	662	700	546	632	673	696	843
989000	605	552	677	627	686	611	608	616	720	728
990000	538	464	644	655	661	691	635	733	685	826
991000	636	574	686	690	800	711	611	688	665	774
992000	620	485	704	624	724	655	575	666	716	649
993000	715	551	778	645	765	757	641	707	734	669
994000	580	485	730	621	786	684	648	700	663	624
995000	624	572	722	637	723	775	660	718	664	775
996000	677	557	685	691	711	721	628	690	673	728
997000	518	513	660	654	714	695	680	676	624	745
998000	587	543	690	634	729	687	622	743	624	787
999000	625	516	593	621	719	696	617	663	626	748
1000000	2	0	1	1	0	1	0	0	0	0
