0 0.545455 0.454545 0.600000 0.333333 0.533333 0.384615 0.352941 0.538462 0.476190 0.560000 
1000 0.400000 0.444444 0.444444 0.588235 0.600000 0.500000 0.500000 0.750000 0.200000 0.363636 
2000 0.434783 0.600000 0.307692 0.500000 0.409091 0.461538 0.800000 0.411765 0.777778 0.571429 
3000 0.900000 0.500000 0.538462 0.000000 0.642857 0.333333 0.625000 0.724138 1.000000 0.142857 
4000 1.000000 0.600000 0.666667 0.400000 0.666667 0.571429 0.000000 0.687500 0.333333 0.250000 
5000 0.666667 0.583333 0.750000 1.000000 1.000000 0.500000 1.000000 0.812500 0.500000 0.500000 
6000 0.090909 0.647059 0.571429 0.750000 0.000000 0.562500 0.500000 0.583333 0.166667 0.666667 
7000 0.333333 0.470588 0.636364 0.666667 1.000000 0.000000 0.000000 0.700000 0.333333 0.800000 
8000 0.400000 0.200000 0.629630 0.666667 1.000000 0.500000 0.000000 0.720000 0.571429 0.846154 
9000 0.800000 0.500000 0.833333 0.608696 0.000000 0.166667 0.000000 0.823529 0.000000 0.000000 
10000 0.666667 0.500000 0.652174 0.815789 0.500000 0.420000 0.000000 0.838710 0.636364 0.400000 
11000 0.294118 0.483516 0.666667 0.750000 1.000000 0.707317 0.571429 0.843750 0.777778 0.666667 
12000 0.333333 0.487500 0.600000 0.500000 0.428571 0.648148 0.600000 0.892857 0.571429 1.000000 
13000 0.200000 0.571429 0.476190 0.272727 0.000000 0.583333 0.333333 0.727273 0.733333 0.000000 
14000 0.588235 0.566038 0.473684 0.605263 0.000000 0.500000 0.480000 1.000000 0.818182 0.000000 
15000 0.461538 0.492958 0.340000 0.809524 0.200000 0.354839 0.272727 0.882353 0.521739 1.000000 
16000 0.000000 0.545455 0.400000 0.647059 0.000000 0.571429 0.000000 0.923077 0.937500 0.000000 
17000 0.500000 0.580000 0.744681 0.333333 0.857143 0.631579 0.500000 0.916667 0.857143 0.000000 
18000 0.347826 0.539474 0.666667 0.714286 0.312500 0.612903 0.200000 0.956522 0.740741 0.000000 
19000 0.600000 0.623188 0.636364 0.909091 0.400000 0.645161 0.571429 0.885714 0.562500 0.000000 
20000 0.600000 0.533333 0.684211 0.600000 0.388889 0.707317 0.500000 0.963636 0.382353 0.166667 
21000 0.526316 0.574468 0.603175 0.750000 0.333333 0.577778 0.714286 0.947368 0.363636 0.666667 
22000 0.500000 0.418919 0.607143 0.588235 0.333333 0.644068 0.346154 0.888889 0.488889 0.000000 
23000 0.500000 0.413793 0.652174 0.444444 0.666667 0.634921 0.461538 0.887640 0.531250 0.500000 
24000 0.384615 0.466667 0.590909 0.700000 0.800000 0.637500 0.333333 0.895833 0.576923 1.000000 
25000 0.222222 0.577778 0.515152 0.490196 0.000000 0.581395 0.750000 0.903226 0.692308 0.000000 
26000 0.000000 0.664062 0.533333 0.500000 0.000000 0.769231 0.333333 0.961538 0.425000 0.000000 
27000 0.400000 0.659722 0.325000 0.509804 0.000000 0.722222 0.500000 0.925926 0.406250 0.333333 
28000 0.000000 0.510753 0.647059 0.666667 0.000000 0.649351 0.333333 0.880000 0.428571 0.000000 
29000 0.750000 0.432203 0.379310 0.416667 0.000000 0.622378 0.454545 0.948718 0.420290 0.000000 
30000 0.625000 0.557377 0.555556 0.466667 0.000000 0.657407 0.538462 0.846154 0.580000 0.000000 
31000 0.485714 0.358696 0.333333 0.480000 0.000000 0.643478 0.450000 0.984375 0.571429 0.250000 
32000 0.250000 0.457944 0.636364 0.451613 1.000000 0.602273 0.571429 0.961538 0.844444 0.000000 
33000 0.592593 0.404580 0.583333 0.100000 0.000000 0.604167 0.210526 0.951456 0.683544 0.000000 
34000 0.500000 0.523316 0.714286 0.500000 1.000000 0.648148 0.344828 0.943662 0.626506 0.000000 
35000 0.750000 0.481928 0.611111 0.500000 0.000000 0.660377 0.378378 0.888889 0.671053 0.000000 
36000 0.416667 0.506550 0.333333 0.736842 0.000000 0.655172 0.480769 0.936842 0.697368 0.428571 
37000 0.312500 0.454198 0.550000 0.428571 0.000000 0.743902 0.285714 0.955882 0.505882 0.000000 
38000 0.322581 0.505338 0.500000 0.500000 0.000000 0.769231 0.285714 0.909091 0.621849 0.666667 
39000 0.266667 0.452736 0.777778 0.636364 0.000000 0.710843 0.400000 0.937500 0.462963 1.000000 
40000 0.300000 0.476987 0.692308 0.450000 0.000000 0.813333 0.583333 0.905405 0.605505 0.500000 
41000 0.666667 0.572687 0.666667 0.461538 0.000000 0.732143 0.461538 0.846154 0.577320 1.000000 
42000 0.363636 0.362963 0.680000 1.000000 0.500000 0.647059 0.400000 0.850746 0.571429 0.500000 
43000 0.833333 0.546763 0.500000 0.500000 0.333333 0.716981 0.318182 0.897059 0.666667 0.428571 
44000 0.444444 0.494845 0.641026 0.555556 0.333333 0.740000 0.350000 0.907692 0.621951 0.000000 
45000 0.454545 0.560000 0.463415 0.512195 0.000000 0.769231 0.200000 0.961165 0.602339 0.500000 
46000 0.187500 0.508897 0.846154 0.607143 0.500000 0.761905 0.133333 0.979167 0.609756 1.000000 
47000 0.000000 0.569721 0.625000 0.642857 0.000000 0.625000 0.206897 0.875000 0.624060 0.500000 
48000 0.181818 0.435146 0.714286 0.695652 0.000000 0.704225 0.100000 0.867470 0.630189 0.000000 
49000 0.444444 0.415808 0.800000 0.150000 0.833333 0.780488 0.307692 0.884956 0.628821 0.000000 
50000 0.272727 0.479365 0.533333 0.625000 1.000000 0.772152 0.500000 0.881579 0.631579 1.000000 
51000 0.344828 0.444444 0.567568 0.866667 0.500000 0.692308 0.117647 0.911111 0.616099 0.666667 
52000 0.318182 0.510563 0.625000 0.400000 0.000000 0.761194 0.153846 0.932203 0.656593 0.333333 
53000 0.648649 0.465672 0.578947 0.833333 1.000000 0.686275 0.100000 0.923077 0.643678 0.000000 
54000 0.422222 0.432353 0.500000 0.850000 0.000000 0.620690 0.000000 0.884615 0.657068 0.000000 
55000 0.612903 0.444169 0.714286 0.680000 0.000000 0.705882 0.000000 0.900826 0.608997 0.600000 
56000 0.475000 0.435000 0.617647 0.000000 1.000000 0.657895 0.000000 0.962963 0.576271 0.000000 
57000 0.600000 0.457386 0.416667 0.600000 0.000000 0.660550 0.357143 0.896552 0.583691 0.000000 
58000 0.315789 0.470752 0.500000 0.636364 0.000000 0.740000 0.461538 0.876404 0.636364 1.000000 
59000 0.420000 0.477099 0.800000 0.384615 0.000000 0.750000 0.222222 0.869565 0.630952 1.000000 
60000 0.395349 0.479224 0.500000 0.518519 0.000000 0.750000 0.200000 0.897959 0.557312 0.000000 
61000 0.325000 0.465228 0.500000 0.588235 0.000000 0.742857 0.187500 0.884615 0.687259 0.000000 
62000 0.549020 0.468912 0.521739 0.277778 1.000000 0.794521 0.485714 0.750000 0.612457 0.400000 
63000 0.304348 0.449438 0.500000 0.466667 0.000000 0.578947 0.310345 0.745098 0.636364 1.000000 
64000 0.378378 0.372671 0.750000 0.419355 1.000000 0.803279 0.230769 0.772727 0.630363 1.000000 
65000 0.531250 0.391421 0.600000 0.400000 0.000000 0.747475 0.000000 0.909091 0.725753 0.500000 
66000 0.315789 0.381988 0.600000 0.000000 0.000000 0.902439 0.500000 0.883721 0.662722 1.000000 
67000 0.431579 0.413919 1.000000 0.400000 1.000000 0.818182 0.545455 0.927536 0.685851 0.000000 
68000 0.420000 0.441406 0.766667 0.333333 0.000000 0.594595 0.340000 0.862745 0.669291 0.000000 
69000 0.529412 0.400922 0.466667 0.769231 0.000000 0.673469 0.324324 0.886792 0.620000 0.000000 
70000 0.468750 0.495050 0.634146 0.470588 1.000000 0.627907 0.274510 0.893333 0.658385 0.000000 
71000 0.473684 0.438389 0.565217 0.240000 1.000000 0.761364 0.400000 0.896104 0.640625 0.000000 
72000 0.333333 0.391185 0.512500 0.250000 1.000000 0.720280 0.380000 0.805556 0.600575 0.000000 
73000 0.482759 0.453988 0.676923 0.166667 1.000000 0.787671 0.372549 0.666667 0.568238 0.000000 
74000 0.510638 0.494048 0.459459 0.535714 0.500000 0.718447 0.312500 0.965517 0.650558 0.000000 
75000 0.489796 0.472050 0.369565 0.444444 0.800000 0.702899 0.180000 0.907407 0.562963 0.000000 
76000 0.500000 0.436620 0.318182 0.636364 1.000000 0.674242 0.347826 0.812500 0.596429 0.000000 
77000 0.500000 0.397878 0.549020 0.555556 0.000000 0.700637 0.166667 0.849315 0.627976 0.000000 
78000 0.368421 0.398907 0.380952 0.687500 0.000000 0.734177 0.263158 0.902439 0.641834 0.000000 
79000 0.375000 0.409091 0.561404 0.875000 0.666667 0.688312 0.136364 0.900000 0.580475 0.000000 
80000 0.468750 0.400000 0.490196 0.447368 0.000000 0.783654 0.466667 0.924242 0.590000 0.000000 
81000 0.333333 0.304709 0.418182 0.450000 0.000000 0.738916 0.258065 0.812500 0.654185 0.000000 
82000 0.727273 0.395189 0.442623 0.100000 0.000000 0.698198 0.093023 0.891304 0.621827 0.000000 
83000 0.393939 0.468992 0.346154 0.000000 1.000000 0.700461 0.156627 0.886792 0.642023 0.000000 
84000 0.428571 0.415978 0.439024 0.692308 0.000000 0.700000 0.234234 0.885417 0.655696 0.000000 
85000 0.500000 0.407609 0.502762 0.405405 0.000000 0.701087 0.212121 0.918367 0.657957 0.000000 
86000 0.538462 0.419643 0.538462 0.570248 0.000000 0.711111 0.112069 0.872093 0.660535 0.000000 
87000 0.480000 0.469880 0.513333 0.594203 0.000000 0.687117 0.156627 0.865672 0.660232 0.000000 
88000 0.368421 0.501629 0.537445 0.592593 0.000000 0.674757 0.196721 0.958333 0.627083 0.000000 
89000 0.857143 0.453704 0.596591 0.547170 0.000000 0.671795 0.129771 0.943262 0.644737 0.000000 
90000 0.750000 0.460870 0.530822 0.395833 0.000000 0.706731 0.128655 0.887755 0.628829 0.000000 
91000 0.833333 0.437500 0.446875 0.688889 0.416667 0.670370 0.191083 0.808511 0.645833 0.166667 
92000 0.375000 0.470046 0.460000 0.478873 0.000000 0.738956 0.173077 0.835443 0.648837 0.000000 
93000 0.470588 0.478261 0.492481 0.587302 0.000000 0.734848 0.148148 0.881356 0.602881 0.000000 
94000 0.500000 0.412698 0.476510 0.763158 0.000000 0.634538 0.175926 0.852941 0.585470 0.750000 
95000 0.454545 0.430894 0.515679 0.568966 0.000000 0.735409 0.071429 0.838710 0.613636 0.000000 
96000 0.642857 0.418345 0.494700 0.487179 0.800000 0.703863 0.112069 0.812500 0.595925 1.000000 
97000 0.666667 0.428246 0.444444 0.348837 0.000000 0.713415 0.086614 0.925926 0.618868 0.000000 
98000 0.500000 0.420824 0.520958 0.307692 0.000000 0.737327 0.117241 0.925926 0.617063 0.100000 
99000 0.666667 0.450363 0.464674 0.403846 0.000000 0.729323 0.131944 0.919355 0.577068 0.000000 
100000 0.571429 0.493243 0.458194 0.451613 0.000000 0.641618 0.151899 0.875000 0.661818 0.000000 
101000 0.564103 0.491686 0.503185 0.492063 0.800000 0.696203 0.125749 0.924419 0.620853 0.000000 
102000 0.375000 0.459701 0.488152 0.562500 0.000000 0.568627 0.173184 0.948718 0.574303 0.000000 
103000 0.666667 0.481236 0.472222 0.602740 0.000000 0.656716 0.115000 0.981481 0.579779 0.000000 
104000 0.750000 0.494279 0.442982 0.619718 0.000000 0.672535 0.161702 0.925000 0.622414 0.000000 
105000 0.428571 0.448352 0.437037 0.513514 0.000000 0.628713 0.168605 0.927536 0.616279 0.000000 
106000 0.409091 0.429806 0.445848 0.530303 0.777778 0.649770 0.250000 0.978723 0.589977 0.500000 
107000 0.375000 0.501160 0.473384 0.593750 0.000000 0.641447 0.180723 0.965909 0.583960 0.000000 
108000 0.461538 0.524390 0.475556 0.514286 0.250000 0.788136 0.248000 0.933333 0.606218 0.000000 
109000 0.421053 0.464355 0.400756 0.419355 0.000000 0.703540 0.132075 0.847826 0.557500 0.000000 
110000 0.500000 0.545455 0.446914 0.650943 0.000000 0.676856 0.220779 0.966102 0.622490 0.000000 
111000 0.628571 0.521834 0.435897 0.615385 0.000000 0.654275 0.202899 0.868421 0.598020 0.000000 
112000 0.435897 0.512586 0.443478 0.627907 0.666667 0.557895 0.231156 0.900000 0.593496 0.000000 
113000 0.538462 0.515021 0.530702 0.657407 1.000000 0.549689 0.252101 0.910256 0.593972 0.000000 
114000 0.618182 0.508584 0.501901 0.521008 0.400000 0.554502 0.286996 0.960000 0.613158 0.333333 
115000 0.490909 0.521940 0.536013 0.608247 0.500000 0.685512 0.276451 0.988889 0.640662 0.000000 
116000 0.210526 0.471545 0.472136 0.666667 0.625000 0.692810 0.253521 0.936508 0.614776 0.666667 
117000 0.555556 0.503006 0.441176 0.528736 0.000000 0.628931 0.266332 0.960199 0.639151 0.000000 
118000 0.578947 0.508704 0.461538 0.666667 0.000000 0.657051 0.202765 0.915033 0.647287 0.500000 
119000 0.333333 0.579848 0.430314 0.723404 1.000000 0.667568 0.231317 0.928571 0.632689 0.000000 
120000 0.466667 0.562753 0.411955 0.657143 0.000000 0.651629 0.172881 0.924658 0.620825 0.000000 
121000 0.333333 0.495088 0.469388 0.644860 0.000000 0.663522 0.211618 0.956522 0.639556 0.000000 
122000 0.441176 0.518000 0.453978 0.636364 0.000000 0.595668 0.228070 0.983871 0.588486 1.000000 
123000 0.470588 0.541761 0.487484 0.538462 1.000000 0.594982 0.223529 0.943590 0.657194 0.000000 
124000 0.272727 0.480591 0.468300 0.612500 0.400000 0.671388 0.188679 0.962766 0.564195 0.000000 
125000 0.789474 0.477407 0.490998 0.560510 0.000000 0.694051 0.192982 0.950355 0.594502 0.000000 
126000 0.379310 0.552475 0.459413 0.567308 0.000000 0.695122 0.161572 0.950413 0.573333 0.000000 
127000 0.400000 0.568592 0.458075 0.581560 0.250000 0.657682 0.213178 0.929204 0.598706 0.000000 
128000 0.575758 0.528090 0.476015 0.500000 0.000000 0.663580 0.213953 0.970370 0.589319 0.000000 
129000 0.457447 0.560327 0.542574 0.410448 0.500000 0.675418 0.201717 0.942446 0.604069 0.000000 
130000 0.416667 0.620283 0.482309 0.460674 0.000000 0.659942 0.229787 0.904348 0.585746 0.000000 
131000 0.510204 0.602434 0.535322 0.464706 0.000000 0.565657 0.163701 0.964602 0.565111 0.000000 
132000 0.526882 0.560928 0.460884 0.439306 0.000000 0.638614 0.214545 0.952381 0.589623 1.000000 
133000 0.522727 0.562105 0.436759 0.551282 0.500000 0.598039 0.199219 0.958621 0.597458 1.000000 
134000 0.500000 0.516634 0.477778 0.485849 0.000000 0.616337 0.192810 0.981481 0.569282 0.500000 
135000 0.486486 0.553153 0.516696 0.562189 0.500000 0.589443 0.265432 0.964567 0.607350 0.500000 
136000 0.485714 0.548822 0.551237 0.493976 0.000000 0.637413 0.174556 0.975369 0.613592 0.000000 
137000 0.627119 0.494920 0.506148 0.568047 1.000000 0.589286 0.162281 0.953125 0.634675 0.000000 
138000 0.442308 0.544607 0.517606 0.430851 0.500000 0.549801 0.158576 0.954733 0.603693 0.000000 
139000 0.222222 0.547812 0.512156 0.448718 0.000000 0.604770 0.288630 0.960674 0.613861 0.750000 
140000 0.312500 0.540765 0.520000 0.516746 1.000000 0.659751 0.263158 0.926702 0.628019 0.250000 
141000 0.258065 0.536134 0.479042 0.477679 0.000000 0.625628 0.217523 0.957547 0.627258 0.000000 
142000 0.593750 0.511111 0.494993 0.500000 1.000000 0.603376 0.180879 0.925000 0.604959 0.000000 
143000 0.628571 0.512397 0.456522 0.533808 0.000000 0.571084 0.175309 0.923664 0.651515 1.000000 
144000 0.408602 0.494824 0.416404 0.492063 0.000000 0.609658 0.219753 0.948529 0.663793 0.000000 
145000 0.450000 0.507905 0.503058 0.510917 0.000000 0.622363 0.254157 0.923077 0.655172 0.000000 
146000 0.514286 0.482505 0.458333 0.407407 0.000000 0.660674 0.210648 0.934884 0.667590 0.000000 
147000 0.535354 0.454855 0.477695 0.429907 0.000000 0.756906 0.240113 0.949612 0.651872 0.000000 
148000 0.514019 0.475191 0.481534 0.418879 0.000000 0.629464 0.266667 0.930131 0.650957 1.000000 
149000 0.486842 0.456212 0.461111 0.489796 0.000000 0.598739 0.265985 0.901478 0.626609 0.000000 
150000 0.478261 0.497569 0.498382 0.532967 0.000000 0.693512 0.249158 0.895000 0.623746 0.000000 
151000 0.433962 0.468240 0.511111 0.565714 0.000000 0.658174 0.233696 0.910053 0.657686 1.000000 
152000 0.483871 0.433390 0.518576 0.556650 0.000000 0.665272 0.286533 0.937220 0.618487 0.000000 
153000 0.468750 0.435361 0.489329 0.551370 0.000000 0.628378 0.252632 0.951220 0.622807 0.000000 
154000 0.474138 0.469957 0.483304 0.465190 0.000000 0.638723 0.244989 0.965909 0.683029 0.000000 
155000 0.491071 0.451243 0.477492 0.488095 0.000000 0.618000 0.289086 0.940426 0.648609 1.000000 
156000 0.571429 0.448598 0.512855 0.491870 0.444444 0.658301 0.258160 0.952542 0.647351 0.500000 
157000 0.296296 0.486815 0.472325 0.494810 0.833333 0.667954 0.323529 0.950658 0.681750 1.000000 
158000 0.474576 0.460803 0.462017 0.481967 0.400000 0.617261 0.321622 0.948640 0.699858 0.500000 
159000 0.500000 0.505435 0.474198 0.469169 0.695652 0.691176 0.296296 0.953237 0.663636 0.500000 
160000 0.341463 0.457976 0.469444 0.445545 0.705882 0.651125 0.260223 0.953177 0.652033 0.000000 
161000 0.431818 0.481605 0.512085 0.474227 0.500000 0.620833 0.274627 0.953571 0.660354 0.000000 
162000 0.371429 0.465015 0.505682 0.424528 0.500000 0.655329 0.334247 0.939683 0.633663 0.000000 
163000 0.509804 0.471698 0.491339 0.496368 0.800000 0.616667 0.303468 0.941704 0.666205 0.000000 
164000 0.357798 0.537543 0.534153 0.452316 0.689655 0.680101 0.333333 0.973799 0.664336 0.000000 
165000 0.417722 0.438114 0.535238 0.440860 0.608696 0.664021 0.342529 0.955782 0.682148 0.000000 
166000 0.423729 0.454212 0.495890 0.398876 0.750000 0.676316 0.318919 0.967320 0.719665 0.000000 
167000 0.367816 0.483389 0.450237 0.440449 0.400000 0.658824 0.335423 0.965732 0.624269 0.000000 
168000 0.468750 0.437209 0.519789 0.491736 0.500000 0.688192 0.312500 0.946360 0.653673 0.000000 
169000 0.568966 0.428120 0.466772 0.525381 0.466667 0.599509 0.284238 0.952494 0.657709 0.000000 
170000 0.583333 0.432203 0.470769 0.472222 0.714286 0.628842 0.343333 0.965812 0.657709 0.666667 
171000 0.560976 0.506689 0.516020 0.505995 0.000000 0.658385 0.302326 0.919414 0.641388 1.000000 
172000 0.314607 0.482051 0.498118 0.464286 0.666667 0.625000 0.272727 0.959854 0.635258 0.000000 
173000 0.433824 0.482993 0.452569 0.483146 0.521739 0.585198 0.340599 0.952174 0.692819 1.000000 
174000 0.412500 0.394410 0.456437 0.463415 0.517241 0.654098 0.308483 0.926357 0.650360 1.000000 
175000 0.455446 0.486486 0.392670 0.525199 0.437500 0.627219 0.309333 0.935943 0.657778 1.000000 
176000 0.567376 0.494600 0.433712 0.532738 0.600000 0.622857 0.281250 0.953125 0.668155 0.000000 
177000 0.515152 0.478079 0.382084 0.541451 0.600000 0.667883 0.295732 0.906015 0.688468 0.000000 
178000 0.661538 0.419944 0.437194 0.476615 1.000000 0.644309 0.300860 0.959108 0.669342 0.000000 
179000 0.475248 0.424153 0.490506 0.481481 1.000000 0.630631 0.300912 0.918440 0.653846 0.000000 
180000 0.401639 0.395644 0.461667 0.502024 0.666667 0.676357 0.352159 0.911661 0.682028 0.000000 
181000 0.346667 0.449761 0.483245 0.469880 1.000000 0.685315 0.280749 0.931915 0.694268 0.000000 
182000 0.520548 0.400538 0.462081 0.553659 1.000000 0.656584 0.291444 0.935275 0.676976 0.000000 
183000 0.530864 0.427012 0.466531 0.510593 1.000000 0.704587 0.290030 0.920635 0.688988 1.000000 
184000 0.484076 0.450649 0.508746 0.520885 0.000000 0.730689 0.253012 0.926829 0.665102 1.000000 
185000 0.468085 0.427596 0.455154 0.475570 0.000000 0.659933 0.242630 0.933555 0.660377 0.000000 
186000 0.395973 0.447214 0.446384 0.530266 0.000000 0.697337 0.177049 0.929766 0.685304 0.000000 
187000 0.345029 0.460289 0.431322 0.516704 0.666667 0.651214 0.323077 0.894595 0.636364 1.000000 
188000 0.412587 0.504087 0.422492 0.483376 0.800000 0.665385 0.291878 0.911051 0.654021 0.000000 
189000 0.471910 0.455319 0.436298 0.498660 0.800000 0.710476 0.293651 0.947214 0.664132 0.000000 
190000 0.365482 0.454373 0.470457 0.442997 0.900000 0.740472 0.273543 0.900302 0.650510 0.000000 
191000 0.358209 0.437401 0.438188 0.494186 0.545455 0.803758 0.245478 0.937695 0.687045 0.000000 
192000 0.400673 0.436364 0.434537 0.478481 0.833333 0.738703 0.292453 0.915441 0.666144 0.000000 
193000 0.467480 0.436541 0.461717 0.539267 0.500000 0.692456 0.214447 0.913545 0.633650 0.000000 
194000 0.399103 0.417370 0.476383 0.525641 0.750000 0.719424 0.253933 0.912429 0.661438 0.000000 
195000 0.425000 0.424188 0.467903 0.474747 0.500000 0.727447 0.254762 0.897690 0.652703 0.000000 
196000 0.426966 0.458015 0.459380 0.514286 0.500000 0.689516 0.225738 0.906452 0.689433 0.000000 
197000 0.438914 0.477612 0.463309 0.520492 0.600000 0.742291 0.293144 0.928977 0.658311 0.000000 
198000 0.421525 0.451080 0.448613 0.520548 1.000000 0.773585 0.295775 0.907643 0.590054 0.000000 
199000 0.455959 0.485333 0.399345 0.531088 0.750000 0.714953 0.259346 0.920415 0.624824 0.333333 
200000 0.396985 0.433548 0.407090 0.553879 0.700000 0.668860 0.269880 0.925333 0.640260 0.000000 
201000 0.461140 0.484211 0.435175 0.522105 0.411765 0.717391 0.234884 0.939891 0.635706 0.000000 
202000 0.404959 0.460106 0.453501 0.511254 0.400000 0.748705 0.212560 0.914634 0.663239 0.000000 
203000 0.536398 0.444444 0.445532 0.501859 1.000000 0.734205 0.241379 0.905817 0.632293 0.000000 
204000 0.377049 0.422111 0.432911 0.464552 0.400000 0.735683 0.265625 0.954545 0.640000 0.000000 
205000 0.471591 0.451613 0.470277 0.488764 0.500000 0.750480 0.262295 0.941358 0.631206 0.800000 
206000 0.458647 0.447297 0.402614 0.495697 0.000000 0.700611 0.208716 0.923077 0.624220 0.000000 
207000 0.354244 0.484680 0.449005 0.531879 0.000000 0.696817 0.268499 0.933155 0.636865 0.000000 
208000 0.414449 0.454259 0.445137 0.479094 0.500000 0.698292 0.250482 0.921914 0.674476 0.000000 
209000 0.501818 0.485294 0.455556 0.490018 0.642857 0.705179 0.253086 0.930723 0.621429 0.000000 
210000 0.486911 0.473759 0.467470 0.522472 0.538462 0.719533 0.221344 0.916149 0.606095 0.500000 
211000 0.439834 0.478378 0.452830 0.550685 0.500000 0.722986 0.245833 0.900000 0.625509 0.333333 
212000 0.409091 0.466951 0.454198 0.538622 0.222222 0.719397 0.220408 0.952586 0.645089 0.333333 
213000 0.367188 0.483180 0.427400 0.468900 0.416667 0.718702 0.247265 0.907738 0.614833 0.300000 
214000 0.344633 0.425505 0.494859 0.513060 0.666667 0.718310 0.261101 0.954225 0.614949 0.375000 
215000 0.415789 0.481943 0.414244 0.497727 0.400000 0.729970 0.246689 0.917889 0.655570 0.318182 
216000 0.447674 0.422819 0.436100 0.520256 0.400000 0.736923 0.291181 0.891228 0.640788 0.000000 
217000 0.406091 0.441718 0.401062 0.494215 0.454545 0.773852 0.258581 0.930091 0.623060 0.500000 
218000 0.460784 0.432432 0.442838 0.525424 0.500000 0.731270 0.289474 0.921875 0.627934 0.000000 
219000 0.421296 0.448403 0.444020 0.521036 0.750000 0.751962 0.251521 0.910256 0.627557 1.000000 
220000 0.438525 0.475059 0.445997 0.533849 0.300000 0.747508 0.281385 0.913265 0.608748 0.333333 
221000 0.422961 0.467780 0.418065 0.524422 1.000000 0.749191 0.276018 0.923554 0.597926 0.000000 
222000 0.445274 0.454194 0.408873 0.559908 0.666667 0.764795 0.290780 0.932127 0.615476 0.000000 
223000 0.491018 0.451713 0.409624 0.505017 0.307692 0.722222 0.263158 0.948020 0.582153 0.333333 
224000 0.506579 0.422601 0.400240 0.511869 0.294118 0.760243 0.305785 0.934673 0.627249 0.000000 
225000 0.455587 0.459184 0.385945 0.508346 0.227273 0.728840 0.259709 0.935673 0.593261 0.000000 
226000 0.473510 0.461921 0.410011 0.515038 0.230769 0.737357 0.284351 0.897690 0.600000 0.000000 
227000 0.390769 0.456140 0.431319 0.426587 0.333333 0.717822 0.287037 0.944767 0.586785 0.000000 
228000 0.412935 0.418251 0.411548 0.477663 0.428571 0.733777 0.277311 0.925743 0.549610 0.000000 
229000 0.464720 0.418136 0.375505 0.475570 0.333333 0.726891 0.304114 0.919897 0.615925 1.000000 
230000 0.541899 0.444142 0.407635 0.482645 0.428571 0.713178 0.287179 0.928571 0.605114 0.625000 
231000 0.525066 0.434783 0.393548 0.485673 0.416667 0.736318 0.251429 0.932243 0.585903 0.000000 
232000 0.561562 0.458583 0.387972 0.527869 0.600000 0.723077 0.304609 0.938462 0.585393 0.411765 
233000 0.471649 0.418317 0.423729 0.495161 0.465116 0.651955 0.243461 0.914286 0.569926 0.384615 
234000 0.541262 0.426877 0.437964 0.484138 0.296296 0.691740 0.267898 0.897436 0.533333 0.375000 
235000 0.438944 0.409750 0.461847 0.512539 0.407407 0.736749 0.247706 0.910377 0.567347 0.500000 
236000 0.488746 0.428779 0.442162 0.508503 0.341463 0.765432 0.296623 0.878661 0.549499 0.833333 
237000 0.560897 0.421053 0.438137 0.497159 0.236364 0.734446 0.310891 0.905172 0.546821 0.000000 
238000 0.567696 0.407569 0.390805 0.534224 0.260870 0.717042 0.319938 0.916185 0.547429 0.857143 
239000 0.581967 0.445013 0.400000 0.526978 0.304348 0.740800 0.282416 0.914201 0.570634 0.800000 
240000 0.518519 0.425034 0.446115 0.466035 0.300000 0.690625 0.296501 0.909535 0.569143 0.666667 
241000 0.565909 0.405048 0.425157 0.500000 0.289474 0.749254 0.301282 0.905556 0.550000 0.500000 
242000 0.596859 0.404617 0.460976 0.477733 0.243243 0.719599 0.352113 0.912338 0.577685 0.529412 
243000 0.616279 0.440587 0.397311 0.534884 0.315789 0.700813 0.317073 0.909091 0.562748 0.315789 
244000 0.507463 0.423503 0.404686 0.493730 0.159091 0.733696 0.322188 0.896254 0.542690 0.750000 
245000 0.467532 0.421784 0.413709 0.483186 0.333333 0.694974 0.347962 0.906706 0.551867 0.347826 
246000 0.502326 0.468254 0.395181 0.473851 0.303371 0.629423 0.315789 0.924731 0.572170 0.435897 
247000 0.534632 0.424821 0.385393 0.529101 0.280488 0.664765 0.336406 0.904393 0.554502 0.282051 
248000 0.511321 0.480204 0.400876 0.514706 0.263158 0.701754 0.330793 0.900000 0.538462 0.323529 
249000 0.538071 0.461330 0.405680 0.520611 0.279570 0.722543 0.343750 0.901442 0.563087 0.395833 
250000 0.507830 0.438571 0.404155 0.499351 0.191304 0.720307 0.315708 0.900862 0.531067 0.355556 
251000 0.532197 0.413223 0.396774 0.521290 0.208333 0.673428 0.343257 0.933333 0.559188 0.368421 
252000 0.542529 0.465540 0.409762 0.487102 0.321101 0.682773 0.312842 0.911243 0.550063 0.529412 
253000 0.545455 0.458122 0.394089 0.530559 0.376812 0.675283 0.320730 0.928241 0.531959 0.433333 
254000 0.445783 0.485855 0.419878 0.555404 0.306452 0.684720 0.310065 0.895928 0.544379 0.416667 
255000 0.514493 0.485649 0.410256 0.514175 0.210227 0.682853 0.352181 0.885321 0.542574 0.500000 
256000 0.548387 0.534884 0.381111 0.500000 0.229008 0.681063 0.316156 0.889831 0.578141 0.111111 
257000 0.521472 0.490417 0.364835 0.472727 0.299145 0.688797 0.386427 0.918977 0.560337 0.434783 
258000 0.522305 0.498780 0.428296 0.537589 0.302083 0.718310 0.366544 0.925339 0.542955 0.375000 
259000 0.539961 0.505580 0.409041 0.514706 0.203822 0.718833 0.345367 0.881443 0.500982 0.111111 
260000 0.484288 0.468793 0.379172 0.545317 0.307143 0.683333 0.355245 0.870769 0.507569 0.562500 
261000 0.528716 0.515057 0.407059 0.516467 0.324138 0.726619 0.369811 0.848901 0.487047 0.500000 
262000 0.502762 0.539000 0.372093 0.494418 0.251462 0.741883 0.380282 0.839744 0.521825 0.500000 
263000 0.526606 0.537797 0.385218 0.566158 0.243590 0.707483 0.404378 0.874763 0.510270 0.527778 
264000 0.547872 0.485417 0.402050 0.539642 0.331707 0.726619 0.378672 0.867784 0.498967 0.444444 
265000 0.556017 0.497123 0.419038 0.529197 0.284360 0.697706 0.375000 0.890855 0.513889 0.585366 
266000 0.462247 0.503080 0.405562 0.516667 0.245059 0.729323 0.396552 0.810742 0.481405 0.526316 
267000 0.449883 0.479109 0.407497 0.526810 0.217617 0.703488 0.403121 0.844444 0.495434 0.458333 
268000 0.479592 0.464045 0.395631 0.509029 0.341584 0.663394 0.400277 0.881384 0.459336 0.442308 
269000 0.532584 0.511111 0.416970 0.497896 0.360976 0.708824 0.407229 0.889968 0.503776 0.387097 
270000 0.500000 0.519851 0.421951 0.539052 0.266409 0.695652 0.409985 0.856448 0.488157 0.421488 
271000 0.549061 0.502558 0.402709 0.527044 0.264822 0.703404 0.415094 0.880626 0.492912 0.401709 
272000 0.461386 0.547404 0.425718 0.536653 0.294931 0.650502 0.371134 0.891026 0.491285 0.397590 
273000 0.467583 0.518480 0.423077 0.520049 0.354067 0.652850 0.397933 0.894009 0.547259 0.423077 
274000 0.515385 0.503497 0.463415 0.532042 0.280000 0.691114 0.389877 0.873239 0.506438 0.390558 
275000 0.450575 0.528822 0.426810 0.521438 0.317460 0.670118 0.355685 0.835821 0.470968 0.408784 
276000 0.492347 0.508772 0.450658 0.532448 0.311881 0.682274 0.448023 0.876404 0.526263 0.428030 
277000 0.479218 0.496144 0.385006 0.540311 0.314410 0.669811 0.412747 0.877030 0.521069 0.381295 
278000 0.521505 0.528587 0.393709 0.565321 0.275862 0.666667 0.412414 0.799550 0.506077 0.447761 
279000 0.431416 0.534031 0.416945 0.494065 0.263736 0.651862 0.451531 0.863081 0.456442 0.444056 
280000 0.459524 0.540120 0.420045 0.546282 0.255000 0.698085 0.400517 0.853598 0.518610 0.511538 
281000 0.488978 0.489707 0.456616 0.528610 0.372671 0.681592 0.405006 0.837472 0.491145 0.545872 
282000 0.488189 0.511263 0.434836 0.541284 0.252174 0.672414 0.424495 0.861224 0.480097 0.544248 
283000 0.554023 0.512665 0.449275 0.503840 0.348101 0.655123 0.403636 0.853081 0.491925 0.472222 
284000 0.531915 0.508687 0.405470 0.495935 0.310127 0.623209 0.420513 0.835366 0.478760 0.451220 
285000 0.555938 0.537445 0.410000 0.488789 0.288591 0.670345 0.424324 0.830918 0.435307 0.513834 
286000 0.517241 0.506410 0.415011 0.473837 0.306383 0.673381 0.399183 0.840841 0.495455 0.493902 
287000 0.492000 0.503964 0.424561 0.501836 0.404040 0.718894 0.426121 0.831633 0.509784 0.461847 
288000 0.488189 0.484344 0.411348 0.512690 0.318966 0.688550 0.425743 0.861111 0.498899 0.468619 
289000 0.513393 0.484817 0.416295 0.505022 0.377432 0.656342 0.424610 0.836158 0.509865 0.483871 
290000 0.483622 0.449735 0.440860 0.490196 0.401639 0.684502 0.425600 0.815476 0.500000 0.468504 
291000 0.475113 0.487831 0.455083 0.485981 0.335714 0.624815 0.446927 0.792244 0.523139 0.575000 
292000 0.465726 0.452271 0.426907 0.447942 0.235294 0.671010 0.434568 0.861979 0.484410 0.520249 
293000 0.545272 0.488494 0.406388 0.465806 0.319392 0.667149 0.427307 0.845304 0.524566 0.524355 
294000 0.469432 0.447336 0.400000 0.511842 0.314516 0.618827 0.438202 0.875862 0.493923 0.484680 
295000 0.528487 0.443787 0.384303 0.505821 0.351931 0.611582 0.464883 0.834677 0.541498 0.468944 
296000 0.463972 0.461707 0.429150 0.488140 0.365772 0.642857 0.462705 0.823529 0.535181 0.453731 
297000 0.484127 0.429194 0.440197 0.454865 0.404930 0.630357 0.435042 0.852941 0.499436 0.476974 
298000 0.506692 0.483701 0.455154 0.478621 0.315152 0.610098 0.434899 0.825743 0.526659 0.603226 
299000 0.456033 0.517177 0.389269 0.466855 0.305648 0.609238 0.468263 0.823970 0.517536 0.492837 
300000 0.505285 0.498980 0.398625 0.453401 0.326389 0.651034 0.441514 0.823636 0.497883 0.487603 
301000 0.420588 0.486334 0.394231 0.514628 0.278317 0.664190 0.418750 0.788136 0.522344 0.457364 
302000 0.475275 0.489861 0.384154 0.490272 0.341538 0.640000 0.435294 0.782007 0.553636 0.514469 
303000 0.512821 0.487852 0.383516 0.461417 0.298851 0.638323 0.403397 0.767327 0.516712 0.501779 
304000 0.476091 0.482618 0.383408 0.501767 0.350000 0.655870 0.456368 0.789037 0.568894 0.472325 
305000 0.461800 0.481562 0.388448 0.468429 0.300781 0.621190 0.412969 0.771429 0.550467 0.561873 
306000 0.501969 0.479290 0.414530 0.465944 0.318584 0.603993 0.421336 0.797716 0.540494 0.590164 
307000 0.505669 0.473333 0.398964 0.471669 0.347716 0.618898 0.419214 0.742947 0.580702 0.593123 
308000 0.429530 0.495103 0.386059 0.486291 0.338983 0.619760 0.383886 0.701493 0.566952 0.565517 
309000 0.493506 0.467425 0.366142 0.499297 0.391414 0.679083 0.461698 0.745527 0.564706 0.604230 
310000 0.458733 0.482972 0.396417 0.453401 0.364865 0.655509 0.434004 0.753788 0.526963 0.669492 
311000 0.427451 0.505572 0.427340 0.495050 0.360313 0.674961 0.462939 0.745704 0.544304 0.625000 
312000 0.460606 0.494483 0.379775 0.459222 0.356467 0.640434 0.423620 0.727928 0.585157 0.613115 
313000 0.467554 0.525243 0.415075 0.466495 0.371875 0.658780 0.451537 0.768161 0.555779 0.625850 
314000 0.500000 0.516285 0.414120 0.484487 0.359517 0.623921 0.457256 0.714876 0.587786 0.615385 
315000 0.437616 0.516563 0.400000 0.475000 0.360313 0.650376 0.408356 0.721905 0.577519 0.662207 
316000 0.466667 0.521062 0.374718 0.465718 0.309896 0.678055 0.419799 0.777778 0.535343 0.595308 
317000 0.511700 0.519099 0.346192 0.450065 0.413490 0.665742 0.405512 0.749614 0.561247 0.556818 
318000 0.516432 0.501571 0.401254 0.417437 0.414330 0.669863 0.429975 0.762821 0.559232 0.552408 
319000 0.501208 0.468884 0.402010 0.511594 0.343137 0.655028 0.476636 0.716841 0.559476 0.592233 
320000 0.524031 0.463080 0.392822 0.484416 0.342246 0.660502 0.449621 0.723493 0.573668 0.542169 
321000 0.520997 0.461312 0.401330 0.444444 0.410053 0.670846 0.453044 0.755518 0.561480 0.638889 
322000 0.536869 0.504037 0.418557 0.454327 0.360947 0.686217 0.436526 0.721223 0.567054 0.581169 
323000 0.538346 0.430736 0.364399 0.510882 0.359909 0.654572 0.441524 0.766234 0.565315 0.568106 
324000 0.537911 0.452073 0.385714 0.504178 0.345494 0.672611 0.415536 0.751437 0.598808 0.613636 
325000 0.546419 0.466750 0.402367 0.461440 0.367841 0.653120 0.437832 0.748148 0.583172 0.582192 
326000 0.494253 0.451923 0.447284 0.487417 0.387821 0.605757 0.446023 0.716561 0.583246 0.550000 
327000 0.540541 0.453039 0.426273 0.467290 0.347932 0.600846 0.497050 0.737313 0.601420 0.540268 
328000 0.535714 0.461790 0.464241 0.459295 0.355491 0.575067 0.405045 0.686186 0.598548 0.613497 
329000 0.499316 0.498364 0.382239 0.500624 0.401760 0.650943 0.479893 0.685246 0.583162 0.631148 
330000 0.495238 0.516201 0.403353 0.481095 0.377660 0.610487 0.431259 0.705691 0.593487 0.523929 
331000 0.518868 0.469957 0.392461 0.458795 0.384817 0.617930 0.413934 0.722222 0.633833 0.583942 
332000 0.548387 0.481977 0.399784 0.493349 0.395238 0.610966 0.424516 0.731183 0.607221 0.568123 
333000 0.556402 0.467290 0.408034 0.519802 0.402154 0.592342 0.450413 0.712919 0.584089 0.572414 
334000 0.571633 0.487097 0.389866 0.466140 0.518438 0.605292 0.464080 0.716907 0.597183 0.583333 
335000 0.608883 0.477596 0.388330 0.448560 0.440104 0.628121 0.478261 0.706569 0.633408 0.596491 
336000 0.613459 0.442251 0.426977 0.477324 0.517815 0.575000 0.450382 0.738024 0.602273 0.504110 
337000 0.595092 0.451898 0.441031 0.490928 0.399050 0.618932 0.476478 0.752407 0.569231 0.513678 
338000 0.580227 0.470250 0.430270 0.502262 0.492355 0.608917 0.442379 0.709321 0.585000 0.542857 
339000 0.569038 0.456292 0.401768 0.502825 0.423729 0.603175 0.399504 0.696629 0.624235 0.597973 
340000 0.593668 0.430515 0.367694 0.492846 0.420213 0.595533 0.431016 0.713846 0.624011 0.543071 
341000 0.553642 0.433579 0.401996 0.468750 0.378378 0.669073 0.403315 0.724860 0.608579 0.511962 
342000 0.525000 0.442453 0.373679 0.458221 0.457912 0.589074 0.435503 0.689335 0.629380 0.614173 
343000 0.546269 0.466231 0.422772 0.444186 0.457944 0.677661 0.426347 0.721106 0.614790 0.562500 
344000 0.591864 0.466010 0.375140 0.490953 0.456204 0.633548 0.461702 0.671072 0.608592 0.539062 
345000 0.535664 0.447968 0.431947 0.484848 0.385455 0.600571 0.430894 0.728960 0.600239 0.510145 
346000 0.533424 0.451337 0.388889 0.434462 0.383051 0.609722 0.423833 0.722149 0.581431 0.516234 
347000 0.540246 0.418515 0.397690 0.500709 0.386486 0.650000 0.434100 0.682814 0.549669 0.576512 
348000 0.513017 0.436275 0.434783 0.460441 0.379863 0.583663 0.443386 0.725161 0.605793 0.599190 
349000 0.518333 0.434612 0.403974 0.446615 0.362720 0.587957 0.468852 0.709774 0.636891 0.536443 
350000 0.556338 0.440625 0.398536 0.482673 0.376022 0.623104 0.430499 0.697329 0.615023 0.473868 
351000 0.539683 0.433962 0.461449 0.443884 0.465839 0.617493 0.405063 0.701970 0.612571 0.481229 
352000 0.502924 0.430457 0.366667 0.479606 0.389952 0.602436 0.404508 0.654354 0.617676 0.493750 
353000 0.583893 0.417017 0.387890 0.442675 0.435666 0.598750 0.383971 0.705556 0.636166 0.464497 
354000 0.519774 0.410765 0.373524 0.485294 0.443787 0.605653 0.421053 0.728693 0.570792 0.389381 
355000 0.576720 0.424431 0.399648 0.472222 0.433498 0.630435 0.421995 0.726010 0.571114 0.436975 
356000 0.534632 0.422287 0.408767 0.458993 0.402381 0.657593 0.427015 0.664547 0.588553 0.501319 
357000 0.519424 0.459847 0.410537 0.493274 0.412500 0.612903 0.447776 0.709138 0.574890 0.457064 
358000 0.518744 0.418497 0.410463 0.469260 0.359909 0.607034 0.423480 0.723338 0.595005 0.484177 
359000 0.554493 0.429354 0.405644 0.463869 0.349576 0.641791 0.428131 0.703650 0.583333 0.438034 
360000 0.531414 0.402778 0.407801 0.417210 0.382883 0.652038 0.427509 0.740580 0.562156 0.483627 
361000 0.516975 0.434160 0.439748 0.428803 0.403061 0.660900 0.431871 0.715152 0.598224 0.533854 
362000 0.502347 0.464886 0.390010 0.399657 0.404040 0.662069 0.446852 0.687086 0.587940 0.544199 
363000 0.532741 0.451039 0.417766 0.379085 0.367688 0.630689 0.431611 0.717011 0.524123 0.521605 
364000 0.558006 0.414729 0.391459 0.422497 0.416244 0.648649 0.427600 0.750343 0.525381 0.451531 
365000 0.564073 0.381098 0.447124 0.453258 0.434426 0.655131 0.448441 0.724194 0.553347 0.440506 
366000 0.512531 0.418544 0.428858 0.440299 0.402672 0.617047 0.423447 0.709302 0.574890 0.500000 
367000 0.550816 0.405941 0.413043 0.435154 0.404348 0.625866 0.436769 0.686934 0.537217 0.537975 
368000 0.552969 0.428187 0.440733 0.387658 0.426966 0.638347 0.397626 0.720760 0.519780 0.523035 
369000 0.565438 0.445837 0.409854 0.461131 0.476510 0.665529 0.451988 0.685789 0.548603 0.481308 
370000 0.567478 0.456007 0.440711 0.435435 0.383285 0.614355 0.410661 0.711191 0.525442 0.518433 
371000 0.529213 0.445968 0.392925 0.449587 0.460358 0.603406 0.421182 0.713188 0.538384 0.507979 
372000 0.550055 0.463009 0.415695 0.417763 0.416667 0.620403 0.461046 0.697333 0.520335 0.493392 
373000 0.540905 0.438272 0.425509 0.465190 0.397408 0.585366 0.428263 0.677337 0.532658 0.472222 
374000 0.590398 0.433553 0.418079 0.421853 0.373866 0.593882 0.436285 0.667861 0.543616 0.522831 
375000 0.540216 0.407478 0.434685 0.443284 0.404025 0.639024 0.413991 0.668129 0.527684 0.500000 
376000 0.524439 0.423933 0.414610 0.443445 0.406855 0.627232 0.439224 0.692517 0.498146 0.511521 
377000 0.509372 0.407672 0.406122 0.472362 0.388330 0.622056 0.458198 0.699080 0.569429 0.550964 
378000 0.506524 0.426087 0.433216 0.468429 0.389583 0.655844 0.429454 0.753266 0.514863 0.531353 
379000 0.526201 0.420118 0.415822 0.452351 0.435798 0.600728 0.417983 0.700590 0.564047 0.557214 
380000 0.529777 0.458164 0.425339 0.417085 0.348606 0.636674 0.418919 0.737757 0.556645 0.552017 
381000 0.534678 0.456522 0.385397 0.399225 0.360360 0.630326 0.490731 0.692206 0.555180 0.509346 
382000 0.511574 0.473447 0.417189 0.390935 0.392216 0.621934 0.463504 0.657312 0.563501 0.494536 
383000 0.517722 0.455761 0.391026 0.389401 0.417103 0.596702 0.462834 0.682338 0.554360 0.542169 
384000 0.523741 0.475701 0.363002 0.395862 0.392924 0.583618 0.455684 0.678248 0.570938 0.492126 
385000 0.534739 0.473413 0.386593 0.376951 0.394737 0.572581 0.460246 0.699884 0.616279 0.490099 
386000 0.546527 0.425105 0.456039 0.419890 0.375566 0.585153 0.451983 0.684768 0.566143 0.477204 
387000 0.545584 0.430199 0.392924 0.410131 0.397206 0.583443 0.405312 0.644163 0.551437 0.542328 
388000 0.511628 0.444229 0.431132 0.441077 0.424569 0.596045 0.413214 0.704286 0.563340 0.501259 
389000 0.505108 0.431501 0.415437 0.419835 0.390000 0.603359 0.435239 0.690840 0.550053 0.459057 
390000 0.473366 0.449782 0.420444 0.431148 0.421053 0.577575 0.437908 0.668521 0.580970 0.537797 
391000 0.518519 0.490231 0.392241 0.402235 0.414583 0.563960 0.442142 0.694132 0.552402 0.496520 
392000 0.539290 0.443841 0.433304 0.430906 0.446771 0.557292 0.388944 0.689615 0.571429 0.543710 
393000 0.545131 0.437551 0.400193 0.460145 0.430328 0.585335 0.427365 0.655719 0.595364 0.517241 
394000 0.506383 0.456095 0.392392 0.443812 0.355899 0.624846 0.425688 0.605898 0.590211 0.492662 
395000 0.510779 0.454234 0.374590 0.449454 0.425651 0.584416 0.450092 0.669800 0.576271 0.470339 
396000 0.493595 0.466544 0.417029 0.421488 0.420370 0.537383 0.456983 0.660131 0.531338 0.512573 
397000 0.498058 0.420576 0.424809 0.408772 0.454376 0.550218 0.439434 0.654699 0.543580 0.457346 
398000 0.501548 0.459436 0.420925 0.433140 0.421053 0.535906 0.435734 0.699039 0.533477 0.490760 
399000 0.515009 0.438061 0.411200 0.462963 0.399254 0.549041 0.471635 0.667650 0.558856 0.440801 
400000 0.504681 0.445070 0.381956 0.410979 0.399648 0.536264 0.458410 0.656733 0.521547 0.494737 
401000 0.511044 0.450249 0.394142 0.397243 0.444656 0.556257 0.455373 0.665537 0.536278 0.470213 
402000 0.527132 0.446129 0.396257 0.452991 0.415652 0.574215 0.462626 0.668697 0.529933 0.453074 
403000 0.487805 0.457122 0.413738 0.388889 0.392857 0.580205 0.442191 0.675339 0.582535 0.513944 
404000 0.469940 0.457282 0.433651 0.386364 0.432485 0.559406 0.435841 0.711497 0.561602 0.418895 
405000 0.472352 0.441176 0.416813 0.432400 0.441459 0.590476 0.449515 0.685941 0.516507 0.446131 
406000 0.520179 0.479654 0.449651 0.412961 0.408759 0.579771 0.434476 0.673696 0.528000 0.491857 
407000 0.522770 0.471767 0.428340 0.423556 0.405467 0.589716 0.424519 0.654309 0.544016 0.486726 
408000 0.503268 0.468085 0.416190 0.407879 0.412346 0.610286 0.442140 0.666992 0.537566 0.405990 
409000 0.500000 0.452077 0.431854 0.422836 0.424861 0.595183 0.440696 0.666667 0.561105 0.432836 
410000 0.504390 0.459459 0.420788 0.400804 0.407787 0.583043 0.447950 0.696591 0.558965 0.420099 
411000 0.500865 0.489139 0.442096 0.428365 0.352431 0.612009 0.412916 0.688009 0.564293 0.448980 
412000 0.508050 0.465617 0.435897 0.427196 0.371041 0.649563 0.458191 0.661692 0.547931 0.407216 
413000 0.518219 0.479478 0.446181 0.443073 0.375000 0.584211 0.444840 0.669447 0.568019 0.393414 
414000 0.525933 0.425513 0.472603 0.402390 0.373646 0.647959 0.430592 0.663636 0.547492 0.413534 
415000 0.507246 0.462621 0.443026 0.430657 0.448207 0.656992 0.465009 0.663304 0.557039 0.465201 
416000 0.514947 0.471872 0.424157 0.435967 0.447788 0.613537 0.429965 0.708423 0.563802 0.409091 
417000 0.537329 0.457120 0.428882 0.444595 0.441341 0.632056 0.408036 0.671811 0.475840 0.453102 
418000 0.523649 0.465976 0.429942 0.478442 0.431138 0.604478 0.432715 0.650507 0.533333 0.458466 
419000 0.473094 0.486611 0.435048 0.436662 0.420035 0.568844 0.466964 0.680778 0.522976 0.491197 
420000 0.532948 0.452362 0.414226 0.432115 0.454395 0.584826 0.462454 0.648515 0.532690 0.465887 
421000 0.480861 0.505255 0.435385 0.398693 0.415648 0.553971 0.472062 0.661680 0.535039 0.476015 
422000 0.526372 0.472387 0.436474 0.429787 0.420074 0.557235 0.479775 0.687640 0.554513 0.458904 
423000 0.503250 0.447570 0.433786 0.429864 0.388781 0.562500 0.424837 0.720539 0.558992 0.443914 
424000 0.505682 0.493649 0.455390 0.422481 0.376164 0.551761 0.454464 0.736728 0.530217 0.495536 
425000 0.521008 0.450315 0.478934 0.454305 0.405204 0.550769 0.452442 0.717122 0.553746 0.446296 
426000 0.526429 0.460981 0.463756 0.483821 0.379479 0.496907 0.452756 0.701695 0.542730 0.467742 
427000 0.536898 0.434385 0.453169 0.459667 0.431918 0.523965 0.433962 0.712102 0.520134 0.470209 
428000 0.569544 0.435294 0.457808 0.393443 0.415625 0.530752 0.435771 0.680467 0.554377 0.546248 
429000 0.525794 0.473026 0.470205 0.405405 0.403813 0.562982 0.448902 0.707800 0.589776 0.477798 
430000 0.506297 0.445469 0.408938 0.433162 0.417187 0.545738 0.456250 0.693277 0.540509 0.500000 
431000 0.518657 0.469672 0.458059 0.434059 0.452096 0.569399 0.466490 0.695736 0.521053 0.457507 
432000 0.524771 0.466222 0.449525 0.391813 0.449416 0.562569 0.473778 0.675029 0.578261 0.495622 
433000 0.493392 0.456067 0.420962 0.437412 0.441558 0.565848 0.494889 0.715945 0.553672 0.495427 
434000 0.531558 0.452548 0.419181 0.411051 0.468599 0.565089 0.453054 0.691194 0.529825 0.516997 
435000 0.544484 0.450288 0.416320 0.420827 0.499157 0.551148 0.433243 0.688995 0.504425 0.480303 
436000 0.504789 0.466770 0.434222 0.455371 0.469421 0.582173 0.425727 0.706897 0.525539 0.475543 
437000 0.529237 0.459119 0.458182 0.441704 0.442793 0.591753 0.434343 0.703704 0.547059 0.465830 
438000 0.541304 0.490455 0.469087 0.432671 0.437991 0.552370 0.464678 0.703307 0.532653 0.520134 
439000 0.528857 0.455291 0.454219 0.432964 0.458882 0.589382 0.436113 0.694549 0.513353 0.476263 
440000 0.524628 0.462315 0.463891 0.452555 0.495430 0.611617 0.466932 0.669532 0.569245 0.483498 
441000 0.500992 0.438758 0.465136 0.435211 0.459514 0.563265 0.466429 0.698249 0.561297 0.477387 
442000 0.508493 0.434564 0.409508 0.445946 0.437023 0.566698 0.438953 0.658129 0.545106 0.457143 
443000 0.485000 0.485463 0.447853 0.457182 0.491803 0.587435 0.434817 0.680118 0.543246 0.479201 
444000 0.508130 0.433757 0.427892 0.428384 0.455342 0.584746 0.433131 0.691040 0.544615 0.498471 
445000 0.504836 0.462447 0.439964 0.428760 0.459048 0.566038 0.458930 0.664466 0.522905 0.455677 
446000 0.519364 0.475024 0.466912 0.454878 0.453752 0.583501 0.460553 0.627492 0.525845 0.416382 
447000 0.488108 0.468493 0.424866 0.428734 0.479199 0.568590 0.444444 0.695028 0.517206 0.400356 
448000 0.485207 0.465993 0.449053 0.448201 0.495984 0.562322 0.481909 0.679087 0.533597 0.425569 
449000 0.507955 0.453556 0.456979 0.421053 0.499121 0.590833 0.496069 0.685298 0.536070 0.465313 
450000 0.525947 0.448718 0.418018 0.413068 0.484352 0.590558 0.456259 0.689700 0.533613 0.451220 
451000 0.509662 0.428448 0.437403 0.430173 0.475743 0.577284 0.463823 0.649936 0.497642 0.425954 
452000 0.521429 0.434622 0.433303 0.478890 0.434505 0.609218 0.457699 0.670398 0.521692 0.455041 
453000 0.471631 0.454768 0.447147 0.454438 0.479109 0.588451 0.447748 0.661376 0.517073 0.424497 
454000 0.467310 0.425637 0.445022 0.417249 0.468481 0.622660 0.456647 0.648026 0.524706 0.429038 
455000 0.489817 0.454470 0.450607 0.427447 0.503906 0.593203 0.462875 0.665914 0.517167 0.451117 
456000 0.517773 0.422318 0.463476 0.471875 0.478437 0.593750 0.450199 0.658537 0.464712 0.420079 
457000 0.515292 0.434199 0.423574 0.431243 0.513552 0.582059 0.447871 0.655755 0.509378 0.493056 
458000 0.500899 0.429780 0.476354 0.472821 0.509091 0.545455 0.470842 0.628688 0.487680 0.526866 
459000 0.479798 0.442708 0.448423 0.405983 0.519830 0.574059 0.444940 0.719786 0.529297 0.475069 
460000 0.548012 0.422689 0.423111 0.445983 0.557252 0.604449 0.470866 0.687500 0.548896 0.513302 
461000 0.494792 0.471681 0.438356 0.480204 0.554455 0.621415 0.467647 0.649619 0.503792 0.538988 
462000 0.535059 0.447170 0.457895 0.468215 0.488402 0.556244 0.468148 0.667849 0.552284 0.477041 
463000 0.516279 0.452252 0.467589 0.404588 0.500618 0.597656 0.467225 0.674082 0.522044 0.456284 
464000 0.506416 0.443130 0.482592 0.449835 0.514286 0.568182 0.491001 0.677184 0.515968 0.500885 
465000 0.496575 0.402183 0.428091 0.428922 0.546468 0.568319 0.443420 0.672447 0.536449 0.448864 
466000 0.535876 0.425612 0.446970 0.438155 0.524869 0.545455 0.456647 0.646890 0.539512 0.502653 
467000 0.511881 0.416160 0.442064 0.430633 0.514504 0.586585 0.501555 0.637931 0.529020 0.463623 
468000 0.492032 0.396919 0.439893 0.460137 0.493316 0.550685 0.471683 0.645582 0.488119 0.487591 
469000 0.484163 0.420103 0.432110 0.411003 0.533846 0.549898 0.471372 0.637266 0.496676 0.458190 
470000 0.504472 0.393862 0.463850 0.469014 0.556561 0.549206 0.469803 0.672816 0.477851 0.494774 
471000 0.496117 0.408000 0.449647 0.426600 0.509855 0.559915 0.429775 0.679089 0.501838 0.542986 
472000 0.485871 0.434783 0.424520 0.443529 0.482812 0.556193 0.466102 0.656280 0.478983 0.468458 
473000 0.478469 0.402493 0.443223 0.422454 0.511785 0.580160 0.440000 0.662315 0.473892 0.555556 
474000 0.526829 0.421811 0.483444 0.462415 0.503115 0.590755 0.466172 0.666978 0.473016 0.524970 
475000 0.487026 0.409669 0.439139 0.443120 0.468144 0.513550 0.461935 0.648315 0.510165 0.559633 
476000 0.478092 0.456063 0.461864 0.423645 0.517606 0.601790 0.471963 0.716384 0.543478 0.544726 
477000 0.510135 0.421743 0.431390 0.452184 0.547945 0.588235 0.466270 0.683696 0.479709 0.547826 
478000 0.531540 0.446111 0.446074 0.413959 0.511688 0.589888 0.456705 0.696099 0.520614 0.530303 
479000 0.497268 0.412903 0.450130 0.448391 0.480723 0.600493 0.469225 0.699069 0.515271 0.487745 
480000 0.511154 0.441098 0.433643 0.468933 0.540197 0.553699 0.476341 0.691023 0.515326 0.464238 
481000 0.494444 0.387403 0.451481 0.442186 0.538806 0.608171 0.484594 0.663687 0.503337 0.507576 
482000 0.523303 0.442478 0.440501 0.432083 0.476119 0.577523 0.493933 0.665581 0.470287 0.481481 
483000 0.554581 0.419608 0.419626 0.449931 0.503420 0.597315 0.461210 0.656151 0.465570 0.448718 
484000 0.507054 0.407444 0.440415 0.437900 0.515864 0.593612 0.440000 0.702439 0.496695 0.461180 
485000 0.527302 0.391697 0.451128 0.413420 0.510121 0.590858 0.475658 0.673887 0.475573 0.491413 
486000 0.510563 0.383383 0.422513 0.432802 0.561584 0.602151 0.451145 0.654952 0.469716 0.475928 
487000 0.485420 0.390121 0.471577 0.461945 0.518092 0.580087 0.480499 0.662513 0.513426 0.507171 
488000 0.518081 0.395530 0.456464 0.426419 0.553226 0.551901 0.493223 0.663472 0.469314 0.468831 
489000 0.497224 0.404762 0.417081 0.449367 0.582931 0.566790 0.466833 0.654369 0.508637 0.455863 
490000 0.497897 0.402174 0.445351 0.421839 0.560647 0.565470 0.463448 0.641430 0.492809 0.506550 
491000 0.501458 0.414467 0.468632 0.404469 0.586890 0.560543 0.476515 0.624722 0.455840 0.511268 
492000 0.499509 0.428434 0.434025 0.405556 0.600555 0.574780 0.473272 0.630458 0.450635 0.497703 
493000 0.507157 0.413108 0.472792 0.416935 0.539355 0.612245 0.465133 0.595950 0.512247 0.487591 
494000 0.493852 0.378926 0.440263 0.409707 0.596491 0.611670 0.507503 0.639205 0.515832 0.466392 
495000 0.507965 0.383848 0.411434 0.404412 0.550471 0.580827 0.483639 0.609597 0.498934 0.476485 
496000 0.515152 0.395649 0.454225 0.433012 0.559371 0.563656 0.479042 0.580611 0.473846 0.533432 
497000 0.535890 0.409532 0.452174 0.430846 0.554094 0.591189 0.477307 0.645295 0.446029 0.578880 
498000 0.503727 0.404762 0.437205 0.435868 0.583784 0.585306 0.496664 0.594688 0.455446 0.533592 
499000 0.474903 0.416190 0.448029 0.434399 0.557756 0.607296 0.497214 0.604743 0.463368 0.527100 
500000 0.497570 0.424216 0.477234 0.447165 0.551163 0.597959 0.467128 0.591674 0.470250 0.540541 
501000 0.525725 0.388541 0.489380 0.450753 0.530864 0.604203 0.500727 0.599819 0.484629 0.551775 
502000 0.504095 0.396004 0.460259 0.455934 0.585398 0.602914 0.489145 0.586996 0.495014 0.527174 
503000 0.549598 0.406412 0.475265 0.419753 0.549582 0.601871 0.479009 0.583253 0.477523 0.585399 
504000 0.523949 0.422972 0.440622 0.451282 0.553480 0.562092 0.468867 0.593364 0.476326 0.574184 
505000 0.509158 0.405133 0.441030 0.414271 0.558997 0.583661 0.481638 0.576630 0.466418 0.493134 
506000 0.505758 0.402062 0.476106 0.451647 0.563037 0.582278 0.492154 0.623428 0.493694 0.549096 
507000 0.497561 0.409548 0.462057 0.442688 0.616740 0.588291 0.504749 0.600000 0.487019 0.512397 
508000 0.477994 0.395122 0.430212 0.429907 0.569863 0.541257 0.484802 0.622723 0.466379 0.530461 
509000 0.508887 0.367180 0.444167 0.435484 0.560819 0.593812 0.484364 0.608863 0.481827 0.556802 
510000 0.524708 0.381801 0.451613 0.435841 0.577396 0.569388 0.466575 0.572978 0.450417 0.481971 
511000 0.492495 0.416034 0.466063 0.445304 0.556886 0.568789 0.490143 0.627451 0.452069 0.507538 
512000 0.525000 0.421164 0.448015 0.417647 0.540025 0.555070 0.509701 0.628263 0.459530 0.502152 
513000 0.519013 0.378404 0.464069 0.443155 0.597132 0.547664 0.472537 0.618959 0.463565 0.475366 
514000 0.524224 0.377413 0.492188 0.416079 0.566887 0.533569 0.490964 0.583254 0.451299 0.473609 
515000 0.501987 0.379039 0.462928 0.426316 0.570918 0.504098 0.478723 0.645221 0.437000 0.507154 
516000 0.515971 0.406764 0.492244 0.424510 0.515493 0.532275 0.468728 0.590996 0.467281 0.499176 
517000 0.497579 0.396853 0.473993 0.459404 0.588608 0.544134 0.486801 0.597838 0.451292 0.503012 
518000 0.517972 0.397363 0.479554 0.401566 0.561769 0.538922 0.468056 0.592831 0.492241 0.516949 
519000 0.545946 0.371041 0.463175 0.423749 0.501572 0.540782 0.490541 0.582979 0.482792 0.534823 
520000 0.544728 0.389232 0.462661 0.478079 0.567604 0.576806 0.483333 0.597315 0.459174 0.537791 
521000 0.551755 0.425993 0.487158 0.430876 0.543860 0.572442 0.505263 0.590121 0.491756 0.534426 
522000 0.523397 0.381339 0.475875 0.437751 0.539642 0.563703 0.500000 0.601695 0.442608 0.541497 
523000 0.492258 0.402685 0.492877 0.440491 0.575983 0.543893 0.474602 0.583333 0.456502 0.530086 
524000 0.515377 0.400383 0.463094 0.414166 0.551832 0.537383 0.468843 0.605839 0.416143 0.524683 
525000 0.516043 0.398677 0.481860 0.429563 0.503365 0.550000 0.476806 0.626495 0.427481 0.528000 
526000 0.520623 0.420509 0.468966 0.425319 0.517160 0.580340 0.485173 0.598448 0.473540 0.496218 
527000 0.509022 0.401345 0.483766 0.440196 0.517647 0.563758 0.505138 0.610366 0.458692 0.611457 
528000 0.514286 0.436102 0.482126 0.417012 0.542353 0.566636 0.476401 0.586777 0.452381 0.578947 
529000 0.497219 0.436407 0.481965 0.408304 0.528694 0.602067 0.513431 0.543945 0.461397 0.556944 
530000 0.562500 0.432182 0.460803 0.443373 0.533537 0.570961 0.500000 0.613197 0.484266 0.562416 
531000 0.512295 0.415190 0.482014 0.408092 0.516959 0.552381 0.461028 0.582218 0.455882 0.496474 
532000 0.481176 0.401168 0.466535 0.454545 0.523861 0.547418 0.481185 0.605978 0.450474 0.514663 
533000 0.520170 0.415078 0.485257 0.437367 0.493292 0.526735 0.500000 0.582192 0.468724 0.540845 
534000 0.517796 0.400467 0.489574 0.441517 0.517986 0.550329 0.490879 0.551502 0.458805 0.486631 
535000 0.545821 0.432739 0.470973 0.449941 0.595212 0.552400 0.488281 0.576959 0.476962 0.505913 
536000 0.535936 0.463336 0.497217 0.436209 0.568710 0.548646 0.478681 0.609702 0.485035 0.487110 
537000 0.512921 0.405063 0.506826 0.414044 0.549721 0.555436 0.478341 0.577154 0.467147 0.503949 
538000 0.509837 0.430018 0.475352 0.437360 0.511199 0.542697 0.474547 0.603104 0.495246 0.502817 
539000 0.531547 0.444037 0.484412 0.430845 0.523338 0.551148 0.497154 0.584802 0.522655 0.480892 
540000 0.538160 0.400472 0.492293 0.428571 0.543860 0.533188 0.494919 0.589397 0.475651 0.535061 
541000 0.515625 0.407711 0.503670 0.399183 0.534632 0.541267 0.490583 0.609921 0.464962 0.476965 
542000 0.524186 0.446078 0.503774 0.434673 0.503333 0.529592 0.473734 0.621673 0.467698 0.444759 
543000 0.513328 0.450503 0.487745 0.441250 0.523270 0.554767 0.473556 0.588832 0.450791 0.558594 
544000 0.534269 0.426909 0.501272 0.407628 0.510029 0.546336 0.458194 0.590766 0.432227 0.602410 
545000 0.525186 0.448819 0.478049 0.432373 0.531421 0.552691 0.472868 0.598353 0.440959 0.557078 
546000 0.532884 0.422764 0.494243 0.434146 0.566443 0.556578 0.469686 0.598848 0.459559 0.516179 
547000 0.531658 0.446718 0.503407 0.445168 0.537998 0.558405 0.492447 0.638484 0.486590 0.531800 
548000 0.543630 0.427648 0.503337 0.436471 0.556995 0.521421 0.473171 0.605749 0.485411 0.491865 
549000 0.501838 0.444531 0.496283 0.416584 0.572737 0.553073 0.471466 0.609162 0.458475 0.477673 
550000 0.509728 0.426080 0.488142 0.399151 0.590264 0.532423 0.499306 0.601869 0.477707 0.510278 
551000 0.524402 0.396417 0.505203 0.426306 0.571850 0.520197 0.485350 0.578748 0.470000 0.493333 
552000 0.569915 0.418955 0.494614 0.432238 0.595635 0.532902 0.478514 0.572692 0.475551 0.543507 
553000 0.520000 0.413945 0.505747 0.428862 0.621690 0.540948 0.489329 0.588912 0.475621 0.545828 
554000 0.523214 0.440577 0.462978 0.446809 0.574115 0.555147 0.479941 0.601520 0.474659 0.512386 
555000 0.515612 0.423415 0.478395 0.419847 0.566265 0.545970 0.485541 0.602324 0.472889 0.582609 
556000 0.520985 0.429848 0.521327 0.427824 0.577057 0.526565 0.489924 0.584641 0.472547 0.571635 
557000 0.511702 0.435498 0.546541 0.439801 0.506289 0.555885 0.491479 0.594547 0.442831 0.544495 
558000 0.499065 0.438596 0.489498 0.437306 0.559677 0.517007 0.485149 0.569755 0.450872 0.497453 
559000 0.505184 0.406170 0.483700 0.412969 0.551201 0.503121 0.471616 0.545005 0.486996 0.526403 
560000 0.478219 0.446056 0.531850 0.411465 0.533175 0.551810 0.480085 0.573991 0.469388 0.552239 
561000 0.494455 0.432567 0.503084 0.437956 0.548303 0.493056 0.471147 0.550785 0.485207 0.567063 
562000 0.484504 0.405518 0.507653 0.382675 0.556638 0.489297 0.506246 0.595705 0.500949 0.596296 
563000 0.497886 0.397314 0.520797 0.420363 0.511487 0.480276 0.495841 0.612203 0.502582 0.520805 
564000 0.474359 0.391189 0.562603 0.471302 0.557641 0.515888 0.493517 0.602612 0.482418 0.516220 
565000 0.482422 0.416264 0.543664 0.450939 0.562083 0.487976 0.508350 0.580913 0.466079 0.474259 
566000 0.462329 0.454844 0.554146 0.421826 0.491667 0.542802 0.511536 0.563492 0.480033 0.535652 
567000 0.490996 0.443154 0.546566 0.430672 0.536341 0.535000 0.490605 0.577508 0.486146 0.518182 
568000 0.508651 0.431925 0.514259 0.438445 0.527094 0.530078 0.507947 0.543379 0.468582 0.493017 
569000 0.480976 0.409783 0.528448 0.398467 0.540609 0.519646 0.496868 0.578641 0.462762 0.520924 
570000 0.522417 0.427615 0.563896 0.432692 0.543023 0.532495 0.490441 0.572906 0.477941 0.518519 
571000 0.538685 0.459201 0.549421 0.417073 0.518193 0.558499 0.484352 0.568047 0.465487 0.496917 
572000 0.486800 0.460897 0.550000 0.432990 0.498049 0.569383 0.537102 0.557884 0.501299 0.505562 
573000 0.504732 0.424925 0.542751 0.453403 0.538352 0.568627 0.512949 0.622393 0.529412 0.491061 
574000 0.514493 0.428130 0.580365 0.380042 0.535340 0.555010 0.509760 0.590597 0.487201 0.458283 
575000 0.510917 0.426105 0.569416 0.404834 0.552058 0.524644 0.508388 0.612308 0.477697 0.494223 
576000 0.516379 0.414353 0.608933 0.420570 0.563282 0.557949 0.491083 0.536864 0.512262 0.486989 
577000 0.540967 0.418306 0.547684 0.420930 0.580311 0.534951 0.503871 0.586957 0.482063 0.509589 
578000 0.504442 0.411853 0.551322 0.408313 0.558946 0.563981 0.500976 0.575882 0.525168 0.450340 
579000 0.508333 0.426872 0.576359 0.401837 0.555556 0.569412 0.532138 0.548731 0.520073 0.476323 
580000 0.511162 0.423477 0.565487 0.411572 0.552415 0.520833 0.467849 0.565056 0.518904 0.492978 
581000 0.500876 0.444195 0.598192 0.418507 0.562278 0.529595 0.524934 0.538117 0.463612 0.422252 
582000 0.527755 0.442760 0.571939 0.433581 0.547506 0.541387 0.502280 0.577273 0.478192 0.460022 
583000 0.525662 0.418764 0.542807 0.408939 0.505938 0.547269 0.490960 0.537634 0.471429 0.461869 
584000 0.506539 0.427266 0.560440 0.385806 0.501818 0.558639 0.483714 0.550673 0.498715 0.455128 
585000 0.528462 0.451456 0.593033 0.402985 0.545565 0.570975 0.486064 0.561798 0.498669 0.462240 
586000 0.531250 0.428910 0.566092 0.429936 0.560517 0.532710 0.511914 0.556314 0.469712 0.491084 
587000 0.521818 0.405447 0.577101 0.453597 0.578223 0.523711 0.497233 0.521667 0.516402 0.491208 
588000 0.524929 0.445887 0.562757 0.433722 0.504909 0.512900 0.504568 0.529466 0.482217 0.468447 
589000 0.538292 0.428992 0.585993 0.435282 0.557584 0.544532 0.516634 0.574723 0.480786 0.445963 
590000 0.490610 0.403895 0.568720 0.423711 0.501139 0.560258 0.530907 0.568951 0.510288 0.516548 
591000 0.477171 0.435120 0.562337 0.450736 0.580499 0.569892 0.510870 0.561998 0.495539 0.475057 
592000 0.509434 0.417657 0.580083 0.439608 0.587082 0.534728 0.501094 0.579595 0.520548 0.506127 
593000 0.502356 0.432720 0.568800 0.395425 0.535644 0.473379 0.521898 0.511779 0.487725 0.494505 
594000 0.505993 0.464286 0.571799 0.427205 0.528222 0.504762 0.497857 0.564620 0.475440 0.472152 
595000 0.509804 0.430882 0.581081 0.417683 0.581839 0.535408 0.485304 0.569311 0.505010 0.493703 
596000 0.477837 0.429379 0.583408 0.416970 0.547269 0.499520 0.503771 0.552709 0.469052 0.418354 
597000 0.453500 0.448964 0.539967 0.439870 0.529032 0.511270 0.501443 0.550136 0.491379 0.438037 
598000 0.496774 0.443586 0.556326 0.414576 0.554576 0.522067 0.510832 0.580817 0.472777 0.446556 
599000 0.495536 0.445111 0.594322 0.389794 0.487395 0.568432 0.508929 0.528157 0.472482 0.490453 
600000 0.500000 0.458627 0.610318 0.424893 0.513430 0.570185 0.495601 0.532272 0.463468 0.430809 
601000 0.535319 0.457018 0.600768 0.407051 0.582960 0.510597 0.487578 0.549558 0.527014 0.483221 
602000 0.501331 0.448678 0.574830 0.427130 0.541111 0.514113 0.482205 0.567084 0.483333 0.456464 
603000 0.509738 0.484945 0.578541 0.428722 0.535471 0.516505 0.485891 0.571309 0.521001 0.459596 
604000 0.472742 0.456607 0.596760 0.413022 0.566815 0.519091 0.502426 0.598397 0.506874 0.436848 
605000 0.491964 0.467514 0.589270 0.407588 0.545738 0.538012 0.501062 0.580876 0.487315 0.413625 
606000 0.524920 0.457895 0.592025 0.418860 0.542008 0.548176 0.523977 0.553719 0.499097 0.411911 
607000 0.520165 0.473761 0.605374 0.435042 0.532121 0.514399 0.477969 0.598150 0.540807 0.439394 
608000 0.476371 0.429352 0.567633 0.424309 0.536180 0.487958 0.480297 0.583333 0.497692 0.450262 
609000 0.483258 0.444695 0.580060 0.447668 0.573410 0.482456 0.497887 0.562879 0.483677 0.449438 
610000 0.512658 0.443694 0.553636 0.389881 0.568235 0.490732 0.499606 0.591854 0.522314 0.463734 
611000 0.504918 0.421053 0.560297 0.429577 0.511302 0.514377 0.524845 0.544395 0.493485 0.485955 
612000 0.518131 0.440497 0.598592 0.447198 0.525000 0.530132 0.489860 0.560680 0.510367 0.476648 
613000 0.518836 0.423205 0.621063 0.447609 0.552106 0.486166 0.489633 0.562081 0.517477 0.448190 
614000 0.531807 0.425296 0.555440 0.423778 0.561674 0.500000 0.496476 0.572227 0.459384 0.476526 
615000 0.481881 0.465257 0.585799 0.420408 0.556399 0.518436 0.468558 0.582838 0.461733 0.453351 
616000 0.509922 0.453138 0.559131 0.426295 0.545090 0.491850 0.501094 0.567087 0.458949 0.488479 
617000 0.520623 0.446556 0.584366 0.467819 0.544330 0.523909 0.503331 0.545972 0.500412 0.485750 
618000 0.505676 0.461161 0.581879 0.456427 0.565217 0.520535 0.503561 0.545754 0.507717 0.472289 
619000 0.493590 0.436688 0.520172 0.441546 0.563679 0.504513 0.502024 0.563131 0.494017 0.468427 
620000 0.483096 0.437807 0.575205 0.456922 0.547619 0.494960 0.510638 0.600674 0.503221 0.461176 
621000 0.522231 0.466202 0.581659 0.455585 0.524138 0.511785 0.507084 0.563953 0.490864 0.459424 
622000 0.522167 0.479715 0.596038 0.443495 0.536432 0.506637 0.476974 0.541667 0.526672 0.487119 
623000 0.508254 0.435877 0.602586 0.430010 0.535477 0.480549 0.478716 0.564648 0.484673 0.477876 
624000 0.486034 0.450187 0.563679 0.441367 0.529089 0.492915 0.494000 0.560331 0.503673 0.509554 
625000 0.502034 0.451143 0.545166 0.435872 0.503000 0.492417 0.513396 0.570854 0.490196 0.500000 
626000 0.532079 0.427068 0.549147 0.444444 0.540816 0.491961 0.494977 0.549203 0.505223 0.451429 
627000 0.508887 0.466000 0.538729 0.413916 0.529345 0.520000 0.478820 0.570902 0.482394 0.451832 
628000 0.505719 0.429144 0.560953 0.446516 0.490052 0.501905 0.511214 0.530738 0.526508 0.413965 
629000 0.498377 0.428571 0.507233 0.404130 0.527335 0.522402 0.504196 0.535656 0.540859 0.456019 
630000 0.472050 0.450000 0.565252 0.429003 0.516162 0.512927 0.491850 0.565725 0.536304 0.463354 
631000 0.525288 0.485156 0.557676 0.448014 0.511675 0.532609 0.516514 0.533170 0.520211 0.462033 
632000 0.494762 0.433653 0.593416 0.436884 0.529039 0.539139 0.466225 0.508181 0.543689 0.458427 
633000 0.530875 0.439167 0.511765 0.446139 0.537727 0.493603 0.505585 0.535199 0.506250 0.452742 
634000 0.516129 0.441643 0.534987 0.453069 0.527493 0.509634 0.519595 0.503214 0.506240 0.483309 
635000 0.513069 0.441964 0.556267 0.412996 0.528000 0.488625 0.502967 0.538715 0.497733 0.487516 
636000 0.503673 0.437546 0.542979 0.437378 0.506863 0.502646 0.463813 0.537549 0.545775 0.471939 
637000 0.510804 0.437826 0.542017 0.463983 0.541591 0.526419 0.481325 0.510861 0.481132 0.483645 
638000 0.529104 0.459227 0.540284 0.455326 0.540280 0.486229 0.473684 0.563591 0.473684 0.467933 
639000 0.508127 0.432475 0.567941 0.435514 0.537383 0.487395 0.485975 0.526012 0.478395 0.451372 
640000 0.488983 0.425278 0.551402 0.472303 0.533138 0.489478 0.501998 0.532995 0.476965 0.464578 
641000 0.500000 0.419682 0.530942 0.451396 0.550045 0.510769 0.488321 0.497470 0.460358 0.484733 
642000 0.482449 0.408819 0.556417 0.427875 0.524625 0.501805 0.516912 0.545844 0.519056 0.477221 
643000 0.520867 0.458806 0.540517 0.443363 0.541284 0.509360 0.478852 0.535096 0.491954 0.464844 
644000 0.513769 0.452703 0.543943 0.429264 0.564935 0.524809 0.481275 0.580595 0.508257 0.518029 
645000 0.507209 0.450249 0.548062 0.415459 0.584107 0.490640 0.487787 0.541063 0.505196 0.514477 
646000 0.503584 0.442063 0.552654 0.444030 0.610537 0.483015 0.484763 0.566188 0.470785 0.487624 
647000 0.527799 0.470862 0.548507 0.431569 0.559794 0.484453 0.499625 0.516464 0.496094 0.551813 
648000 0.516754 0.443089 0.581699 0.437500 0.553350 0.499498 0.476364 0.498048 0.511472 0.493857 
649000 0.493256 0.431419 0.531948 0.431174 0.555176 0.513744 0.476401 0.529200 0.493227 0.505787 
650000 0.518072 0.431061 0.548182 0.434698 0.557414 0.519324 0.518646 0.560386 0.510000 0.490731 
651000 0.511132 0.457557 0.537666 0.407018 0.527992 0.512472 0.496361 0.530378 0.492241 0.484848 
652000 0.545624 0.425271 0.519017 0.451852 0.537736 0.534632 0.522105 0.550251 0.454701 0.520492 
653000 0.494191 0.444118 0.538326 0.413824 0.569645 0.516807 0.502125 0.525000 0.462264 0.495614 
654000 0.532564 0.463320 0.552567 0.419145 0.556950 0.518112 0.488421 0.521624 0.437440 0.521972 
655000 0.546825 0.448541 0.578370 0.417044 0.551111 0.548067 0.511318 0.530612 0.484437 0.499470 
656000 0.501946 0.453125 0.572917 0.432152 0.579926 0.536585 0.464043 0.492223 0.493939 0.519914 
657000 0.518639 0.454345 0.550041 0.446237 0.546007 0.481211 0.468684 0.534946 0.460841 0.446281 
658000 0.523695 0.435303 0.520919 0.411488 0.550269 0.506937 0.479443 0.506562 0.483871 0.475758 
659000 0.549398 0.450487 0.528520 0.437092 0.546347 0.465570 0.494475 0.534289 0.518709 0.476148 
660000 0.556397 0.483084 0.568447 0.428860 0.538559 0.471605 0.479669 0.506864 0.500000 0.473630 
661000 0.518639 0.450746 0.569106 0.430862 0.546539 0.454365 0.479946 0.495851 0.485944 0.484959 
662000 0.534865 0.447210 0.531130 0.445378 0.560857 0.488753 0.493169 0.542320 0.475292 0.501338 
663000 0.507359 0.448980 0.525535 0.444000 0.543551 0.432553 0.486684 0.498984 0.474856 0.468537 
664000 0.542611 0.463142 0.550291 0.424977 0.514609 0.490256 0.487233 0.488285 0.467666 0.476346 
665000 0.503778 0.447388 0.551037 0.429851 0.537153 0.444878 0.503415 0.545629 0.498755 0.475958 
666000 0.521849 0.410299 0.532355 0.417423 0.564665 0.497778 0.486373 0.549708 0.494949 0.469190 
667000 0.543818 0.459509 0.540605 0.410906 0.544524 0.496809 0.492600 0.532420 0.466942 0.459067 
668000 0.526761 0.451923 0.527052 0.445771 0.540984 0.448852 0.511288 0.492218 0.460000 0.494560 
669000 0.517060 0.440397 0.548219 0.399070 0.548556 0.496018 0.455721 0.484496 0.475767 0.468966 
670000 0.537696 0.448124 0.538071 0.425662 0.569356 0.493165 0.510204 0.562368 0.467013 0.480605 
671000 0.502542 0.412117 0.560430 0.416301 0.541265 0.548865 0.530088 0.531832 0.464360 0.463673 
672000 0.522590 0.423716 0.542208 0.427103 0.574528 0.513145 0.469707 0.531606 0.503759 0.474705 
673000 0.514851 0.422088 0.544759 0.432365 0.568017 0.481279 0.480414 0.536493 0.493529 0.458261 
674000 0.523810 0.474080 0.560159 0.432052 0.545547 0.517691 0.492182 0.543719 0.463665 0.474913 
675000 0.525383 0.464052 0.514919 0.441778 0.542260 0.511304 0.470795 0.551270 0.430282 0.466667 
676000 0.525662 0.454167 0.564706 0.437016 0.528447 0.515963 0.497810 0.548325 0.425800 0.445217 
677000 0.519380 0.482301 0.541426 0.413725 0.543522 0.491557 0.455733 0.509804 0.427242 0.437396 
678000 0.512177 0.494784 0.517979 0.405904 0.533960 0.502959 0.493933 0.516636 0.432052 0.455319 
679000 0.533229 0.458393 0.598068 0.403902 0.549947 0.525438 0.496408 0.529611 0.466609 0.431283 
680000 0.519828 0.461169 0.595915 0.421002 0.506329 0.486284 0.503053 0.532991 0.468122 0.438938 
681000 0.496569 0.452305 0.554739 0.424479 0.518768 0.493838 0.498959 0.573077 0.472902 0.444444 
682000 0.532012 0.465267 0.564417 0.430293 0.528746 0.576957 0.497979 0.570117 0.465157 0.479290 
683000 0.540230 0.463566 0.527735 0.441385 0.517304 0.531934 0.487179 0.563336 0.425706 0.484315 
684000 0.528143 0.445783 0.573192 0.399010 0.547377 0.526075 0.493323 0.564431 0.437768 0.457165 
685000 0.538995 0.459704 0.540541 0.440132 0.552941 0.510597 0.479377 0.552518 0.439382 0.469231 
686000 0.492335 0.463588 0.523173 0.419545 0.530462 0.550000 0.478333 0.545701 0.459075 0.425439 
687000 0.545810 0.472784 0.546174 0.426357 0.528340 0.535642 0.462838 0.544007 0.445423 0.477987 
688000 0.545607 0.434596 0.533224 0.417308 0.524793 0.538462 0.488616 0.561145 0.432618 0.504098 
689000 0.526772 0.452861 0.564716 0.437880 0.541750 0.502473 0.482456 0.537220 0.472065 0.437925 
690000 0.556658 0.477813 0.527975 0.444341 0.542157 0.521561 0.482061 0.567411 0.467219 0.477447 
691000 0.526439 0.464047 0.546810 0.420223 0.536028 0.521739 0.479026 0.546889 0.481157 0.482051 
692000 0.539224 0.483004 0.556901 0.412886 0.522059 0.547017 0.487097 0.566757 0.451060 0.425332 
693000 0.587727 0.499225 0.542441 0.434662 0.531894 0.534909 0.491537 0.541054 0.428571 0.459206 
694000 0.508475 0.512681 0.552852 0.450292 0.571429 0.508247 0.486714 0.557047 0.475194 0.448511 
695000 0.527061 0.487065 0.562989 0.432174 0.541219 0.518344 0.504875 0.575566 0.460546 0.441152 
696000 0.507951 0.477379 0.533997 0.409498 0.548087 0.520686 0.501659 0.551477 0.420773 0.422502 
697000 0.498297 0.500000 0.504006 0.426160 0.524862 0.501020 0.478997 0.572374 0.446809 0.438767 
698000 0.540354 0.478793 0.552876 0.414330 0.552475 0.563976 0.461270 0.577269 0.433420 0.483516 
699000 0.546205 0.470588 0.559233 0.437569 0.546654 0.532770 0.487475 0.547069 0.454746 0.446862 
700000 0.508894 0.454401 0.567948 0.432111 0.541488 0.561698 0.469974 0.592659 0.467692 0.440889 
701000 0.539646 0.480060 0.514368 0.418662 0.532840 0.528249 0.455977 0.553792 0.484957 0.476834 
702000 0.542972 0.473916 0.584227 0.401280 0.534111 0.506012 0.460026 0.566296 0.461395 0.472918 
703000 0.523913 0.450499 0.508648 0.421053 0.549242 0.498498 0.470407 0.541045 0.450000 0.442040 
704000 0.565951 0.458434 0.581320 0.456250 0.558342 0.540097 0.485385 0.586242 0.413444 0.471993 
705000 0.561950 0.480000 0.544294 0.436694 0.545005 0.516854 0.462509 0.577540 0.459964 0.446634 
706000 0.536736 0.490287 0.528800 0.441764 0.582762 0.524272 0.461207 0.558276 0.461538 0.472036 
707000 0.538622 0.486172 0.552519 0.441125 0.543672 0.503676 0.487372 0.583748 0.484228 0.485857 
708000 0.526619 0.423653 0.547280 0.385338 0.541818 0.510244 0.486999 0.517998 0.445195 0.458779 
709000 0.523490 0.467187 0.562706 0.404192 0.535497 0.508858 0.469304 0.563485 0.479814 0.455371 
710000 0.541456 0.501742 0.579805 0.412305 0.503205 0.518006 0.482168 0.532640 0.454032 0.452907 
711000 0.513755 0.505340 0.577287 0.392271 0.588040 0.511176 0.462172 0.546701 0.487410 0.422394 
712000 0.552817 0.505236 0.557927 0.420129 0.508318 0.530331 0.479912 0.556682 0.470539 0.451691 
713000 0.539043 0.504854 0.559390 0.450292 0.554318 0.530214 0.466102 0.542709 0.439370 0.424174 
714000 0.492168 0.462388 0.546917 0.458167 0.539512 0.516484 0.454681 0.555556 0.450691 0.427835 
715000 0.519942 0.500344 0.558800 0.413479 0.531435 0.508118 0.486390 0.555031 0.479485 0.451642 
716000 0.528401 0.488595 0.567300 0.441921 0.518602 0.449845 0.495302 0.546971 0.470243 0.443471 
717000 0.538567 0.458333 0.551136 0.438953 0.537283 0.479915 0.453268 0.555054 0.457559 0.470092 
718000 0.556617 0.484997 0.567965 0.442637 0.523810 0.509906 0.480742 0.569757 0.473118 0.467523 
719000 0.542570 0.500000 0.548256 0.438699 0.529858 0.511136 0.474306 0.541741 0.454613 0.463710 
720000 0.509275 0.501787 0.559689 0.433560 0.549395 0.511261 0.461909 0.564823 0.460366 0.438612 
721000 0.533333 0.484341 0.567308 0.447674 0.541829 0.542354 0.495021 0.585385 0.450998 0.465546 
722000 0.555306 0.477124 0.551456 0.417484 0.556997 0.561118 0.477241 0.546677 0.466252 0.454015 
723000 0.526502 0.438622 0.545106 0.397676 0.537773 0.527711 0.497967 0.588235 0.455967 0.456538 
724000 0.514563 0.492913 0.581851 0.408056 0.519481 0.547537 0.482275 0.560490 0.463823 0.446384 
725000 0.548780 0.489051 0.526825 0.448077 0.545983 0.496011 0.499603 0.554440 0.460955 0.483137 
726000 0.533065 0.515942 0.537624 0.443715 0.539877 0.503937 0.485238 0.568995 0.486070 0.448139 
727000 0.555918 0.454610 0.526276 0.427040 0.520037 0.483476 0.472354 0.567541 0.470305 0.485692 
728000 0.500437 0.469880 0.516995 0.455882 0.558704 0.505178 0.470365 0.559149 0.475397 0.469916 
729000 0.512012 0.464258 0.530387 0.450266 0.542783 0.473256 0.489825 0.601674 0.496650 0.509237 
730000 0.516400 0.465399 0.556809 0.455789 0.540470 0.501046 0.493233 0.561233 0.455402 0.455241 
731000 0.522172 0.457204 0.560159 0.453839 0.529689 0.470772 0.461651 0.538955 0.482903 0.470178 
732000 0.529883 0.448231 0.533279 0.457565 0.571204 0.467259 0.471451 0.573074 0.444719 0.445783 
733000 0.518147 0.428150 0.552565 0.432245 0.555256 0.472222 0.482570 0.564179 0.449744 0.464223 
734000 0.497155 0.472344 0.550847 0.421296 0.560952 0.495187 0.475836 0.574431 0.462817 0.457322 
735000 0.511774 0.478079 0.563246 0.436069 0.548600 0.484561 0.500695 0.594803 0.460330 0.464368 
736000 0.525537 0.497089 0.562092 0.437684 0.555914 0.475501 0.464992 0.591029 0.442720 0.481593 
737000 0.500368 0.478715 0.552204 0.423761 0.558854 0.507645 0.497487 0.606203 0.457282 0.454751 
738000 0.515402 0.489928 0.542969 0.441964 0.580169 0.535840 0.478169 0.580080 0.447135 0.463983 
739000 0.515846 0.465116 0.568182 0.442656 0.567152 0.486345 0.454679 0.584983 0.471074 0.490134 
740000 0.549459 0.494565 0.580617 0.424157 0.550864 0.497512 0.480783 0.576052 0.460792 0.460257 
741000 0.513629 0.490015 0.574785 0.453686 0.538108 0.516724 0.476190 0.593454 0.454947 0.437728 
742000 0.506098 0.469685 0.552951 0.406661 0.545205 0.563781 0.476923 0.562609 0.440367 0.444757 
743000 0.515855 0.476592 0.548228 0.431284 0.528472 0.476373 0.470741 0.587703 0.441501 0.458179 
744000 0.526567 0.498096 0.560886 0.439003 0.550595 0.530151 0.471418 0.549567 0.466301 0.443950 
745000 0.530415 0.502092 0.538203 0.440258 0.535497 0.523697 0.467226 0.622162 0.464058 0.466222 
746000 0.557447 0.463174 0.527755 0.430742 0.538462 0.484211 0.488087 0.574627 0.440418 0.452045 
747000 0.504745 0.513889 0.553398 0.445378 0.567568 0.475152 0.480254 0.557185 0.475894 0.433931 
748000 0.504975 0.469537 0.517033 0.466598 0.572165 0.469987 0.465531 0.573826 0.446586 0.479027 
749000 0.545251 0.502959 0.534697 0.429775 0.557514 0.422378 0.463873 0.600214 0.455942 0.476024 
750000 0.528811 0.452348 0.536066 0.424850 0.548485 0.462435 0.454183 0.590952 0.436224 0.491568 
751000 0.522807 0.491501 0.528620 0.462069 0.553363 0.450122 0.478408 0.584300 0.458846 0.468954 
752000 0.527653 0.486212 0.547465 0.451887 0.551633 0.415473 0.484241 0.576243 0.431276 0.473270 
753000 0.529028 0.511171 0.543716 0.418947 0.548358 0.457784 0.489884 0.628545 0.463948 0.464481 
754000 0.514472 0.518390 0.535176 0.479024 0.542757 0.447273 0.442441 0.565441 0.467804 0.468939 
755000 0.513535 0.471459 0.563652 0.443860 0.569561 0.486423 0.467731 0.599006 0.486631 0.495238 
756000 0.537052 0.502946 0.552893 0.417593 0.508804 0.501289 0.453136 0.562038 0.451258 0.471308 
757000 0.539030 0.468657 0.527392 0.474199 0.550000 0.487959 0.463779 0.593600 0.467252 0.449850 
758000 0.543393 0.503432 0.544186 0.434917 0.579841 0.452500 0.457849 0.571921 0.460526 0.446585 
759000 0.540426 0.500000 0.536111 0.404975 0.540414 0.468137 0.433990 0.581095 0.480122 0.471698 
760000 0.515058 0.493872 0.543277 0.432343 0.567083 0.471893 0.459157 0.623463 0.455365 0.444619 
761000 0.536264 0.499267 0.523962 0.400713 0.542907 0.465269 0.427677 0.553502 0.451493 0.463592 
762000 0.497881 0.512035 0.531176 0.399077 0.548465 0.447403 0.433308 0.565481 0.455929 0.447627 
763000 0.512644 0.490365 0.528120 0.376646 0.551410 0.502086 0.476911 0.544323 0.445146 0.453301 
764000 0.514745 0.486897 0.521360 0.432810 0.573230 0.533784 0.444444 0.521024 0.468775 0.474369 
765000 0.516921 0.519062 0.521817 0.437500 0.540698 0.495364 0.461039 0.588235 0.458699 0.480769 
766000 0.482498 0.498885 0.535494 0.406883 0.525154 0.498623 0.424423 0.549431 0.430901 0.489868 
767000 0.513669 0.507167 0.517529 0.388571 0.546729 0.541176 0.483108 0.572532 0.437397 0.457053 
768000 0.503263 0.485315 0.523364 0.410080 0.548156 0.489747 0.442976 0.563238 0.444444 0.451464 
769000 0.530695 0.485714 0.530894 0.389599 0.540449 0.500000 0.456456 0.556155 0.417628 0.483988 
770000 0.514423 0.485798 0.549518 0.421687 0.542793 0.490358 0.484115 0.582498 0.456971 0.472714 
771000 0.497273 0.466027 0.533390 0.408537 0.545455 0.496766 0.472782 0.574884 0.472628 0.472247 
772000 0.493255 0.510174 0.548642 0.382752 0.565553 0.525153 0.470820 0.561194 0.465116 0.469912 
773000 0.519912 0.488574 0.520302 0.367784 0.588296 0.439678 0.463379 0.567383 0.449168 0.483871 
774000 0.564835 0.519044 0.574634 0.396290 0.565817 0.465704 0.479971 0.560459 0.427984 0.456286 
775000 0.548679 0.492669 0.538610 0.366838 0.557848 0.494949 0.448355 0.556338 0.438382 0.495215 
776000 0.561580 0.485399 0.553140 0.404412 0.551335 0.469697 0.476552 0.531250 0.435874 0.493249 
777000 0.519600 0.454686 0.590340 0.408503 0.538210 0.440977 0.472689 0.577229 0.404155 0.458436 
778000 0.519500 0.449511 0.574200 0.377679 0.520925 0.504993 0.462950 0.556218 0.432776 0.432109 
779000 0.529244 0.461004 0.567490 0.403941 0.546411 0.511080 0.483821 0.557809 0.432727 0.452936 
780000 0.498626 0.483468 0.544707 0.391597 0.495667 0.468023 0.471918 0.560304 0.451017 0.477129 
781000 0.493559 0.470278 0.551220 0.389610 0.566184 0.506008 0.483056 0.580675 0.427613 0.467532 
782000 0.512973 0.511429 0.601399 0.392857 0.548102 0.507891 0.454296 0.533717 0.472449 0.445596 
783000 0.548638 0.484218 0.607917 0.383085 0.526936 0.494574 0.465399 0.544900 0.430871 0.481395 
784000 0.529412 0.472622 0.536926 0.373089 0.568790 0.494040 0.456492 0.556891 0.443253 0.490260 
785000 0.483704 0.455872 0.565217 0.394636 0.557301 0.482759 0.466418 0.523135 0.420099 0.445836 
786000 0.528363 0.464168 0.574863 0.401610 0.544493 0.474962 0.463151 0.533095 0.403523 0.474297 
787000 0.526430 0.477682 0.592849 0.409205 0.555673 0.489510 0.431237 0.539936 0.420958 0.481635 
788000 0.517166 0.491098 0.576153 0.414568 0.533808 0.471279 0.448301 0.554908 0.427127 0.458241 
789000 0.503417 0.482482 0.584022 0.368739 0.559322 0.507732 0.467593 0.564972 0.436364 0.457185 
790000 0.477983 0.484807 0.564128 0.371206 0.542927 0.494465 0.482292 0.574506 0.429811 0.462906 
791000 0.516667 0.457487 0.575355 0.412512 0.564893 0.475169 0.453125 0.554113 0.461407 0.466350 
792000 0.495246 0.494759 0.570925 0.370982 0.550349 0.498715 0.442069 0.537698 0.396144 0.468345 
793000 0.498036 0.485784 0.584507 0.388889 0.551294 0.501416 0.441531 0.559754 0.409574 0.464231 
794000 0.497992 0.447590 0.538860 0.391833 0.567123 0.493861 0.473904 0.533898 0.401771 0.448850 
795000 0.480475 0.441568 0.563934 0.369991 0.519013 0.461055 0.472262 0.542785 0.413086 0.474820 
796000 0.508489 0.439825 0.568499 0.404476 0.571557 0.508631 0.458090 0.548918 0.408537 0.504983 
797000 0.495518 0.441154 0.534235 0.382084 0.562857 0.480702 0.444807 0.564837 0.441634 0.503080 
798000 0.521249 0.429084 0.557447 0.369830 0.560526 0.480263 0.445893 0.575586 0.483184 0.497425 
799000 0.510249 0.409850 0.547957 0.374895 0.571289 0.497055 0.485284 0.554506 0.400208 0.500381 
800000 0.516949 0.409015 0.551426 0.373194 0.579871 0.461624 0.473227 0.557971 0.440774 0.474983 
801000 0.486662 0.391837 0.571700 0.369547 0.520040 0.521240 0.469545 0.542535 0.425885 0.480565 
802000 0.497848 0.403953 0.558006 0.430451 0.519013 0.550409 0.486364 0.553474 0.393411 0.476737 
803000 0.495432 0.380443 0.538820 0.410546 0.543779 0.485795 0.474638 0.575480 0.401532 0.479482 
804000 0.509065 0.394570 0.570470 0.363225 0.521360 0.492105 0.463135 0.564779 0.448683 0.462284 
805000 0.464039 0.436331 0.571759 0.369707 0.531953 0.515950 0.446657 0.571306 0.456277 0.483454 
806000 0.476020 0.418528 0.579034 0.356899 0.575490 0.461949 0.458774 0.525581 0.455954 0.478715 
807000 0.504801 0.399107 0.567430 0.377119 0.588182 0.516923 0.449574 0.552298 0.432900 0.461347 
808000 0.528939 0.431227 0.552058 0.366765 0.545749 0.491187 0.457166 0.519932 0.437500 0.470756 
809000 0.530504 0.435470 0.562449 0.380000 0.542700 0.461935 0.447876 0.535545 0.416564 0.482619 
810000 0.509151 0.397109 0.536013 0.418979 0.584215 0.475911 0.457103 0.549590 0.402116 0.528146 
811000 0.486100 0.421753 0.550725 0.406183 0.570573 0.518343 0.485488 0.535370 0.404329 0.506723 
812000 0.486900 0.408108 0.580824 0.423002 0.507296 0.475087 0.459729 0.528939 0.444131 0.480321 
813000 0.473245 0.411181 0.571311 0.408537 0.551373 0.514320 0.423358 0.531414 0.433247 0.506960 
814000 0.479861 0.375845 0.586435 0.386704 0.550347 0.494675 0.462396 0.515541 0.418605 0.510967 
815000 0.478882 0.394022 0.551724 0.398381 0.554245 0.484700 0.435318 0.565177 0.437175 0.490712 
816000 0.476761 0.402572 0.593949 0.418818 0.544081 0.489726 0.428992 0.546073 0.426486 0.489023 
817000 0.515717 0.391304 0.566109 0.401810 0.585982 0.522097 0.459440 0.528335 0.432760 0.476584 
818000 0.482120 0.361184 0.564103 0.426230 0.530692 0.493737 0.490057 0.543796 0.458007 0.504401 
819000 0.480054 0.418261 0.589030 0.372978 0.531277 0.538634 0.476127 0.493495 0.434084 0.494109 
820000 0.509050 0.380295 0.598165 0.421971 0.548187 0.507444 0.475085 0.518158 0.460000 0.469331 
821000 0.501071 0.379310 0.546248 0.402286 0.557292 0.486228 0.449554 0.502005 0.421103 0.479067 
822000 0.497080 0.418107 0.575784 0.398305 0.562920 0.489234 0.453181 0.507401 0.424155 0.468070 
823000 0.513665 0.418434 0.532329 0.397704 0.556762 0.485855 0.449864 0.491042 0.442458 0.469033 
824000 0.515812 0.384738 0.575130 0.423040 0.514205 0.467857 0.469120 0.542330 0.420131 0.479046 
825000 0.510914 0.354943 0.538726 0.404372 0.529260 0.423888 0.494060 0.544650 0.433862 0.475500 
826000 0.524912 0.381469 0.578990 0.383319 0.498124 0.470085 0.477836 0.553782 0.429703 0.478555 
827000 0.533643 0.406199 0.578590 0.404097 0.527851 0.508035 0.458449 0.541632 0.443743 0.479236 
828000 0.527532 0.398631 0.590123 0.364841 0.523046 0.516734 0.460729 0.482020 0.426680 0.505635 
829000 0.487919 0.365812 0.574610 0.393457 0.508421 0.498718 0.456398 0.524362 0.423855 0.500000 
830000 0.512940 0.366638 0.570044 0.397260 0.537283 0.488344 0.459157 0.555150 0.448198 0.484218 
831000 0.520548 0.344463 0.567068 0.392720 0.544572 0.503219 0.467333 0.518035 0.421446 0.490356 
832000 0.503817 0.361721 0.565256 0.365949 0.517495 0.509530 0.472315 0.525876 0.378378 0.483892 
833000 0.504355 0.378039 0.560594 0.398757 0.549844 0.539312 0.428855 0.535994 0.426049 0.482806 
834000 0.538574 0.366667 0.535073 0.391144 0.569405 0.498168 0.442962 0.566125 0.428418 0.498561 
835000 0.524493 0.365994 0.545455 0.398049 0.539474 0.526061 0.460307 0.558067 0.402410 0.468927 
836000 0.486343 0.357895 0.526697 0.375969 0.544355 0.526391 0.479695 0.523438 0.384884 0.484339 
837000 0.499286 0.380424 0.538644 0.373120 0.558074 0.501295 0.470707 0.521705 0.432024 0.466765 
838000 0.521084 0.366667 0.539550 0.394854 0.576642 0.544803 0.485868 0.539831 0.399507 0.497875 
839000 0.475570 0.386320 0.468171 0.396783 0.570192 0.591566 0.457980 0.558296 0.420159 0.513186 
840000 0.491180 0.384547 0.514920 0.412698 0.528696 0.552866 0.482118 0.505910 0.404762 0.487413 
841000 0.519785 0.384118 0.530822 0.404031 0.559871 0.533410 0.469560 0.544164 0.421277 0.476871 
842000 0.495277 0.354778 0.524144 0.405734 0.581615 0.582712 0.454671 0.536677 0.436757 0.510596 
843000 0.509036 0.378038 0.528947 0.375335 0.543237 0.526316 0.489264 0.552670 0.442266 0.480150 
844000 0.494949 0.350187 0.503843 0.398746 0.552157 0.521161 0.462243 0.524862 0.437832 0.513447 
845000 0.466468 0.359136 0.507475 0.434603 0.543041 0.533597 0.451955 0.551751 0.428722 0.510537 
846000 0.476654 0.402081 0.510823 0.417925 0.532209 0.523499 0.447567 0.559543 0.411704 0.509667 
847000 0.481319 0.379852 0.521703 0.417572 0.513980 0.514250 0.472204 0.547155 0.402142 0.482708 
848000 0.488223 0.425944 0.523887 0.401046 0.544182 0.512262 0.459324 0.511966 0.426628 0.509062 
849000 0.488651 0.408918 0.541377 0.400542 0.515014 0.520513 0.465724 0.494127 0.394472 0.493106 
850000 0.488435 0.400885 0.515488 0.414679 0.515053 0.520420 0.478873 0.505912 0.407365 0.503676 
851000 0.462069 0.384283 0.536207 0.393413 0.507405 0.525215 0.462012 0.514498 0.417339 0.500773 
852000 0.496263 0.391530 0.533784 0.407373 0.520934 0.524349 0.431928 0.520359 0.427586 0.485628 
853000 0.493754 0.425419 0.507859 0.388060 0.529791 0.538908 0.413867 0.499215 0.419421 0.485623 
854000 0.501508 0.416958 0.513397 0.376200 0.554517 0.558792 0.469301 0.516316 0.423077 0.471081 
855000 0.475282 0.450962 0.543387 0.409628 0.515638 0.568362 0.467438 0.508322 0.420229 0.504754 
856000 0.506839 0.407466 0.537072 0.366795 0.500486 0.588307 0.457101 0.489424 0.416751 0.492228 
857000 0.504964 0.380000 0.549515 0.379427 0.498763 0.565363 0.426584 0.531019 0.406816 0.511403 
858000 0.479238 0.409019 0.535224 0.374521 0.524257 0.576494 0.421687 0.525856 0.410088 0.460526 
859000 0.485774 0.390854 0.551980 0.384000 0.541891 0.539078 0.455311 0.533579 0.402335 0.483301 
860000 0.476599 0.385009 0.510830 0.393778 0.524604 0.632505 0.479734 0.507874 0.441731 0.480320 
861000 0.502939 0.378302 0.561519 0.348240 0.524706 0.547391 0.462748 0.509181 0.392478 0.495017 
862000 0.467675 0.423592 0.524263 0.366197 0.491645 0.539150 0.470627 0.510204 0.389055 0.499188 
863000 0.454819 0.462413 0.526585 0.340406 0.539185 0.555682 0.465132 0.477165 0.417219 0.493385 
864000 0.460028 0.449534 0.536103 0.370071 0.553860 0.558259 0.441661 0.520149 0.415608 0.504059 
865000 0.468874 0.436140 0.524576 0.387661 0.531850 0.540508 0.438795 0.511419 0.427549 0.490528 
866000 0.486486 0.448454 0.518423 0.372045 0.516897 0.565525 0.439230 0.470449 0.421965 0.504447 
867000 0.483965 0.454898 0.538757 0.378160 0.500384 0.600000 0.437500 0.488905 0.413185 0.500329 
868000 0.461275 0.447805 0.523054 0.354167 0.558347 0.572941 0.437706 0.508071 0.437441 0.484332 
869000 0.483800 0.451052 0.531424 0.324355 0.510830 0.529116 0.457237 0.532051 0.466776 0.476259 
870000 0.479536 0.417231 0.511259 0.307692 0.527073 0.560718 0.479788 0.532149 0.423684 0.493559 
871000 0.506015 0.434669 0.520446 0.345438 0.555187 0.543769 0.453496 0.520769 0.464000 0.500330 
872000 0.503324 0.437988 0.550642 0.331967 0.541985 0.515091 0.460014 0.513754 0.454111 0.486198 
873000 0.462571 0.456095 0.539442 0.316489 0.563098 0.507277 0.440268 0.482866 0.461614 0.498650 
874000 0.473878 0.427500 0.523514 0.344660 0.519635 0.523965 0.459040 0.481254 0.439163 0.486503 
875000 0.494488 0.392021 0.533333 0.327602 0.543434 0.548387 0.455041 0.501757 0.437700 0.492399 
876000 0.491645 0.410760 0.535963 0.303571 0.550179 0.544834 0.453387 0.494465 0.407948 0.476712 
877000 0.485599 0.394535 0.533841 0.294343 0.536408 0.547594 0.474522 0.501531 0.431963 0.526354 
878000 0.487217 0.444444 0.534991 0.338384 0.529002 0.549727 0.456242 0.497242 0.485207 0.500692 
879000 0.465884 0.411616 0.511885 0.368720 0.554701 0.569075 0.452991 0.515379 0.440889 0.479584 
880000 0.493302 0.456357 0.522799 0.367925 0.541455 0.567857 0.459975 0.504412 0.451839 0.501410 
881000 0.487095 0.471136 0.558632 0.328685 0.520157 0.601793 0.467224 0.504298 0.425451 0.482095 
882000 0.510417 0.451648 0.528875 0.312336 0.495481 0.561893 0.445672 0.539769 0.397084 0.457848 
883000 0.462380 0.396934 0.519679 0.310480 0.524648 0.600945 0.462742 0.476012 0.436077 0.492224 
884000 0.481818 0.440063 0.511905 0.317003 0.548622 0.569652 0.441736 0.497723 0.440035 0.483707 
885000 0.464758 0.445685 0.524056 0.317954 0.552846 0.544956 0.454181 0.499072 0.414508 0.508880 
886000 0.457652 0.444938 0.525094 0.295280 0.550211 0.548523 0.466231 0.494616 0.423043 0.474725 
887000 0.470588 0.443018 0.526227 0.275542 0.575000 0.558606 0.432469 0.489694 0.423456 0.473126 
888000 0.478825 0.448980 0.537713 0.327133 0.539463 0.514865 0.459357 0.525503 0.427334 0.486645 
889000 0.476849 0.480490 0.551546 0.249042 0.567617 0.557208 0.489921 0.508442 0.422624 0.490985 
890000 0.494874 0.484489 0.534884 0.264901 0.567308 0.521499 0.482716 0.528971 0.453297 0.472903 
891000 0.442446 0.440171 0.553749 0.310030 0.550045 0.535320 0.478900 0.507901 0.442897 0.499205 
892000 0.478801 0.465176 0.568033 0.294118 0.535354 0.566449 0.507483 0.521057 0.470973 0.475360 
893000 0.484682 0.486942 0.546218 0.286353 0.527539 0.534532 0.499034 0.522200 0.497532 0.499276 
894000 0.482353 0.443649 0.542834 0.268464 0.535185 0.546980 0.466586 0.509353 0.404483 0.507937 
895000 0.484512 0.447414 0.539738 0.306818 0.494570 0.541544 0.498294 0.479136 0.428307 0.500334 
896000 0.486144 0.450331 0.522111 0.313418 0.518822 0.549843 0.492278 0.477536 0.415521 0.482618 
897000 0.508429 0.447887 0.569489 0.333008 0.500829 0.544498 0.510270 0.486862 0.406286 0.466138 
898000 0.486862 0.462500 0.547601 0.339545 0.516180 0.543299 0.493160 0.485262 0.421806 0.475034 
899000 0.505332 0.456890 0.538060 0.328751 0.495539 0.535514 0.481905 0.477632 0.451852 0.475618 
900000 0.446142 0.479649 0.506107 0.290805 0.522018 0.535253 0.490933 0.515837 0.412935 0.474326 
901000 0.494355 0.426772 0.473510 0.271028 0.529981 0.527449 0.492497 0.510622 0.460478 0.505300 
902000 0.518919 0.466258 0.518672 0.339307 0.544325 0.527551 0.515868 0.513821 0.457865 0.489848 
903000 0.505450 0.463687 0.540250 0.274336 0.542760 0.533141 0.524569 0.504052 0.438849 0.493352 
904000 0.551242 0.455349 0.508279 0.291913 0.572670 0.505176 0.492042 0.503811 0.442216 0.490413 
905000 0.531746 0.429703 0.539062 0.274327 0.547335 0.535874 0.482803 0.508591 0.439965 0.515390 
906000 0.504234 0.479053 0.517692 0.265979 0.553672 0.517279 0.471279 0.530240 0.437559 0.510515 
907000 0.497159 0.449715 0.553628 0.270599 0.579968 0.541916 0.495298 0.509960 0.450442 0.509776 
908000 0.496626 0.445008 0.527356 0.254634 0.542553 0.547398 0.474966 0.496183 0.474161 0.490156 
909000 0.514225 0.446091 0.573770 0.281642 0.548287 0.554833 0.483386 0.497133 0.473367 0.485043 
910000 0.488243 0.481356 0.538986 0.291954 0.552147 0.558237 0.451243 0.518575 0.476504 0.464394 
911000 0.484682 0.409498 0.520285 0.305019 0.509449 0.544732 0.505384 0.500704 0.461857 0.493142 
912000 0.509063 0.429066 0.524808 0.281310 0.513308 0.549311 0.492720 0.522214 0.500810 0.476060 
913000 0.529455 0.415139 0.551311 0.265086 0.506309 0.537535 0.472667 0.488112 0.469659 0.506899 
914000 0.502782 0.450512 0.539223 0.301751 0.517913 0.563305 0.495419 0.518728 0.436242 0.499640 
915000 0.496089 0.445183 0.529511 0.290927 0.527429 0.599327 0.485692 0.515867 0.465503 0.473324 
916000 0.522631 0.418782 0.517551 0.312071 0.523734 0.573383 0.487788 0.525260 0.461318 0.493994 
917000 0.499678 0.435403 0.518490 0.307619 0.515833 0.556277 0.502439 0.486506 0.473902 0.485169 
918000 0.495050 0.443336 0.472644 0.305810 0.504934 0.544262 0.497942 0.520924 0.429417 0.489434 
919000 0.482979 0.415225 0.508949 0.286453 0.518039 0.541667 0.486076 0.518308 0.448083 0.519115 
920000 0.499014 0.437956 0.492436 0.314706 0.537126 0.563329 0.481322 0.499175 0.443284 0.506494 
921000 0.501020 0.416808 0.528082 0.342054 0.521701 0.540691 0.474272 0.523351 0.444268 0.502085 
922000 0.476060 0.418457 0.515379 0.352657 0.551601 0.557173 0.477927 0.502396 0.405761 0.481246 
923000 0.494885 0.427468 0.501832 0.340085 0.518914 0.600858 0.489982 0.485248 0.444919 0.478261 
924000 0.490962 0.430135 0.513357 0.330916 0.531746 0.557589 0.495995 0.489193 0.438222 0.496362 
925000 0.481716 0.420317 0.507564 0.329603 0.490178 0.600877 0.490458 0.513268 0.427237 0.486565 
926000 0.475806 0.409574 0.510961 0.299335 0.491848 0.567080 0.490129 0.489460 0.441154 0.521459 
927000 0.489086 0.418182 0.532209 0.328974 0.547658 0.565032 0.513514 0.478650 0.470008 0.482955 
928000 0.505410 0.404221 0.509342 0.282365 0.558292 0.572650 0.518288 0.485935 0.443678 0.458170 
929000 0.474869 0.415231 0.513661 0.332123 0.537727 0.584746 0.516573 0.506564 0.464598 0.463827 
930000 0.478410 0.438180 0.503586 0.318052 0.537829 0.578947 0.494118 0.517925 0.460396 0.504686 
931000 0.491915 0.425108 0.516156 0.327475 0.518320 0.585965 0.528600 0.501850 0.480769 0.503212 
932000 0.510652 0.418197 0.503734 0.317410 0.497588 0.560452 0.494382 0.490182 0.475599 0.447495 
933000 0.499270 0.425587 0.543755 0.336725 0.556458 0.537445 0.522017 0.499316 0.483536 0.502470 
934000 0.482244 0.419608 0.500370 0.301471 0.528381 0.614431 0.514414 0.496217 0.442462 0.498505 
935000 0.448699 0.407970 0.508287 0.252033 0.516077 0.565271 0.536869 0.501955 0.440499 0.485097 
936000 0.470219 0.452668 0.528926 0.280242 0.547703 0.538177 0.527958 0.511915 0.485632 0.500000 
937000 0.477883 0.426412 0.536384 0.289841 0.552316 0.505855 0.509228 0.492375 0.500000 0.465686 
938000 0.473214 0.439301 0.546089 0.289838 0.548872 0.535792 0.483808 0.478130 0.502836 0.462116 
939000 0.503876 0.418254 0.523585 0.306908 0.536481 0.549087 0.489395 0.480443 0.433333 0.518403 
940000 0.492989 0.435720 0.530280 0.310924 0.532794 0.578411 0.500000 0.503778 0.486301 0.493151 
941000 0.495617 0.429825 0.511859 0.331307 0.488743 0.581761 0.506106 0.504235 0.438312 0.515850 
942000 0.483262 0.434894 0.497699 0.302239 0.528807 0.552632 0.512298 0.468835 0.470899 0.506771 
943000 0.495517 0.473925 0.510967 0.277476 0.508560 0.522659 0.504279 0.462745 0.491342 0.490539 
944000 0.492982 0.486718 0.515759 0.293121 0.486395 0.593361 0.519950 0.514716 0.448245 0.483613 
945000 0.491270 0.486683 0.488300 0.289773 0.524678 0.585475 0.542604 0.490755 0.457853 0.501134 
946000 0.472162 0.489609 0.495466 0.326531 0.535569 0.580613 0.519243 0.488215 0.502901 0.529240 
947000 0.501337 0.500384 0.510786 0.325467 0.530059 0.552454 0.495960 0.513796 0.495717 0.517672 
948000 0.510058 0.470490 0.485039 0.319699 0.534199 0.569804 0.493082 0.498617 0.529787 0.511191 
949000 0.501321 0.472050 0.498864 0.339376 0.534562 0.589450 0.517356 0.492989 0.458333 0.501294 
950000 0.478231 0.458921 0.495238 0.309884 0.489720 0.553257 0.498748 0.498545 0.478431 0.506466 
951000 0.490933 0.454196 0.521888 0.311918 0.506655 0.565547 0.491503 0.464878 0.476277 0.514176 
952000 0.500000 0.498382 0.526510 0.293738 0.490716 0.549828 0.493274 0.491700 0.428829 0.516508 
953000 0.515654 0.507764 0.513349 0.262911 0.541221 0.565789 0.492528 0.484458 0.447826 0.489933 
954000 0.491313 0.468892 0.506696 0.280802 0.522377 0.578714 0.502994 0.500000 0.461690 0.515636 
955000 0.504630 0.471806 0.497706 0.280802 0.507889 0.606486 0.477318 0.479760 0.469388 0.508333 
956000 0.500686 0.421961 0.520630 0.297575 0.493986 0.612245 0.493473 0.518578 0.463953 0.504574 
957000 0.486949 0.459522 0.503817 0.282074 0.493892 0.587156 0.462190 0.535270 0.483068 0.486822 
958000 0.499641 0.426887 0.521238 0.310249 0.479332 0.592955 0.490639 0.478261 0.424721 0.507592 
959000 0.482733 0.452729 0.517758 0.317766 0.475986 0.598122 0.522511 0.512490 0.451031 0.495210 
960000 0.490066 0.463345 0.501995 0.275090 0.518519 0.609895 0.522783 0.475177 0.451121 0.472313 
961000 0.480756 0.467492 0.508209 0.268770 0.541991 0.590537 0.505369 0.510322 0.374555 0.506372 
962000 0.506494 0.461806 0.538849 0.289499 0.549755 0.630478 0.509422 0.476900 0.413462 0.479424 
963000 0.488079 0.444619 0.500732 0.248848 0.522530 0.638350 0.508339 0.500401 0.425044 0.478614 
964000 0.459922 0.475524 0.525180 0.269084 0.490972 0.622438 0.496341 0.517007 0.431455 0.495532 
965000 0.496164 0.468439 0.500369 0.245536 0.495017 0.623644 0.470817 0.482927 0.424607 0.484068 
966000 0.463109 0.430224 0.506051 0.276371 0.516023 0.616667 0.471591 0.545605 0.423661 0.486335 
967000 0.488694 0.466814 0.518600 0.293933 0.529757 0.641489 0.488131 0.502311 0.426768 0.491141 
968000 0.494461 0.421494 0.505155 0.286861 0.502471 0.606651 0.484667 0.519582 0.419241 0.493497 
969000 0.464135 0.403021 0.514815 0.288932 0.539271 0.619251 0.488415 0.513559 0.429078 0.489857 
970000 0.487645 0.412836 0.525108 0.299277 0.517857 0.580300 0.524232 0.503676 0.423333 0.485368 
971000 0.522529 0.416345 0.507063 0.291176 0.499235 0.624882 0.497010 0.521739 0.426947 0.492359 
972000 0.494745 0.418066 0.526765 0.284746 0.529787 0.603160 0.477258 0.489470 0.431468 0.494145 
973000 0.511403 0.430399 0.533534 0.303003 0.499604 0.597073 0.486058 0.512761 0.444843 0.487038 
974000 0.509791 0.404094 0.533099 0.260261 0.506051 0.602606 0.496815 0.496842 0.406890 0.483937 
975000 0.496109 0.381420 0.527027 0.311748 0.482517 0.595679 0.498762 0.500000 0.456212 0.464106 
976000 0.486507 0.380100 0.522270 0.295319 0.493080 0.548698 0.490062 0.493766 0.381379 0.498184 
977000 0.489270 0.398186 0.506392 0.309129 0.566007 0.586745 0.492897 0.470945 0.413559 0.512918 
978000 0.510450 0.396992 0.536404 0.281581 0.516185 0.538688 0.490530 0.517471 0.436596 0.496937 
979000 0.477110 0.405166 0.526798 0.287139 0.535682 0.569860 0.514966 0.481661 0.410122 0.467870 
980000 0.494018 0.400806 0.514307 0.329926 0.539505 0.527027 0.483967 0.511938 0.415610 0.456318 
981000 0.486381 0.393169 0.521412 0.317227 0.544601 0.612335 0.486658 0.507738 0.426201 0.478947 
982000 0.517409 0.405488 0.508021 0.290941 0.528045 0.597015 0.472058 0.517609 0.417384 0.504972 
983000 0.487871 0.411991 0.526996 0.278612 0.545072 0.620502 0.505846 0.548696 0.429156 0.485911 
984000 0.491682 0.423638 0.534215 0.277209 0.518400 0.623025 0.514006 0.520000 0.413987 0.469021 
985000 0.482688 0.394553 0.497259 0.283300 0.528668 0.583055 0.495373 0.476498 0.407502 0.464096 
986000 0.472557 0.379699 0.531847 0.299737 0.507293 0.593407 0.480486 0.493661 0.427690 0.475399 
987000 0.494318 0.444126 0.521992 0.285568 0.492155 0.561443 0.464170 0.477794 0.384821 0.494008 
988000 0.497674 0.447011 0.545904 0.254620 0.538525 0.595766 0.506684 0.489694 0.403300 0.468794 
989000 0.474251 0.433934 0.514687 0.311151 0.557868 0.597308 0.532949 0.468706 0.397579 0.522136 
990000 0.479134 0.415635 0.519970 0.309910 0.495349 0.546653 0.502747 0.482912 0.348981 0.486505 
991000 0.490972 0.415267 0.540256 0.299629 0.496960 0.558237 0.506181 0.523534 0.367709 0.467963 
992000 0.472203 0.407521 0.508671 0.291777 0.528074 0.556428 0.506709 0.509197 0.381443 0.483612 
993000 0.468220 0.385950 0.486212 0.288136 0.528302 0.554566 0.509728 0.497969 0.367065 0.454791 
994000 0.495106 0.418759 0.506163 0.269939 0.511905 0.574421 0.511243 0.510549 0.363636 0.506522 
995000 0.512654 0.404728 0.512268 0.243738 0.533953 0.623518 0.512417 0.498296 0.339130 0.480652 
996000 0.460896 0.394970 0.500363 0.275924 0.511164 0.601570 0.512610 0.474813 0.343146 0.482095 
997000 0.472568 0.380952 0.491399 0.282000 0.513889 0.630939 0.493961 0.497869 0.355993 0.468414 
998000 0.505859 0.367852 0.514124 0.280648 0.497238 0.608035 0.465192 0.521809 0.342907 0.486708 
999000 0.523129 0.388350 0.516037 0.315353 0.469388 0.638009 0.460143 0.505176 0.330973 0.457447 
1000000 1.000000 1.000000 0.000000 0.000000 0.333333 1.000000 0.000000 0.000000 0.000000 1.000000 
