0	12	10	9	5	8	10	6	21	10	14	0	10	12	6	10	7	16	11	18	11	11
1000	2	4	4	10	3	3	6	6	1	4	1000	3	5	5	7	2	3	6	2	4	7
2000	10	6	4	5	9	6	4	7	7	8	2000	13	4	9	5	13	7	1	10	2	6
3000	9	6	7	0	9	2	5	21	8	1	3000	1	6	6	1	5	4	3	8	0	6
4000	3	9	2	2	2	24	0	11	4	1	4000	0	6	1	3	1	18	1	5	8	3
5000	2	7	9	2	1	8	1	13	2	2	5000	1	5	3	0	0	8	0	3	2	2
6000	1	11	8	3	0	9	1	14	1	2	6000	10	6	6	1	1	7	1	10	5	1
7000	1	8	7	2	1	0	0	21	2	4	7000	2	9	4	1	0	1	0	9	4	1
8000	2	3	17	4	3	2	0	18	4	11	8000	3	12	10	2	0	2	0	7	3	2
9000	4	5	10	14	0	2	0	28	0	0	9000	1	5	2	9	0	10	0	6	2	1
10000	6	20	15	31	2	21	0	26	7	2	10000	3	20	8	7	2	29	4	5	4	3
11000	5	44	24	27	1	29	4	27	7	2	11000	12	47	12	9	0	12	3	5	2	1
12000	3	39	18	15	3	35	3	25	16	3	12000	6	41	12	15	4	19	2	3	12	0
13000	1	32	20	6	0	35	7	24	11	0	13000	4	24	22	16	0	25	14	9	4	2
14000	10	30	18	23	0	13	12	13	9	0	14000	7	23	20	15	2	13	13	0	2	0
15000	6	35	17	51	2	11	3	30	12	1	15000	7	36	33	12	8	20	8	4	11	0
16000	0	30	10	22	0	16	0	24	15	0	16000	0	25	15	12	4	12	7	2	1	0
17000	5	29	35	6	6	12	2	22	6	0	17000	5	21	12	12	1	7	2	2	1	0
18000	8	41	20	20	5	19	3	22	20	0	18000	15	35	10	8	11	12	12	1	7	1
19000	6	43	7	10	2	20	8	31	18	0	19000	4	26	4	1	3	11	6	4	14	1
20000	6	40	26	6	7	29	3	53	13	1	20000	4	35	12	4	11	12	3	2	21	5
21000	10	27	38	6	5	52	5	90	4	2	21000	9	20	25	2	10	38	2	5	7	1
22000	7	31	34	10	1	38	9	24	22	0	22000	7	43	22	7	2	21	17	3	23	0
23000	1	24	30	4	2	40	6	79	17	1	23000	1	34	16	5	1	23	7	10	15	1
24000	5	21	26	14	4	51	1	43	15	1	24000	8	24	18	6	1	29	2	5	11	0
25000	2	52	17	25	0	50	3	28	9	0	25000	7	38	16	26	1	36	1	3	4	2
26000	0	85	8	25	0	40	1	25	17	0	26000	1	43	7	25	0	12	2	1	23	1
27000	2	95	13	26	0	39	10	25	26	1	27000	3	49	27	25	1	15	10	2	38	2
28000	0	95	22	18	0	50	10	22	12	0	28000	3	91	12	9	0	27	20	3	16	2
29000	3	51	11	5	0	89	5	37	29	0	29000	1	67	18	7	1	54	6	2	40	1
30000	10	68	5	14	0	71	7	11	29	0	30000	6	54	4	16	2	37	6	2	21	1
31000	17	33	3	12	0	74	9	63	8	1	31000	18	59	6	13	1	41	11	1	6	3
32000	2	49	7	14	1	53	8	50	38	0	32000	6	58	4	17	0	35	6	2	7	1
33000	16	53	7	1	0	58	4	98	54	0	33000	11	78	5	9	0	38	15	5	25	0
34000	9	101	5	13	1	35	10	67	52	0	34000	9	92	2	13	0	19	19	4	31	1
35000	6	80	11	15	0	35	14	48	51	0	35000	2	86	7	15	0	18	23	6	25	1
36000	5	116	4	14	0	38	25	89	53	3	36000	7	113	8	5	1	20	27	6	23	4
37000	5	119	11	3	0	61	10	65	43	0	37000	11	143	9	4	0	21	25	3	42	0
38000	10	142	11	2	0	60	2	30	74	2	38000	21	139	11	2	3	18	5	3	45	1
39000	8	91	14	7	0	59	2	60	25	2	39000	22	110	4	4	1	24	3	4	29	0
40000	3	114	9	9	0	61	7	67	66	6	40000	7	125	4	11	2	14	5	7	43	6
41000	10	130	24	12	0	41	12	66	56	1	41000	5	97	12	14	0	15	14	12	41	0
42000	4	49	17	1	1	44	4	57	52	1	42000	7	86	8	0	1	24	6	10	39	1
43000	5	76	6	9	1	38	7	61	104	3	43000	1	63	6	9	2	15	15	7	52	4
44000	4	48	25	25	1	37	7	59	102	0	44000	5	49	14	20	2	13	13	6	62	3
45000	5	154	19	21	0	30	3	99	103	1	45000	6	121	22	20	1	9	12	4	68	1
46000	3	143	11	17	1	32	2	47	100	2	46000	13	138	2	11	1	10	13	1	64	0
47000	0	143	5	18	0	15	6	84	166	1	47000	9	108	3	10	1	9	23	12	100	1
48000	2	104	15	16	0	50	1	72	167	0	48000	9	135	6	7	0	21	9	11	98	3
49000	8	121	8	3	5	64	4	100	144	0	49000	10	170	2	17	1	18	9	13	85	1
50000	6	151	24	15	1	61	1	67	168	1	50000	16	164	21	9	0	18	1	9	98	0
51000	10	132	21	13	1	45	2	41	199	2	51000	19	165	16	2	1	20	15	4	124	1
52000	14	145	10	2	0	51	2	55	239	1	52000	30	139	6	3	1	16	11	4	125	2
53000	24	156	11	10	1	35	1	60	224	0	53000	13	179	8	2	0	16	9	5	124	1
54000	19	147	6	17	0	36	0	46	251	0	54000	26	193	6	3	1	22	6	6	131	0
55000	19	179	15	17	0	60	0	109	176	3	55000	12	224	6	8	0	25	2	12	113	2
56000	19	174	21	0	1	75	0	78	136	0	56000	21	226	13	4	0	39	3	3	100	0
57000	15	161	5	9	0	72	5	78	136	0	57000	10	191	7	6	0	37	9	9	97	0
58000	18	169	3	7	0	37	6	78	119	1	58000	39	190	3	4	0	13	7	11	68	0
59000	42	125	4	5	0	45	2	60	159	1	59000	58	137	1	8	1	15	7	9	93	0
60000	17	173	5	14	0	36	1	44	141	0	60000	26	188	5	13	0	12	4	5	112	0
61000	13	194	12	30	0	26	3	69	178	0	61000	27	223	12	21	1	9	13	9	81	0
62000	28	181	12	5	1	58	17	33	177	2	62000	23	205	11	13	0	15	18	11	112	3
63000	14	160	5	7	0	22	9	38	182	2	63000	32	196	5	8	0	16	20	13	104	0
64000	14	120	3	13	1	49	3	34	191	1	64000	23	202	1	18	0	12	10	10	112	0
65000	17	146	6	10	0	74	0	80	217	1	65000	15	227	4	15	0	25	2	8	82	1
66000	12	123	12	0	0	74	1	76	224	1	66000	26	199	8	6	0	8	1	10	114	0
67000	41	113	10	4	1	54	18	64	286	0	67000	54	160	0	6	0	12	15	5	131	0
68000	21	113	23	1	0	22	17	44	255	0	68000	29	143	7	2	0	15	33	7	126	0
69000	9	174	7	10	0	33	12	47	217	0	69000	8	260	8	3	0	16	25	6	133	0
70000	15	200	26	8	2	27	14	67	212	0	70000	17	204	15	9	0	16	37	8	110	0
71000	9	185	13	6	1	67	32	69	246	0	71000	10	237	10	19	0	21	48	8	138	0
72000	10	142	41	13	2	103	19	29	209	0	72000	20	221	39	39	0	40	31	7	139	0
73000	14	148	44	2	5	115	19	14	229	0	73000	15	178	21	10	0	31	32	7	174	1
74000	24	166	17	15	1	74	5	28	175	0	74000	23	170	20	13	1	29	11	1	94	0
75000	24	152	17	16	4	97	9	49	152	0	75000	25	170	29	20	1	41	41	5	118	0
76000	11	155	14	28	1	89	16	52	167	0	76000	11	200	30	16	0	43	30	12	113	0
77000	4	150	28	5	0	110	5	62	211	0	77000	4	227	23	4	0	47	25	11	125	0
78000	7	146	32	11	0	116	5	37	224	0	78000	12	220	52	5	0	42	14	4	125	0
79000	6	153	32	7	2	106	3	63	220	0	79000	10	221	25	1	1	48	19	7	159	0
80000	30	156	25	17	0	163	7	61	236	0	80000	34	234	26	21	0	45	8	5	164	0
81000	7	110	23	9	0	150	8	26	297	0	81000	14	251	32	11	0	53	23	6	157	0
82000	8	115	27	1	0	155	4	41	245	0	82000	3	176	34	9	0	67	39	5	149	1
83000	13	121	45	0	1	152	13	47	330	0	83000	20	137	85	10	0	65	70	6	184	0
84000	6	151	72	9	0	168	26	85	259	0	84000	8	212	92	4	0	72	85	11	136	2
85000	6	150	91	15	0	129	28	90	277	0	85000	6	218	90	22	0	55	104	8	144	5
86000	7	141	77	69	0	128	13	75	395	0	86000	6	195	66	52	0	52	103	11	203	4
87000	12	195	77	41	0	112	13	58	342	0	87000	13	220	73	28	2	51	70	9	176	8
88000	7	154	122	48	0	139	24	69	301	0	88000	12	153	105	33	1	67	98	3	179	1
89000	6	98	105	29	0	131	17	133	392	0	89000	1	118	71	24	0	64	114	8	216	2
90000	3	159	155	19	0	147	22	87	349	0	90000	1	186	137	29	1	61	149	11	206	3
91000	5	154	143	31	5	181	30	38	341	2	91000	1	198	177	14	7	89	127	9	187	10
92000	6	204	92	34	0	184	18	66	279	0	92000	10	230	108	37	0	65	86	13	151	2
93000	8	187	131	37	0	194	20	52	293	0	93000	9	204	135	26	0	70	115	7	193	0
94000	2	182	142	29	0	158	19	29	274	3	94000	2	259	156	9	4	91	89	5	194	1
95000	10	212	148	33	0	189	11	26	324	0	95000	12	280	139	25	1	68	143	5	204	0
96000	9	187	140	19	8	164	13	26	351	4	96000	5	260	143	20	2	69	103	6	238	0
97000	2	188	120	15	0	117	11	50	328	0	97000	1	251	150	28	1	47	116	4	202	0
98000	1	194	174	8	0	160	17	100	311	1	98000	1	267	160	18	0	57	128	8	193	9
99000	4	186	171	21	0	194	19	57	307	0	99000	2	227	197	31	0	72	125	5	225	2
100000	4	219	137	14	0	111	24	84	364	0	100000	3	225	162	17	0	62	134	12	186	0
101000	22	207	158	31	4	110	21	159	393	0	101000	17	214	156	32	1	48	146	13	240	0
102000	3	154	206	27	0	87	31	111	371	0	102000	5	181	216	21	1	66	148	6	275	0
103000	10	218	221	44	0	132	23	53	367	0	103000	5	235	247	29	3	69	177	1	266	0
104000	3	216	202	44	0	191	38	111	361	0	104000	1	221	254	27	0	93	197	9	219	3
105000	6	204	236	57	0	127	29	64	318	0	105000	8	251	304	54	4	75	143	5	198	0
106000	9	199	247	35	7	141	50	92	259	1	106000	13	264	307	31	2	76	150	2	180	1
107000	3	216	249	57	0	195	45	85	233	0	107000	5	215	277	39	1	109	204	3	166	0
108000	6	215	214	36	1	186	62	28	234	0	108000	7	195	236	34	3	50	188	2	152	0
109000	8	241	212	26	0	159	28	39	223	0	109000	11	278	317	36	0	67	184	7	177	1
110000	5	252	181	69	0	155	51	57	310	0	110000	5	210	224	37	1	74	180	2	188	1
111000	22	239	187	48	0	176	42	99	302	0	111000	13	219	242	30	1	93	165	15	203	0
112000	17	224	204	81	2	159	46	45	292	0	112000	22	213	256	48	1	126	153	5	200	0
113000	42	240	242	71	1	177	60	71	335	0	113000	36	226	214	37	0	145	178	7	229	1
114000	34	237	264	62	2	117	64	96	233	1	114000	21	229	262	57	3	94	159	4	147	2
115000	27	226	320	59	3	194	81	178	271	0	115000	28	207	277	38	3	89	212	2	152	0
116000	4	232	305	36	5	212	54	177	233	6	116000	15	260	341	18	3	94	159	12	146	3
117000	15	251	210	46	0	200	53	193	271	0	117000	12	248	266	41	2	118	146	8	153	0
118000	11	263	246	24	0	205	44	140	334	1	118000	8	254	287	12	1	107	173	13	182	1
119000	3	305	247	34	2	247	65	156	360	0	119000	6	221	327	13	0	123	216	12	209	0
120000	7	278	255	46	0	260	51	135	316	0	120000	8	216	364	24	0	139	244	11	193	0
121000	7	252	253	69	0	211	51	88	346	0	121000	14	257	286	38	0	107	190	4	195	0
122000	15	259	291	84	0	165	52	183	276	2	122000	19	241	350	48	0	112	176	3	193	0
123000	16	240	370	63	1	166	38	184	370	0	123000	18	203	389	54	0	113	132	11	193	0
124000	3	260	325	98	2	237	40	181	312	0	124000	8	281	369	62	3	116	172	7	241	0
125000	15	243	300	88	0	245	44	134	346	0	125000	4	266	311	69	2	108	184	7	236	0
126000	11	279	266	59	0	285	37	115	301	0	126000	18	226	313	45	2	125	192	6	224	0
127000	4	315	295	82	1	244	55	105	370	0	127000	6	239	349	59	3	127	203	8	248	1
128000	19	235	258	83	0	215	46	131	320	0	128000	14	210	284	83	1	109	169	4	223	1
129000	43	274	274	55	1	283	47	131	386	0	129000	51	215	231	79	1	136	186	8	253	0
130000	35	263	259	82	0	229	54	104	263	0	130000	49	161	278	96	2	118	181	11	186	0
131000	50	297	341	79	0	168	46	109	230	0	131000	48	196	296	91	1	129	235	4	177	0
132000	49	290	271	76	0	258	59	120	250	1	132000	44	227	317	97	2	146	216	6	174	0
133000	46	267	221	129	1	183	51	139	282	3	133000	42	208	285	105	1	123	205	6	190	0
134000	32	264	301	103	0	249	59	159	341	5	134000	32	247	329	109	2	155	247	3	258	5
135000	18	307	294	113	1	201	86	245	314	1	135000	19	248	275	88	1	140	238	9	203	1
136000	34	326	312	82	0	276	59	198	316	0	136000	36	268	254	84	2	157	279	5	199	1
137000	37	341	247	96	1	264	37	183	410	0	137000	22	348	241	73	0	184	191	9	236	0
138000	23	409	294	81	1	276	49	232	425	0	138000	29	342	274	107	1	226	260	11	279	0
139000	4	338	316	105	0	355	99	171	434	3	139000	14	279	301	129	1	232	244	7	273	1
140000	5	325	312	108	2	318	100	177	390	1	140000	11	276	288	101	0	164	280	14	231	3
141000	8	319	320	107	0	249	72	203	382	0	141000	23	276	348	117	0	149	259	9	227	3
142000	38	276	346	153	3	286	70	148	366	0	142000	26	264	353	153	0	188	317	12	239	0
143000	22	248	273	150	0	237	71	121	430	1	143000	13	236	325	131	1	178	334	10	230	0
144000	38	239	264	155	0	303	89	129	462	0	144000	55	244	370	160	0	194	316	7	234	4
145000	72	257	329	117	0	295	107	156	437	0	145000	88	249	325	112	0	179	314	13	230	0
146000	72	262	286	88	0	294	91	201	482	0	146000	68	281	338	128	0	151	341	14	240	0
147000	53	267	257	92	0	274	85	245	470	0	147000	46	320	281	122	0	88	269	13	251	0
148000	55	249	339	142	0	282	84	213	442	1	148000	52	275	365	197	0	166	231	16	237	0
149000	37	224	332	96	0	285	104	183	438	0	149000	39	267	388	100	0	191	287	20	261	0
150000	55	307	308	97	0	310	74	179	373	0	150000	60	310	310	85	0	137	223	21	225	1
151000	23	258	299	99	0	310	86	172	415	3	151000	30	293	286	76	0	161	282	17	216	0
152000	30	257	335	113	0	318	100	209	368	0	152000	32	336	311	90	0	160	249	14	227	5
153000	30	229	321	161	0	279	96	234	426	0	153000	34	297	335	131	0	165	284	12	258	2
154000	55	219	275	147	0	320	110	255	487	0	154000	61	247	294	169	0	181	339	9	226	0
155000	55	236	297	123	0	309	98	221	443	2	155000	57	287	325	129	0	191	241	14	240	0
156000	20	192	379	121	4	341	87	281	391	3	156000	15	236	360	125	5	177	250	14	213	3
157000	16	240	384	143	5	346	110	289	452	1	157000	38	253	429	146	1	172	230	15	211	0
158000	28	241	371	147	2	329	119	314	492	1	158000	31	282	432	158	3	204	251	17	211	1
159000	25	279	340	175	16	329	96	265	438	2	159000	25	273	377	198	7	147	228	13	222	2
160000	14	267	338	135	12	405	70	285	401	0	160000	27	316	382	168	5	217	199	14	214	1
161000	19	288	339	92	3	298	92	267	523	0	161000	25	310	323	102	3	182	243	13	269	0
162000	26	319	356	135	2	289	122	296	384	0	162000	44	367	348	183	2	152	243	19	222	0
163000	26	300	312	205	16	333	105	210	481	0	163000	25	336	323	208	4	207	241	13	241	0
164000	39	315	391	166	20	270	139	223	475	0	164000	70	271	341	201	9	127	278	6	240	0
165000	33	223	281	164	14	251	149	281	470	0	165000	46	286	244	208	9	127	286	13	219	0
166000	25	248	362	142	12	257	118	296	516	0	166000	34	298	368	214	4	123	252	10	201	1
167000	32	291	380	196	2	280	107	310	427	0	167000	55	311	464	249	3	145	212	11	257	0
168000	45	282	394	238	4	373	100	247	436	0	168000	51	363	364	246	4	169	220	14	231	0
169000	66	271	295	207	7	244	110	401	465	0	169000	50	362	337	187	8	163	277	20	242	1
170000	35	255	306	204	5	266	103	339	465	2	170000	25	335	344	228	2	157	197	12	242	1
171000	23	303	306	211	0	318	91	251	499	1	171000	18	295	287	206	4	165	210	22	279	0
172000	28	282	397	182	4	345	99	263	418	0	172000	61	303	400	210	2	207	264	11	240	0
173000	59	284	229	215	12	340	125	219	521	1	173000	77	304	277	230	11	241	242	11	231	0
174000	66	254	351	171	15	399	120	239	452	1	174000	94	390	418	198	14	211	269	19	243	0
175000	46	252	225	198	7	318	116	263	444	1	175000	55	266	348	179	9	189	259	18	231	0
176000	80	229	229	179	3	327	108	305	449	0	176000	61	234	299	157	2	198	276	15	223	1
177000	34	229	209	209	6	366	97	241	400	0	177000	32	250	338	177	4	182	231	25	181	0
178000	43	299	268	214	1	317	105	258	417	0	178000	22	413	345	235	0	175	244	11	206	0
179000	48	288	310	156	1	280	99	259	340	0	179000	53	391	322	168	0	164	230	23	180	0
180000	49	218	277	248	2	349	106	258	444	0	180000	73	333	323	246	1	167	195	25	207	0
181000	26	282	274	234	4	392	105	219	436	0	181000	49	345	293	264	0	180	269	16	192	0
182000	38	298	262	227	1	369	109	289	394	0	182000	35	446	305	183	0	193	265	20	188	0
183000	43	313	230	241	3	384	96	348	463	1	183000	38	420	263	231	0	161	235	30	209	0
184000	76	347	349	212	0	350	84	380	425	2	184000	81	423	337	195	2	129	248	30	214	0
185000	66	313	340	146	0	196	107	281	385	0	185000	75	419	407	161	3	101	334	20	198	0
186000	59	305	358	219	0	288	54	278	429	0	186000	90	377	444	194	1	125	251	21	197	0
187000	59	255	336	232	4	295	126	331	427	1	187000	112	299	443	217	2	158	264	39	244	0
188000	59	370	278	189	12	346	115	338	431	0	188000	84	364	380	202	3	174	279	33	228	0
189000	84	321	363	186	8	373	148	323	524	0	189000	94	384	469	187	2	152	356	18	265	1
190000	72	239	422	136	9	408	122	298	510	0	190000	125	287	475	171	1	143	324	33	274	2
191000	72	276	358	170	6	385	95	301	472	0	191000	129	355	459	174	5	94	292	20	215	1
192000	119	264	385	189	5	376	124	249	425	0	192000	178	341	501	206	1	133	300	23	213	1
193000	115	313	398	206	1	358	95	317	467	0	193000	131	404	464	176	1	159	348	30	270	0
194000	89	346	353	246	6	400	113	323	506	0	194000	134	483	388	222	2	156	332	31	259	1
195000	85	235	328	235	2	379	107	272	483	0	195000	115	319	373	260	2	142	313	31	257	1
196000	76	240	311	234	4	342	107	281	535	0	196000	102	284	366	221	4	154	367	29	241	2
197000	97	288	322	254	6	337	124	327	499	0	197000	124	315	373	234	4	117	299	25	259	0
198000	94	355	275	190	2	410	105	285	439	0	198000	129	432	338	175	0	120	250	29	305	2
199000	88	364	244	205	6	306	111	266	443	1	199000	105	386	367	181	2	122	317	23	266	2
200000	79	336	333	257	7	305	112	347	493	0	200000	120	439	485	207	3	151	303	28	277	1
201000	89	368	386	248	7	363	101	344	527	0	201000	104	392	501	227	10	143	329	22	302	0
202000	98	346	434	318	4	289	88	300	516	0	202000	144	406	523	304	6	97	326	28	262	0
203000	140	328	364	270	7	337	119	327	466	0	203000	121	410	453	268	0	122	374	34	271	1
204000	92	252	342	249	2	334	119	315	496	0	204000	152	345	448	287	3	120	329	15	279	4
205000	166	280	356	261	2	391	112	305	445	4	205000	186	340	401	273	2	130	315	19	260	1
206000	122	331	308	288	0	344	91	312	500	0	206000	144	409	457	293	0	147	345	26	301	1
207000	96	348	361	317	0	416	127	349	577	0	207000	175	370	443	279	0	181	346	25	329	0
208000	109	288	357	275	4	368	130	366	547	0	208000	154	346	445	299	4	159	389	31	264	0
209000	138	297	369	270	9	354	123	309	522	0	209000	137	315	441	281	5	148	363	23	318	0
210000	93	334	388	186	7	431	112	295	537	5	210000	98	371	442	170	6	168	394	27	349	5
211000	106	354	360	201	12	368	118	180	461	4	211000	135	386	435	164	12	141	362	20	276	8
212000	81	438	357	258	2	382	108	221	578	3	212000	117	500	429	221	7	149	382	11	318	6
213000	47	316	365	196	5	465	113	305	514	3	213000	81	338	489	222	7	182	344	31	322	7
214000	61	337	385	275	4	459	147	271	543	3	214000	116	455	393	261	2	180	416	13	340	5
215000	79	387	285	219	2	492	149	313	512	7	215000	111	416	403	221	3	182	455	28	269	15
216000	77	315	331	244	4	479	175	254	553	0	216000	95	430	428	225	6	171	426	31	310	2
217000	80	360	302	299	5	438	113	306	562	1	217000	117	455	451	306	6	128	324	23	340	1
218000	94	384	337	310	6	449	132	354	535	0	218000	110	504	424	280	6	165	324	30	317	1
219000	91	365	349	322	3	479	124	355	583	1	219000	125	449	437	296	1	158	369	35	346	0
220000	107	400	351	276	3	450	130	358	501	4	220000	137	442	436	241	7	152	332	34	322	8
221000	140	392	324	204	1	463	122	447	519	0	221000	191	446	451	185	0	155	320	37	349	3
222000	179	352	341	243	6	504	164	412	517	0	222000	223	423	493	191	3	155	400	30	323	2
223000	164	290	349	302	4	429	140	383	411	4	223000	170	352	503	296	9	165	392	21	295	8
224000	154	273	333	345	5	501	148	372	488	0	224000	150	373	499	329	12	158	336	26	290	1
225000	159	315	335	335	5	465	107	320	493	0	225000	190	371	533	324	17	173	305	22	338	0
226000	143	279	385	274	3	452	149	272	576	0	226000	159	325	554	258	10	161	375	31	384	0
227000	127	338	314	215	4	435	186	325	595	0	227000	198	403	414	289	8	171	462	19	419	1
228000	166	330	335	278	3	441	165	374	493	0	228000	236	459	479	304	4	160	430	30	404	0
229000	191	332	279	292	3	519	170	356	526	6	229000	220	462	464	322	6	195	389	31	328	0
230000	194	326	331	292	3	460	168	377	426	5	230000	164	408	481	313	4	185	417	29	278	3
231000	199	350	366	339	5	444	132	399	399	0	231000	180	455	564	359	7	159	393	29	282	1
232000	187	382	329	322	6	517	152	366	521	7	232000	146	451	519	288	4	198	347	24	369	10
233000	183	338	375	307	20	517	121	320	542	10	233000	205	470	510	313	23	276	376	30	409	16
234000	223	324	413	351	8	469	116	245	488	3	234000	189	435	530	374	19	209	317	28	427	5
235000	133	311	460	327	11	417	135	193	556	3	235000	170	448	536	311	16	149	410	19	424	3
236000	152	295	409	299	14	434	202	210	494	5	236000	159	393	516	289	27	133	479	29	405	1
237000	175	312	301	350	13	484	157	315	473	0	237000	137	429	386	354	42	175	348	33	392	1
238000	239	280	306	320	12	446	207	317	479	6	238000	182	407	477	279	34	176	440	29	396	1
239000	213	348	292	293	7	463	159	309	513	4	239000	153	434	438	263	16	162	404	29	386	1
240000	238	309	356	295	12	442	161	372	498	4	240000	221	418	442	338	28	198	382	37	377	2
241000	249	337	338	393	11	502	188	326	506	7	241000	191	495	457	393	27	168	436	34	414	7
242000	228	333	378	354	9	503	200	281	554	18	242000	154	490	442	387	28	196	368	27	405	16
243000	265	330	325	368	18	431	169	340	426	6	243000	165	419	493	320	39	184	364	34	331	13
244000	204	382	380	315	7	405	212	311	464	6	244000	198	520	559	323	37	147	446	36	391	2
245000	216	364	338	273	6	401	222	311	532	8	245000	246	499	479	292	12	176	416	32	432	15
246000	216	354	328	299	27	338	222	344	551	17	246000	214	402	502	332	62	199	481	28	412	22
247000	247	356	343	400	23	466	219	350	468	11	247000	215	482	547	356	59	235	432	37	376	28
248000	271	376	366	385	20	360	217	342	490	11	248000	259	407	547	363	56	153	439	38	420	23
249000	212	340	400	341	26	375	187	375	540	19	249000	182	397	586	314	67	144	357	41	419	29
250000	227	307	428	385	22	376	203	418	453	16	250000	220	393	631	386	93	146	440	46	400	29
251000	281	300	369	404	25	332	196	532	496	14	251000	247	426	561	371	95	161	375	38	391	24
252000	236	358	361	321	35	325	229	462	434	27	252000	199	411	520	338	74	151	503	45	355	24
253000	246	361	400	408	52	418	246	401	516	13	253000	205	427	615	361	86	201	521	31	454	17
254000	185	395	414	406	57	354	191	396	552	15	254000	230	418	572	325	129	163	425	46	462	21
255000	213	423	304	399	37	450	218	386	548	6	255000	201	448	437	377	139	209	401	50	462	6
256000	238	483	343	361	30	410	227	420	566	1	256000	196	420	557	361	101	192	491	52	413	8
257000	255	435	332	338	35	498	279	431	599	10	257000	234	452	578	377	82	225	443	38	470	13
258000	281	409	445	379	29	510	298	409	474	6	258000	257	411	594	326	67	200	515	33	399	10
259000	277	453	371	350	32	542	287	342	510	1	259000	236	443	536	330	125	212	544	46	508	8
260000	262	338	284	361	43	451	254	283	570	9	260000	279	383	465	301	97	209	461	42	553	7
261000	313	496	346	345	47	404	294	309	470	8	261000	279	467	504	323	98	152	501	55	495	8
262000	273	539	320	310	43	457	378	393	526	7	262000	270	461	540	317	128	159	616	75	482	7
263000	287	498	344	445	38	312	351	461	472	19	263000	258	428	549	341	118	129	517	66	453	17
264000	309	466	353	422	68	404	348	466	483	32	264000	255	494	525	360	137	152	571	71	485	40
265000	268	432	427	435	60	517	345	302	481	24	265000	214	437	592	387	151	224	575	37	455	17
266000	251	490	350	372	62	485	368	317	466	20	266000	292	484	513	348	191	180	560	74	502	18
267000	193	516	337	393	42	484	310	342	434	11	267000	236	561	490	353	151	204	459	63	442	13
268000	235	413	326	451	69	473	289	535	401	23	268000	255	477	498	435	133	240	433	72	472	29
269000	237	437	344	355	74	482	338	550	467	36	269000	208	418	481	358	131	198	492	68	460	57
270000	182	419	346	421	69	464	271	352	474	51	270000	182	387	474	360	190	203	390	59	497	70
271000	263	393	327	419	67	434	286	450	452	47	271000	216	389	485	376	186	183	403	61	465	70
272000	233	485	341	388	64	389	288	417	451	66	272000	272	401	460	335	153	209	488	51	467	100
273000	238	505	308	428	74	378	308	388	579	66	273000	271	469	420	395	135	201	466	46	479	90
274000	268	432	285	357	77	490	285	434	472	91	274000	252	426	330	314	198	219	446	63	460	142
275000	196	422	277	377	60	453	244	392	365	121	275000	239	376	372	346	129	223	442	77	410	175
276000	193	319	274	361	63	408	306	390	521	113	276000	199	308	334	317	139	190	377	55	469	151
277000	196	386	303	382	72	497	272	378	507	106	277000	213	392	484	325	157	245	387	53	466	172
278000	194	490	363	476	64	492	299	355	458	120	278000	178	437	559	366	168	246	426	89	447	148
279000	195	408	374	333	72	455	354	353	372	127	279000	257	356	523	341	201	243	430	56	443	159
280000	193	451	373	360	51	474	310	344	418	133	280000	227	384	515	299	149	205	464	59	388	127
281000	244	452	421	388	60	411	356	371	416	119	281000	255	471	501	346	101	192	523	72	431	99
282000	186	522	357	354	29	312	357	422	398	123	282000	195	499	464	300	86	152	484	68	431	103
283000	241	506	341	328	55	454	333	360	396	153	283000	194	481	418	323	103	239	492	62	409	171
284000	275	527	341	305	49	435	328	274	417	111	284000	242	509	500	310	109	263	452	54	454	135
285000	323	488	369	327	43	486	314	344	397	130	285000	258	420	531	342	106	239	426	70	515	123
286000	270	474	376	326	72	468	293	280	436	162	286000	252	462	530	362	163	227	441	53	444	166
287000	246	445	363	410	80	468	323	326	495	115	287000	254	438	492	407	118	183	435	66	476	134
288000	248	495	348	404	74	451	301	310	453	112	288000	260	527	498	384	158	204	406	50	455	127
289000	230	463	373	352	97	445	245	444	491	150	289000	218	492	523	345	160	233	332	87	472	160
290000	251	425	369	375	98	371	266	411	476	119	290000	268	520	468	390	146	171	359	93	476	135
291000	210	461	385	312	94	423	320	286	520	161	291000	232	484	461	330	186	254	396	75	474	119
292000	231	488	403	370	84	412	352	331	435	167	292000	265	591	541	456	273	202	458	53	463	154
293000	271	467	369	361	84	461	338	306	363	183	293000	226	489	539	414	179	230	453	56	329	166
294000	215	361	364	389	78	401	351	381	447	174	294000	243	446	546	371	170	247	450	54	458	185
295000	269	450	284	391	82	433	417	414	535	151	295000	240	564	455	382	151	275	480	82	453	171
296000	264	422	318	391	109	369	366	350	502	152	296000	305	492	423	410	189	205	425	75	436	183
297000	244	394	357	388	115	353	365	435	443	145	297000	260	524	454	465	169	207	474	75	444	159
298000	265	460	340	347	104	435	324	417	484	187	298000	258	491	407	378	226	278	421	88	435	123
299000	223	557	341	331	92	488	391	440	605	172	299000	266	520	535	378	209	313	444	94	564	177
300000	239	489	348	360	94	472	385	453	588	118	300000	234	491	525	434	194	253	487	97	593	124
301000	143	516	369	387	86	447	335	465	526	118	301000	197	545	567	365	223	226	465	125	481	140
302000	173	459	320	378	111	448	407	452	609	160	302000	191	478	513	393	214	252	528	126	491	151
303000	220	502	349	293	104	533	380	465	572	141	303000	209	527	561	342	244	302	562	141	535	140
304000	229	472	342	284	105	486	387	475	545	128	304000	252	506	550	282	195	255	461	127	413	143
305000	272	444	343	319	77	428	363	432	589	168	305000	317	478	540	362	179	261	516	128	481	131
306000	255	405	388	301	108	363	391	489	634	216	306000	253	440	548	345	231	238	537	124	539	150
307000	223	426	308	308	137	393	384	474	662	207	307000	218	474	464	345	257	242	532	164	478	142
308000	192	455	288	337	120	414	324	329	597	164	308000	255	464	458	356	234	254	520	140	456	126
309000	228	452	279	355	155	474	446	375	528	200	309000	234	515	483	356	241	224	520	128	407	131
310000	239	468	354	360	108	470	388	398	557	158	310000	282	501	539	434	188	247	506	130	500	78
311000	218	499	347	350	138	434	356	434	516	175	311000	292	488	465	357	245	209	413	148	432	105
312000	228	493	338	366	113	472	330	404	615	187	312000	267	504	552	431	204	265	449	151	436	118
313000	281	541	413	362	119	529	382	497	553	184	313000	320	489	582	414	201	274	464	150	442	110
314000	255	428	393	406	119	506	460	346	539	192	314000	255	401	556	432	212	305	546	138	378	120
315000	235	499	352	342	138	519	303	379	596	198	315000	302	467	528	378	245	279	439	146	436	101
316000	294	569	332	360	119	516	335	455	515	203	316000	336	523	554	413	265	245	463	130	447	138
317000	328	530	350	347	141	480	309	485	504	196	317000	313	491	661	424	200	241	453	162	394	156
318000	330	479	384	316	133	489	350	476	524	195	318000	309	476	573	441	188	241	464	148	413	158
319000	415	437	400	353	105	469	357	481	555	244	319000	413	495	595	337	201	247	392	190	437	168
320000	338	439	394	373	128	500	415	348	549	180	320000	307	509	609	397	246	257	508	133	408	152
321000	397	471	362	340	155	428	439	445	516	207	321000	365	550	540	425	223	210	530	144	403	117
322000	415	437	406	378	183	468	392	401	537	179	322000	358	430	564	454	324	214	506	155	410	129
323000	358	398	391	446	158	451	336	472	502	171	323000	307	526	682	427	281	238	425	144	386	130
324000	376	349	405	362	161	528	337	523	603	216	324000	323	423	645	356	305	257	474	173	404	136
325000	412	372	408	359	167	450	412	404	603	170	325000	342	425	606	419	287	239	529	136	431	122
326000	344	376	420	368	121	484	314	450	557	187	326000	352	456	519	387	191	315	390	178	398	153
327000	340	410	318	400	143	426	337	494	593	161	327000	289	495	428	456	268	283	341	176	393	137
328000	345	423	370	378	123	429	273	457	577	200	328000	299	493	427	445	223	317	401	209	387	126
329000	365	457	396	401	137	414	358	418	568	231	329000	366	460	640	400	204	222	388	192	406	135
330000	260	462	409	369	142	489	298	434	565	208	330000	265	433	605	398	234	312	393	181	387	189
331000	220	438	354	373	147	579	303	338	592	240	331000	204	494	548	440	235	358	429	130	342	171
332000	340	468	371	408	166	468	329	408	555	221	332000	280	503	557	419	254	298	446	150	359	168
333000	365	450	386	420	224	526	327	447	580	166	333000	291	513	560	388	333	362	399	180	413	124
334000	399	453	377	413	239	549	323	547	636	182	334000	299	477	590	473	222	358	373	216	429	130
335000	425	437	386	327	169	478	385	484	565	204	335000	273	478	608	402	215	283	420	201	327	138
336000	392	448	459	421	218	483	295	493	530	184	336000	247	565	616	461	203	357	360	175	350	181
337000	388	512	445	460	168	510	395	547	518	169	337000	264	621	564	477	253	314	434	180	392	160
338000	358	490	398	444	161	478	476	449	585	152	338000	259	552	527	440	166	307	600	184	415	128
339000	408	475	409	356	150	456	322	496	510	177	339000	309	566	609	352	204	300	484	216	307	119
340000	450	443	346	310	158	480	403	464	473	145	340000	308	586	595	319	218	326	532	186	285	122
341000	418	470	443	345	126	556	365	519	454	107	341000	337	614	659	391	207	275	540	197	292	102
342000	378	469	389	340	136	496	368	446	467	156	342000	342	591	652	402	161	346	477	201	275	98
343000	366	428	427	382	147	452	356	574	557	162	343000	304	490	583	478	174	215	479	222	349	126
344000	451	473	335	407	125	491	434	457	510	207	344000	311	542	558	422	149	284	506	224	328	177
345000	383	452	457	352	106	421	371	589	503	176	345000	332	557	601	374	169	280	490	219	335	169
346000	391	422	378	295	113	439	345	551	382	159	346000	342	513	594	384	182	281	469	212	275	149
347000	396	434	482	353	143	468	415	592	415	162	347000	337	603	730	352	227	252	541	275	340	119
348000	335	445	470	355	166	443	419	562	481	148	348000	318	575	611	416	271	316	526	213	313	99
349000	311	442	427	343	144	498	429	472	549	184	349000	289	575	630	425	253	349	486	193	313	159
350000	316	423	381	390	138	534	319	470	524	136	350000	252	537	575	418	229	323	422	204	328	151
351000	340	391	395	352	225	473	384	570	536	141	351000	290	510	461	441	258	293	564	242	339	152
352000	344	424	352	341	163	544	341	496	622	158	352000	340	561	608	370	255	359	502	262	385	162
353000	435	397	410	278	193	479	321	508	584	157	353000	310	555	647	350	250	321	515	212	334	181
354000	368	435	443	363	150	450	328	513	512	132	354000	340	624	743	385	188	293	451	191	385	207
355000	436	410	454	357	176	493	330	575	518	156	355000	320	556	682	399	230	289	452	217	389	201
356000	494	432	401	319	169	459	392	418	545	190	356000	430	591	580	376	251	239	526	211	381	189
357000	361	481	413	330	198	361	463	551	522	165	357000	334	565	593	339	282	228	571	226	386	196
358000	512	362	408	374	158	397	404	468	548	153	358000	475	503	586	423	281	257	550	179	373	163
359000	580	392	460	398	165	473	417	482	546	205	359000	466	521	674	460	307	264	557	203	390	263
360000	406	435	460	320	170	624	345	511	511	192	360000	358	645	668	447	274	333	462	179	398	205
361000	335	455	489	265	158	573	374	472	539	205	361000	313	593	623	353	234	294	492	188	362	179
362000	428	470	406	233	160	576	433	415	468	197	362000	424	541	635	350	236	294	536	189	328	165
363000	480	456	475	232	132	485	426	451	478	169	363000	421	555	662	380	227	284	561	178	434	155
364000	582	428	440	308	164	552	440	547	414	177	364000	461	604	684	421	230	299	589	182	374	215
365000	493	375	482	320	212	549	561	449	529	174	365000	381	609	596	386	276	289	690	171	427	221
366000	409	483	428	295	211	514	484	488	522	195	366000	389	671	570	375	313	319	659	200	386	195
367000	439	410	437	255	186	542	411	531	498	255	367000	358	600	621	331	274	324	530	242	429	219
368000	475	477	409	245	152	556	402	493	473	193	368000	384	637	519	387	204	315	609	191	437	176
369000	445	498	366	261	142	585	466	526	491	206	369000	342	619	527	305	156	294	565	241	404	222
370000	513	539	446	290	133	505	416	591	475	225	370000	391	643	566	376	214	317	597	240	429	209
371000	471	553	411	272	180	496	342	557	533	191	371000	419	687	635	333	211	326	470	224	457	185
372000	500	557	392	254	200	523	432	523	435	224	372000	409	646	551	354	280	320	505	227	401	230
373000	562	426	397	294	184	528	397	529	473	204	373000	477	546	536	338	279	374	530	252	415	228
374000	578	460	444	305	206	563	404	559	430	229	374000	401	601	618	418	345	385	522	278	361	209
375000	450	425	386	297	261	524	361	457	467	214	375000	383	618	502	373	385	296	511	227	418	214
376000	397	457	420	345	273	562	430	509	403	222	376000	360	621	593	433	398	334	549	226	406	212
377000	462	457	398	376	193	581	422	532	529	200	377000	445	664	582	420	304	353	499	229	400	163
378000	427	539	493	319	187	505	417	519	433	161	378000	416	726	645	362	293	265	554	170	408	142
379000	482	497	410	356	224	495	344	475	524	224	379000	434	686	576	431	290	329	479	203	405	178
380000	427	564	470	332	175	559	372	467	511	260	380000	379	667	635	464	327	319	516	166	407	211
381000	424	525	417	309	200	503	450	524	493	218	381000	369	625	665	465	355	295	467	233	395	210
382000	442	526	466	276	262	431	508	445	528	181	382000	422	585	651	430	406	262	588	232	409	185
383000	409	443	427	338	239	398	467	537	515	225	383000	381	529	665	530	334	269	542	250	414	190
384000	364	509	416	287	211	342	473	449	499	250	384000	331	561	730	438	326	244	565	213	375	258
385000	431	552	421	314	195	355	411	604	583	198	385000	375	614	668	519	299	265	482	259	363	206
386000	417	403	472	304	166	402	433	517	505	157	386000	346	545	563	420	276	285	525	238	387	172
387000	383	453	422	251	199	444	351	458	595	205	387000	319	600	652	361	302	317	515	253	484	173
388000	374	458	457	262	197	422	369	493	587	199	388000	357	573	603	332	267	286	524	207	455	198
389000	445	526	366	254	195	467	373	543	522	185	389000	436	693	515	351	305	307	484	243	427	218
390000	391	515	473	263	208	443	469	601	635	249	390000	435	630	652	347	286	324	602	298	458	214
391000	434	552	455	288	199	507	512	556	506	214	391000	403	574	705	428	281	392	646	245	410	217
392000	501	490	497	290	256	428	394	591	520	255	392000	428	614	650	383	317	340	619	266	390	214
393000	459	536	415	381	210	463	506	579	565	255	393000	383	689	622	447	278	328	678	304	384	238
394000	476	535	392	312	184	508	464	452	615	235	394000	464	638	607	391	333	305	626	294	427	242
395000	616	531	457	329	229	450	487	570	578	222	395000	590	638	763	403	309	320	595	281	425	250
396000	578	509	480	306	227	460	409	606	568	265	396000	593	582	671	420	313	396	486	312	501	252
397000	513	511	500	233	244	504	497	620	580	193	397000	517	704	677	337	293	412	634	327	487	229
398000	486	538	519	298	232	500	478	655	494	239	398000	483	633	714	390	319	433	619	282	432	248
399000	549	488	514	325	214	515	424	679	508	242	399000	517	626	736	377	322	423	475	338	401	307
400000	593	474	453	277	227	488	496	595	472	235	400000	582	591	733	397	341	422	586	311	433	240
401000	509	543	471	317	233	529	500	589	510	221	401000	487	663	724	481	291	422	598	296	441	249
402000	544	559	487	371	239	530	458	549	478	280	402000	488	694	742	448	336	393	532	272	424	338
403000	540	629	518	315	187	510	436	597	547	258	403000	567	747	734	495	289	369	550	287	392	244
404000	469	562	500	306	221	452	394	656	547	235	404000	529	667	653	486	290	356	510	266	427	326
405000	504	555	476	355	230	496	463	605	485	294	405000	563	703	666	466	291	344	567	277	454	365
406000	580	554	451	325	168	556	431	607	462	302	406000	535	601	552	462	243	403	561	294	413	312
407000	551	518	529	374	178	539	419	653	550	275	407000	503	580	706	509	261	375	568	345	461	290
408000	539	550	509	352	167	534	405	683	508	244	408000	532	625	714	511	238	341	511	341	437	357
409000	610	566	545	337	229	519	405	592	528	261	409000	610	686	717	460	310	353	514	296	413	342
410000	517	612	502	299	199	502	426	613	583	255	410000	508	720	691	447	289	359	525	267	460	352
411000	579	653	481	296	203	530	422	591	531	264	411000	577	682	607	395	373	336	600	268	410	324
412000	568	562	493	355	164	595	537	665	543	237	412000	550	645	638	476	278	321	635	340	448	345
413000	512	514	514	323	171	444	500	642	476	227	413000	476	558	638	406	285	316	624	317	362	350
414000	578	477	483	303	207	508	487	584	513	220	414000	521	644	539	450	347	276	644	296	424	312
415000	525	526	486	354	225	498	505	526	459	254	415000	510	611	611	468	277	260	581	267	365	292
416000	534	562	453	320	253	562	485	656	433	279	416000	503	629	615	414	312	354	643	270	335	403
417000	511	565	395	329	237	627	457	653	453	314	417000	440	671	526	411	300	365	663	319	499	379
418000	465	630	448	344	216	567	373	577	544	287	418000	423	722	594	375	285	371	489	310	476	339
419000	422	527	499	293	239	566	523	595	478	279	419000	470	556	648	378	330	429	597	279	436	289
420000	461	565	495	331	274	555	505	524	497	239	420000	404	684	700	435	329	394	587	284	436	274
421000	402	625	566	305	170	544	490	575	481	258	421000	434	612	734	460	239	438	548	294	418	284
422000	489	556	505	303	226	516	427	612	473	201	422000	440	621	652	402	312	410	463	278	380	237
423000	542	525	511	285	201	576	455	642	488	186	423000	535	648	667	378	316	448	616	249	385	233
424000	534	583	490	327	202	517	509	680	465	222	424000	522	598	586	447	335	420	611	243	412	226
425000	496	571	557	343	218	537	528	578	510	241	425000	456	697	606	412	320	438	639	228	411	299
426000	488	573	563	314	233	482	460	621	489	261	426000	439	670	651	335	381	488	556	264	412	297
427000	502	523	479	359	295	481	483	559	465	292	427000	433	681	578	422	388	437	630	226	429	329
428000	475	555	472	288	266	466	441	641	418	313	428000	359	720	559	444	374	412	571	301	336	260
429000	530	605	505	255	233	438	470	608	473	269	429000	478	674	569	374	344	340	577	251	329	294
430000	603	580	485	337	267	525	511	660	467	279	430000	588	722	701	441	373	437	609	292	397	279
431000	556	573	557	339	302	521	529	718	495	323	431000	516	647	659	442	366	394	605	314	455	383
432000	572	559	521	335	231	508	533	592	532	283	432000	518	640	638	520	283	395	592	285	388	288
433000	560	545	490	311	238	507	581	678	392	325	433000	575	650	674	400	301	389	593	269	316	331
434000	539	515	389	305	291	573	497	573	453	365	434000	475	623	539	437	330	441	600	256	402	341
435000	612	548	500	295	296	528	477	576	513	317	435000	512	669	701	406	297	430	624	260	504	343
436000	527	604	505	301	284	627	556	697	463	350	436000	517	690	658	360	321	450	750	289	418	386
437000	534	584	504	394	298	574	473	665	558	334	437000	475	688	596	498	375	396	616	280	462	383
438000	498	668	478	392	279	501	592	723	522	310	438000	422	694	541	514	358	406	682	305	458	286
439000	449	611	506	352	279	544	570	739	519	311	439000	400	731	608	461	329	379	737	325	492	342
440000	458	595	546	310	271	537	586	701	596	293	440000	415	692	631	375	276	341	669	346	451	313
441000	505	523	547	309	227	552	653	678	554	285	441000	503	669	629	401	267	428	747	293	433	312
442000	479	518	491	363	229	599	604	591	568	304	442000	463	674	708	451	295	458	772	307	474	361
443000	485	551	584	331	270	561	557	691	559	288	443000	515	584	720	393	279	394	724	325	470	313
444000	500	478	540	326	260	552	570	671	531	326	444000	484	624	722	435	311	392	746	300	444	328
445000	522	548	491	325	241	540	609	604	468	293	445000	512	637	625	433	284	414	718	305	427	350
446000	523	504	508	373	260	580	683	598	529	244	446000	484	557	580	447	313	414	800	355	477	342
447000	472	342	475	376	311	601	600	629	511	225	447000	495	388	643	501	338	456	750	276	477	337
448000	492	507	498	411	247	591	626	565	405	243	448000	522	581	611	506	251	460	673	267	354	328
449000	447	542	478	368	284	709	631	564	431	275	449000	433	653	568	506	285	491	641	259	373	316
450000	375	560	464	373	325	688	605	529	508	296	450000	338	688	646	530	346	477	721	238	444	360
451000	422	494	566	422	304	676	609	505	422	279	451000	406	659	728	559	335	495	704	272	426	376
452000	438	472	484	397	272	608	541	539	481	334	452000	402	614	633	432	354	390	641	265	441	400
453000	399	558	478	384	344	642	497	500	530	253	453000	447	669	591	461	374	449	613	256	495	343
454000	436	518	514	358	327	632	553	591	446	263	454000	497	699	641	500	371	383	658	321	404	350
455000	481	549	520	380	387	576	586	590	482	323	455000	501	659	634	509	381	395	680	296	450	393
456000	437	492	552	453	355	551	565	702	428	318	456000	407	673	639	507	387	377	690	364	493	439
457000	556	518	557	392	360	571	610	621	516	284	457000	523	675	758	517	341	410	752	326	497	292
458000	557	508	554	461	364	516	654	618	475	353	458000	555	674	609	514	351	430	735	365	499	317
459000	475	510	526	380	367	686	598	673	542	343	459000	515	642	647	556	339	509	746	262	482	379
460000	565	503	476	322	292	625	598	605	522	328	460000	466	687	649	400	232	409	672	275	429	311
461000	570	508	448	376	392	650	636	597	465	394	461000	582	569	574	407	315	396	724	322	458	337
462000	496	474	522	383	379	539	632	565	544	374	462000	431	586	618	435	397	430	718	281	441	410
463000	666	502	541	388	405	612	670	606	521	334	463000	624	608	616	571	404	412	764	293	477	398
464000	592	487	499	408	432	550	682	558	517	283	464000	577	612	535	499	408	418	707	266	485	282
465000	580	479	509	350	441	470	529	698	574	316	465000	588	712	680	466	366	357	664	340	496	388
466000	590	452	531	418	401	480	632	676	553	379	466000	511	610	657	536	363	400	752	369	472	375
467000	517	479	454	388	337	481	645	629	556	325	467000	493	672	573	513	318	339	641	357	495	376
468000	494	541	494	404	369	603	583	643	493	334	468000	510	822	629	474	379	492	653	353	517	351
469000	428	489	471	381	347	540	708	578	523	400	469000	456	675	619	546	303	442	794	329	530	473
470000	564	462	494	333	369	519	669	693	507	426	470000	554	711	571	377	294	426	755	337	554	435
471000	511	459	509	340	388	528	612	656	546	360	471000	519	666	623	457	373	415	812	310	542	303
472000	533	460	509	377	309	485	605	674	490	401	472000	564	598	690	473	331	387	693	353	533	455
473000	500	452	484	365	304	579	550	761	481	455	473000	545	671	608	499	290	419	700	388	534	364
474000	540	410	584	406	323	524	565	715	447	431	474000	485	562	624	472	319	363	647	357	498	390
475000	488	483	469	409	338	379	716	577	527	488	475000	514	696	599	514	384	359	834	313	506	384
476000	491	519	545	344	441	538	606	634	525	408	476000	536	619	635	468	411	356	678	251	441	341
477000	453	450	481	383	400	550	705	629	461	378	477000	435	617	634	464	330	385	807	291	500	312
478000	573	476	517	344	394	525	596	678	543	385	478000	505	591	642	487	376	365	709	296	500	341
479000	546	448	519	404	399	487	648	676	523	398	479000	552	637	634	497	431	324	733	291	492	418
480000	527	498	513	400	383	464	604	662	538	344	480000	504	631	670	453	326	374	664	296	506	397
481000	534	449	442	348	361	655	692	594	528	402	481000	546	710	537	439	309	422	736	301	521	390
482000	640	500	422	334	319	555	692	613	459	325	482000	583	630	536	439	351	406	709	308	517	350
483000	569	428	449	328	368	623	648	624	453	280	483000	457	592	621	401	363	420	757	327	520	344
484000	611	416	510	342	439	539	572	720	526	297	484000	594	605	648	439	412	369	728	305	533	347
485000	647	434	540	382	378	530	596	560	477	372	485000	580	674	657	542	363	367	657	271	526	385
486000	580	383	548	380	383	616	591	615	380	346	486000	556	616	749	498	299	407	719	324	429	381
487000	566	387	589	437	315	670	616	638	478	389	487000	600	605	660	509	293	485	666	325	453	378
488000	702	407	519	368	343	537	655	623	520	361	488000	653	622	618	495	277	436	673	316	588	409
489000	627	425	503	426	362	611	563	674	530	346	489000	634	625	703	522	259	467	643	356	512	413
490000	592	407	546	367	416	583	672	610	514	348	490000	597	605	680	503	326	448	778	341	529	339
491000	516	424	620	362	385	537	700	561	480	363	491000	513	599	703	533	271	421	769	337	573	347
492000	509	446	523	365	433	588	664	592	461	325	492000	510	595	682	535	288	435	739	347	562	328
493000	496	416	530	389	418	600	647	618	481	334	493000	482	591	591	544	357	380	744	419	458	351
494000	482	374	468	363	408	608	744	675	505	340	494000	494	613	595	523	276	386	722	381	474	389
495000	574	385	439	385	409	618	739	559	468	385	495000	556	618	628	567	334	446	789	358	470	423
496000	561	491	516	404	391	518	640	551	462	359	496000	528	750	620	529	308	401	696	398	513	314
497000	545	507	468	433	379	671	631	624	438	455	497000	472	731	567	572	305	464	691	343	544	331
498000	473	442	463	384	432	717	670	515	460	413	498000	466	650	596	497	308	508	679	351	550	361
499000	369	437	500	394	507	566	714	612	487	389	499000	408	613	616	513	402	366	722	400	564	349
500000	512	487	566	347	474	586	675	668	490	420	500000	517	661	620	429	386	394	770	461	552	357
501000	562	434	576	389	344	690	689	664	536	373	501000	507	683	601	474	304	452	687	443	570	303
502000	554	436	498	388	449	662	721	641	546	388	502000	545	665	584	463	318	436	753	451	557	348
503000	615	393	538	374	460	579	696	606	563	425	503000	504	574	594	517	377	383	757	433	616	301
504000	536	464	538	440	326	516	625	769	503	387	504000	487	633	683	535	263	402	708	527	553	287
505000	556	442	531	389	379	593	682	681	500	395	505000	536	649	673	550	299	423	734	500	572	406
506000	527	468	538	425	393	598	690	793	548	425	506000	515	696	592	516	305	429	712	479	562	349
507000	510	489	548	448	420	623	744	762	544	372	507000	515	705	638	564	261	436	730	508	573	354
508000	467	486	487	368	416	551	638	718	541	357	508000	510	744	645	488	314	467	678	435	619	316
509000	544	405	533	432	438	595	666	632	517	397	509000	525	698	667	560	343	407	709	406	556	316
510000	584	407	476	394	470	558	677	581	486	401	510000	529	659	578	510	344	422	774	433	593	431
511000	525	493	515	403	465	554	721	672	448	404	511000	541	692	590	502	370	420	750	399	543	392
512000	483	398	474	355	425	635	683	698	528	350	512000	437	547	584	495	362	509	657	413	621	347
513000	505	403	536	382	458	586	542	666	528	357	513000	468	662	619	480	309	484	605	410	611	394
514000	422	391	441	295	428	604	652	613	417	332	514000	383	645	455	414	327	528	676	438	507	369
515000	379	434	487	405	479	492	720	702	437	319	515000	376	711	565	545	360	484	784	386	563	310
516000	420	445	476	433	366	503	667	617	507	303	516000	394	649	491	587	344	442	756	427	578	304
517000	411	454	565	447	372	487	627	553	454	334	517000	415	690	627	526	260	408	661	372	552	330
518000	562	422	516	359	432	540	674	645	571	366	518000	523	640	560	535	337	462	766	443	589	342
519000	707	410	566	364	319	484	726	685	505	407	519000	588	695	656	495	317	411	754	490	541	354
520000	682	441	539	458	424	567	725	623	478	370	520000	570	692	626	500	323	416	775	420	563	318
521000	613	472	588	374	403	565	720	681	507	326	521000	498	636	619	494	338	422	705	473	524	284
522000	604	376	503	327	422	615	709	639	482	398	522000	550	610	554	420	360	476	709	423	607	337
523000	604	480	519	359	542	570	626	581	509	370	523000	623	712	534	456	399	478	693	415	606	328
524000	553	418	458	345	527	575	632	664	464	372	524000	520	626	531	488	428	495	716	432	651	337
525000	579	482	518	433	374	561	627	681	448	330	525000	543	727	557	575	369	459	688	406	600	295
526000	568	529	544	467	437	614	589	617	519	328	526000	523	729	616	631	408	444	625	414	577	333
527000	536	537	596	449	440	504	639	683	533	491	527000	517	801	636	571	410	390	626	436	629	312
528000	540	546	526	402	461	608	646	710	532	429	528000	510	706	565	562	389	465	710	500	644	312
529000	447	549	628	354	433	699	669	557	502	401	529000	452	709	675	513	386	462	634	467	586	319
530000	495	513	482	368	350	523	652	539	554	419	530000	385	674	564	462	306	393	652	340	590	326
531000	500	492	536	353	442	522	556	609	496	352	531000	476	693	576	512	413	423	650	437	592	357
532000	409	481	474	390	483	583	601	669	523	351	532000	441	718	542	468	439	482	648	435	638	331
533000	490	479	576	412	478	463	502	595	562	384	533000	452	675	611	530	491	416	502	427	637	326
534000	451	515	540	419	504	585	592	514	568	364	534000	420	771	563	530	469	478	614	418	670	384
535000	542	534	576	382	547	564	625	611	559	385	535000	451	700	647	467	372	457	655	448	613	376
536000	604	575	536	359	538	547	595	553	551	359	536000	523	666	542	464	408	450	648	354	585	378
537000	655	512	594	342	492	516	519	576	519	319	537000	622	752	578	484	403	413	566	422	592	314
538000	596	467	540	391	388	483	550	544	573	357	538000	573	619	596	503	371	407	609	358	584	353
539000	615	484	606	352	370	528	524	531	496	302	539000	542	606	645	465	337	430	530	377	453	326
540000	550	509	511	330	465	490	487	567	420	351	540000	472	762	527	440	390	429	497	395	463	305
541000	594	497	549	293	494	564	547	541	491	352	541000	558	722	541	441	430	478	568	346	565	386
542000	596	546	534	346	453	519	505	654	514	314	542000	541	678	526	450	447	461	561	398	585	392
543000	674	537	597	353	416	547	582	580	513	429	543000	639	655	627	447	379	439	647	405	625	339
544000	647	587	591	342	356	507	548	563	456	450	544000	564	788	588	497	342	421	648	390	599	297
545000	636	513	588	390	389	493	610	654	478	366	545000	575	630	642	512	343	399	680	439	606	291
546000	632	572	601	356	422	605	643	624	500	335	546000	554	781	615	464	323	482	726	418	588	314
547000	529	524	591	410	446	588	652	657	508	393	547000	466	649	583	511	383	465	672	372	536	346
548000	623	529	528	371	430	499	679	590	549	393	548000	523	708	521	479	342	458	756	384	582	406
549000	546	573	534	422	563	495	727	625	541	353	549000	542	716	542	591	420	400	815	401	639	386
550000	524	562	494	376	582	468	719	644	450	422	550000	504	757	518	566	404	411	721	426	492	405
551000	548	509	534	457	581	528	762	610	564	407	551000	497	775	523	615	435	487	808	444	636	418
552000	538	473	551	421	464	494	657	583	496	406	552000	406	656	563	553	315	433	716	435	547	341
553000	533	469	572	422	493	502	642	563	517	399	553000	492	664	559	562	300	426	670	393	570	332
554000	586	519	569	441	519	453	646	554	487	393	554000	534	659	660	546	385	363	700	367	539	374
555000	644	481	620	385	517	481	722	674	532	469	555000	605	655	676	532	396	400	765	445	593	336
556000	571	481	660	409	498	555	705	708	525	395	556000	525	638	606	547	365	499	734	503	586	296
557000	481	503	640	442	322	562	721	676	488	361	557000	459	652	531	563	314	449	746	461	614	302
558000	534	600	536	422	347	532	735	535	491	293	558000	536	768	559	543	273	497	780	404	598	296
559000	536	474	549	363	436	403	648	551	543	319	559000	525	693	586	516	355	398	726	460	572	287
560000	494	492	526	323	450	442	675	640	529	370	560000	539	611	463	462	394	359	731	475	598	300
561000	535	433	571	360	420	426	694	526	574	334	561000	547	568	564	462	346	438	779	429	609	255
562000	469	485	597	349	457	480	770	638	528	322	562000	499	711	579	563	364	501	751	433	526	218
563000	471	503	601	417	423	487	775	592	584	388	563000	475	763	553	575	404	527	788	375	578	357
564000	407	444	683	427	416	552	609	646	439	366	564000	451	691	531	479	330	518	625	426	471	343
565000	494	517	635	432	421	487	761	560	529	304	565000	530	725	533	526	328	511	736	404	606	337
566000	405	554	568	402	413	558	776	568	589	308	566000	471	664	457	551	427	470	741	440	638	267
567000	409	534	581	410	428	535	705	570	579	342	567000	424	671	482	542	370	465	732	417	612	318
568000	441	552	541	406	321	608	767	595	522	353	568000	426	726	511	520	288	539	743	500	592	363
569000	493	511	613	312	426	529	714	596	553	361	569000	532	736	547	471	362	489	723	434	642	332
570000	536	511	631	405	467	508	667	554	585	392	570000	490	684	488	531	393	446	693	413	639	364
571000	557	529	617	342	413	506	650	576	526	403	571000	477	623	506	478	384	400	692	438	604	408
572000	461	442	616	462	383	517	760	559	579	409	572000	486	517	504	605	386	391	655	443	576	400
573000	480	566	584	433	379	522	614	567	639	412	573000	471	766	492	522	325	396	583	344	568	427
574000	568	554	668	358	409	565	679	603	571	379	574000	536	740	483	584	355	453	653	418	601	448
575000	585	617	566	402	456	479	697	597	589	385	575000	560	831	428	591	370	434	674	378	644	394
576000	599	612	668	413	405	544	771	517	564	393	576000	561	865	429	569	314	431	799	446	537	414
577000	548	553	603	362	448	551	716	675	645	372	577000	465	769	498	498	324	479	705	475	693	358
578000	511	549	709	334	403	595	770	702	626	331	578000	502	784	577	484	318	460	767	517	566	404
579000	549	610	668	350	415	484	712	670	570	342	579000	531	819	491	521	332	366	626	551	526	376
580000	664	570	639	377	469	500	633	608	549	351	580000	635	776	491	539	380	460	720	468	509	361
581000	572	593	728	398	474	510	600	600	516	315	581000	570	742	489	553	369	453	543	515	597	431
582000	656	584	640	408	461	484	661	635	603	420	582000	587	735	479	533	381	410	655	465	658	493
583000	635	549	615	366	426	521	706	650	594	430	583000	573	762	518	529	416	431	732	559	666	501
584000	581	561	663	299	414	624	698	614	582	355	584000	566	752	520	476	411	493	745	501	585	425
585000	622	651	698	351	449	539	715	550	562	355	585000	555	791	479	520	374	405	756	429	565	413
586000	595	543	591	405	477	570	666	652	473	358	586000	525	723	453	537	374	500	635	520	534	371
587000	574	521	625	435	462	508	629	626	488	419	587000	526	764	458	524	337	462	636	574	457	434
588000	737	515	547	409	360	497	718	575	583	386	588000	667	640	425	534	353	472	705	511	626	438
589000	731	583	661	417	397	483	792	623	538	359	589000	627	776	467	541	315	404	741	461	581	446
590000	627	477	600	411	440	609	773	689	620	437	590000	651	704	455	559	438	478	683	522	595	409
591000	533	560	645	398	512	583	705	630	611	419	591000	584	727	502	485	370	440	675	491	622	463
592000	567	492	699	404	509	639	687	659	608	413	592000	546	686	506	515	358	556	684	478	560	403
593000	533	611	711	363	541	489	715	630	596	450	593000	528	801	539	555	469	544	655	601	626	460
594000	591	624	661	402	496	530	697	616	513	373	594000	577	720	495	539	443	520	703	475	566	417
595000	520	586	645	411	519	499	710	653	504	392	595000	500	774	465	573	373	433	753	494	494	402
596000	539	608	654	344	521	520	668	561	485	310	596000	589	808	467	481	431	521	658	454	549	431
597000	473	585	662	406	492	499	695	609	513	357	597000	570	718	564	517	438	477	691	498	531	458
598000	616	574	642	347	503	485	731	654	521	376	598000	624	720	512	490	404	444	700	472	581	466
599000	666	519	649	359	406	569	684	619	455	411	599000	678	647	443	562	427	432	660	553	508	427
600000	627	521	556	396	497	524	676	602	425	330	600000	627	615	355	536	471	395	688	529	492	436
601000	629	521	626	381	520	530	628	621	556	360	601000	546	619	416	555	372	508	660	509	499	385
602000	565	577	676	381	487	510	691	634	551	346	602000	562	709	500	511	413	482	742	484	589	412
603000	602	612	674	406	551	532	706	681	583	364	603000	579	650	491	541	478	498	747	511	536	428
604000	581	584	700	425	509	571	725	672	553	377	604000	648	695	473	604	389	529	718	451	538	486
605000	551	662	670	419	525	552	708	650	461	340	605000	569	754	467	609	437	474	705	469	485	482
606000	653	609	772	382	529	586	743	603	553	332	606000	591	721	532	530	447	483	675	486	555	474
607000	632	650	721	365	439	518	640	582	603	377	607000	583	722	470	474	386	489	699	391	512	481
608000	504	550	705	384	452	466	646	602	647	430	608000	554	731	537	521	391	489	699	430	653	525
609000	534	591	576	432	496	440	707	649	563	400	609000	571	738	417	533	369	472	713	504	601	490
610000	648	591	609	393	483	503	634	683	632	390	610000	616	741	491	615	367	522	635	471	578	451
611000	616	512	604	427	475	483	676	607	606	346	611000	604	704	474	567	454	456	612	508	622	366
612000	643	496	680	415	504	563	628	693	640	347	612000	598	630	456	513	456	499	654	543	614	381
613000	606	507	631	440	498	492	614	670	607	359	613000	562	691	385	543	404	520	640	522	566	442
614000	627	575	536	442	510	517	634	614	492	406	614000	552	777	429	601	398	517	643	459	579	446
615000	492	616	693	412	513	464	611	686	549	345	615000	529	708	490	568	409	431	693	491	640	416
616000	591	527	695	428	544	513	687	765	559	424	616000	568	636	548	576	454	530	684	584	659	444
617000	568	564	613	487	528	504	680	671	608	392	617000	523	699	436	554	442	458	671	558	607	415
618000	490	564	700	419	481	545	707	662	625	392	618000	479	659	503	499	370	502	697	551	606	438
619000	539	538	606	457	478	559	744	669	578	408	619000	553	694	559	578	370	549	738	519	592	463
620000	543	535	631	472	460	491	720	713	625	392	620000	581	687	466	561	380	501	690	474	617	458
621000	646	669	666	518	456	456	680	679	591	351	621000	591	766	479	619	414	435	661	525	613	413
622000	636	674	692	467	427	458	725	689	622	416	622000	582	731	469	586	369	446	795	583	559	438
623000	585	554	699	427	483	420	731	690	585	378	623000	566	717	461	566	419	454	796	532	622	413
624000	522	601	717	478	482	487	741	678	617	400	624000	552	734	555	605	429	501	759	532	608	385
625000	617	651	688	435	503	487	709	568	525	421	625000	612	792	574	563	497	502	672	427	546	421
626000	622	568	676	440	530	459	739	586	532	395	626000	547	762	555	550	450	474	754	481	521	480
627000	544	699	619	464	469	507	633	620	548	333	627000	525	801	530	657	417	468	689	466	588	404
628000	619	642	612	455	468	527	661	518	576	332	628000	605	854	479	564	487	523	632	458	518	470
629000	614	561	561	411	463	548	721	661	642	394	629000	618	748	545	606	415	501	709	573	545	470
630000	532	612	706	426	511	496	694	581	650	373	630000	595	748	543	567	479	471	717	446	562	432
631000	592	621	672	530	504	588	735	651	592	359	631000	535	659	533	653	481	516	688	570	546	418
632000	614	634	667	443	501	551	704	528	560	408	632000	627	828	457	571	446	471	806	511	470	482
633000	619	675	522	468	563	463	679	593	567	388	633000	547	862	498	581	484	475	664	515	553	469
634000	608	613	604	502	566	529	769	548	649	333	634000	570	775	525	606	507	509	711	541	633	356
635000	530	594	608	375	528	494	678	654	549	371	635000	503	750	485	533	472	517	670	560	554	390
636000	617	592	638	447	517	475	596	680	620	370	636000	608	761	537	575	503	470	689	585	516	414
637000	591	588	645	438	599	538	683	682	561	414	637000	566	755	545	506	507	484	736	653	605	442
638000	709	535	684	530	617	459	657	678	612	394	638000	631	630	582	634	525	485	730	525	680	448
639000	594	554	698	466	575	522	693	728	620	362	639000	575	727	531	604	495	549	733	656	676	440
640000	577	535	649	486	547	535	628	630	528	341	640000	603	723	528	543	479	558	623	552	579	393
641000	627	580	592	469	610	498	669	590	540	381	641000	627	802	523	570	499	477	701	596	633	405
642000	591	547	646	439	490	556	703	637	572	419	642000	634	791	515	587	444	552	657	530	530	459
643000	649	607	627	501	531	517	634	587	642	357	643000	597	716	533	629	450	498	690	510	663	411
644000	653	603	687	443	522	550	604	742	554	431	644000	618	729	576	589	402	498	651	536	536	401
645000	598	543	707	430	566	498	659	560	632	462	645000	581	663	583	605	403	517	692	475	619	436
646000	562	557	656	476	591	455	684	710	564	394	646000	554	703	531	596	377	487	727	544	634	414
647000	693	606	588	473	543	483	667	596	635	426	647000	620	681	484	623	427	514	668	558	645	346
648000	694	545	712	462	446	498	655	638	535	402	648000	649	685	512	594	360	499	720	643	511	412
649000	512	541	691	426	488	542	646	589	619	437	649000	526	713	608	562	391	513	710	524	636	427
650000	473	569	603	446	500	430	751	696	612	450	650000	440	751	497	580	397	398	697	546	588	467
651000	551	663	728	464	547	452	682	646	571	432	651000	527	786	626	676	489	430	692	572	589	459
652000	586	589	655	549	570	494	744	657	532	508	652000	488	796	607	666	490	430	681	537	638	468
653000	638	604	611	461	593	492	709	609	539	452	653000	653	756	524	653	448	460	703	551	627	460
654000	646	600	678	451	577	472	696	591	458	487	654000	567	695	549	625	459	439	729	542	589	446
655000	689	584	738	460	620	553	768	520	607	471	655000	571	718	538	643	505	456	734	460	646	472
656000	645	609	660	500	624	506	684	538	489	483	656000	640	735	492	657	452	437	790	555	501	446
657000	640	617	665	498	629	461	666	597	559	378	657000	594	741	544	618	523	497	755	519	654	469
658000	652	582	635	437	613	475	723	579	555	471	658000	593	755	584	625	501	462	785	564	592	519
659000	684	555	593	469	501	453	716	522	707	529	659000	561	677	529	604	416	520	732	455	656	582
660000	735	614	681	425	426	382	696	480	572	458	660000	586	657	517	566	365	428	755	467	572	509
661000	640	604	630	430	458	458	706	478	605	532	661000	594	736	477	568	380	550	765	486	640	565
662000	652	593	691	477	576	478	722	519	529	562	662000	567	733	610	594	451	500	742	438	584	559
663000	655	550	638	444	649	388	731	491	576	551	663000	636	675	576	556	545	509	771	493	637	625
664000	694	622	662	456	546	478	706	521	593	584	664000	585	721	541	617	515	497	743	546	675	642
665000	600	591	691	432	600	456	737	568	601	584	665000	591	730	563	573	517	569	727	473	604	643
666000	621	494	617	460	489	448	696	658	588	533	666000	569	710	542	642	377	452	735	539	600	603
667000	695	505	679	422	532	467	699	583	565	443	667000	583	594	577	605	445	473	720	512	645	522
668000	748	564	565	448	627	430	770	506	598	500	668000	672	684	507	557	532	528	736	522	702	511
669000	788	532	631	429	627	436	705	500	589	544	669000	736	676	520	646	516	443	842	532	649	616
670000	756	609	636	418	628	469	775	532	630	508	670000	650	750	546	564	475	482	744	414	719	549
671000	593	551	677	475	505	556	784	543	671	568	671000	587	786	531	666	428	457	695	478	774	657
672000	694	561	668	457	609	527	721	513	670	563	672000	634	763	564	613	451	500	814	452	660	623
673000	676	558	712	521	547	527	650	566	572	527	673000	637	764	595	684	416	568	703	489	587	623
674000	671	631	703	461	539	556	661	541	587	549	674000	610	700	552	606	449	518	682	454	679	607
675000	652	639	604	497	571	588	669	586	503	532	675000	589	738	569	628	482	562	752	477	666	608
676000	635	654	624	451	548	501	682	573	439	512	676000	573	786	481	581	489	470	688	472	592	638
677000	670	654	562	422	537	524	628	546	505	524	677000	620	702	476	598	451	542	750	525	677	674
678000	694	664	533	440	511	595	692	559	461	535	678000	661	678	496	644	446	588	709	523	606	640
679000	682	639	619	414	523	630	760	626	538	568	679000	597	755	416	611	428	569	771	556	615	749
680000	603	576	671	437	520	585	659	622	536	496	680000	557	673	455	601	507	618	651	545	609	634
681000	579	569	679	489	539	561	719	745	541	548	681000	587	689	545	663	500	575	722	555	603	685
682000	698	576	644	500	561	656	616	683	534	567	682000	614	662	497	662	500	481	621	515	614	616
683000	658	598	685	497	568	608	646	716	467	633	683000	560	692	613	629	530	535	680	555	630	674
684000	563	592	650	403	647	575	665	749	510	587	684000	503	736	484	607	535	518	683	578	655	697
685000	622	559	600	533	517	530	616	768	540	610	685000	532	657	510	678	418	508	669	622	689	690
686000	546	522	587	498	505	528	574	603	516	485	686000	563	604	535	689	447	432	626	502	608	655
687000	697	608	621	495	522	526	548	649	506	532	687000	580	678	516	666	466	456	636	544	630	581
688000	652	505	650	434	508	553	558	647	504	615	688000	543	657	569	606	460	474	584	506	661	605
689000	669	562	685	504	545	508	660	599	583	515	689000	601	679	528	647	461	503	708	516	652	661
690000	673	603	670	479	553	508	739	686	620	561	690000	536	659	599	599	467	466	794	523	707	614
691000	677	555	660	453	610	504	708	624	549	658	691000	609	641	547	625	528	462	770	517	592	707
692000	653	611	690	455	568	541	755	624	553	544	692000	558	654	549	647	520	448	795	477	673	735
693000	680	644	671	469	542	498	726	626	564	636	693000	477	646	566	610	477	433	751	531	752	749
694000	570	566	727	462	612	493	751	581	613	527	694000	551	538	588	564	459	477	792	462	677	648
695000	633	546	648	497	604	551	725	636	607	536	695000	568	575	503	653	512	512	711	469	711	679
696000	543	612	644	457	530	516	756	616	555	537	696000	526	670	562	659	437	475	751	501	764	734
697000	439	597	629	404	570	491	707	692	567	541	697000	442	597	619	544	516	489	769	517	702	692
698000	549	587	596	399	558	573	661	706	498	572	698000	467	639	482	564	452	443	772	517	651	611
699000	662	576	642	396	580	504	720	616	618	534	699000	550	648	506	509	481	442	757	510	741	661
700000	658	573	606	436	633	569	720	662	608	496	700000	635	688	461	573	536	444	812	455	692	629
701000	701	638	537	507	576	561	637	628	677	494	701000	598	691	507	704	505	501	760	506	719	542
702000	676	645	763	439	595	505	702	662	496	585	702000	569	716	543	655	519	493	824	507	579	652
703000	723	587	647	512	580	498	612	580	504	572	703000	657	716	625	704	476	501	689	492	616	722
704000	738	568	722	511	512	559	631	571	449	573	704000	566	671	520	609	405	476	669	403	637	641
705000	703	648	682	576	551	552	623	540	517	544	705000	548	702	571	743	460	516	724	395	607	674
706000	694	631	661	531	595	594	642	570	552	633	706000	599	656	589	671	426	539	750	451	644	708
707000	774	668	647	502	610	548	714	704	568	584	707000	663	706	524	636	512	540	751	502	605	618
708000	732	566	654	410	596	523	693	590	593	601	708000	658	770	541	654	504	502	730	549	739	709
709000	702	598	682	405	528	517	688	608	618	602	709000	639	682	530	597	458	499	778	471	670	720
710000	751	720	712	449	471	561	676	563	563	553	710000	636	715	516	640	465	522	726	494	677	668
711000	691	757	732	406	531	526	617	638	542	547	711000	654	741	536	629	372	503	718	529	570	748
712000	628	772	732	455	550	577	657	604	567	561	712000	508	756	580	628	532	511	712	481	638	681
713000	642	728	697	462	597	544	660	629	558	565	713000	549	714	549	564	480	482	756	530	712	767
714000	597	670	612	460	553	611	612	660	489	581	714000	616	779	507	544	472	572	734	528	596	777
715000	717	727	708	454	448	532	679	706	596	509	715000	662	726	559	644	395	515	717	566	647	618
716000	707	664	746	506	460	435	738	623	561	506	716000	631	695	569	639	427	532	752	516	632	635
717000	782	550	679	453	526	454	645	615	566	613	717000	670	650	553	579	453	492	778	493	671	691
718000	816	695	773	517	550	489	674	633	660	619	718000	650	738	588	651	500	470	728	478	735	705
719000	701	680	676	526	559	459	683	610	611	575	719000	591	680	557	673	496	439	757	516	733	665
720000	604	702	647	509	545	454	576	623	604	493	720000	582	697	509	665	447	434	671	480	708	631
721000	768	665	649	539	557	493	696	737	497	554	721000	672	708	495	665	471	416	710	522	605	636
722000	743	657	568	468	601	482	692	691	525	622	722000	595	720	462	653	478	377	758	573	601	748
723000	745	611	568	445	541	438	735	770	554	625	723000	670	782	474	674	465	392	741	539	661	744
724000	689	626	654	466	560	478	653	732	609	537	724000	650	644	470	676	518	395	701	574	704	666
725000	765	737	599	466	564	373	629	718	608	573	725000	629	770	538	574	469	379	630	577	711	613
726000	661	712	543	473	616	384	641	668	663	566	726000	579	668	467	593	525	378	680	506	701	697
727000	681	641	691	518	558	395	598	584	586	628	727000	544	769	622	695	515	422	668	445	660	665
728000	572	663	578	496	690	439	619	657	599	617	728000	571	748	540	592	545	430	697	518	661	696
729000	682	591	576	507	628	407	698	719	593	634	729000	650	682	510	619	529	453	727	476	601	611
730000	677	612	691	500	621	479	656	692	628	595	730000	634	703	550	597	528	477	674	541	751	712
731000	577	641	703	467	562	451	632	588	692	607	731000	528	761	552	562	499	507	737	503	741	684
732000	727	684	649	496	726	421	611	647	539	555	732000	645	842	568	588	545	480	685	482	673	690
733000	671	581	657	437	618	442	706	567	528	532	733000	624	776	532	574	495	494	757	438	646	614
734000	699	649	715	455	589	463	640	656	529	584	734000	707	725	583	625	461	472	705	486	614	693
735000	652	687	708	457	666	408	720	618	586	606	735000	622	750	549	591	548	434	718	421	687	699
736000	710	683	688	446	517	427	611	672	599	641	736000	641	691	536	573	413	471	703	465	754	690
737000	680	641	714	453	546	498	693	645	562	603	737000	679	698	579	616	431	483	700	419	667	723
738000	686	681	695	495	550	456	679	728	554	657	738000	645	709	585	625	398	395	741	527	685	759
739000	765	640	650	440	701	463	617	709	570	621	739000	718	736	494	554	535	489	740	503	640	646
740000	711	637	659	453	574	400	663	712	617	608	740000	583	651	476	615	468	404	716	524	722	713
741000	603	638	734	480	586	448	730	689	515	601	741000	571	664	543	578	503	419	803	472	617	772
742000	664	581	684	464	597	495	682	647	624	632	742000	648	656	553	677	498	383	748	503	793	789
743000	667	621	557	477	529	373	724	650	600	619	743000	626	682	459	629	472	410	814	456	759	732
744000	773	654	608	511	555	422	668	571	595	598	744000	695	659	476	653	453	374	749	468	681	749
745000	715	720	641	409	528	442	613	685	581	559	745000	633	714	550	520	458	402	699	416	671	640
746000	786	610	656	482	539	414	676	539	632	608	746000	624	707	587	637	462	441	709	399	803	737
747000	585	629	684	477	588	392	681	570	612	532	747000	574	595	552	594	448	433	737	453	674	694
748000	609	578	683	454	555	368	601	513	556	571	748000	597	653	638	519	415	415	690	381	689	621
749000	729	680	732	459	601	302	642	560	564	546	749000	608	672	637	609	477	413	742	373	673	601
750000	725	655	654	424	543	357	570	627	513	583	750000	646	793	566	574	447	415	685	434	663	603
751000	745	694	628	469	617	370	709	655	485	574	751000	680	718	560	546	498	452	773	466	572	650
752000	706	670	594	479	625	290	676	684	524	602	752000	632	708	491	581	508	408	720	503	691	670
753000	729	755	597	398	618	347	678	687	637	595	753000	649	722	501	552	509	411	706	406	736	686
754000	711	747	639	491	622	369	638	661	603	619	754000	671	694	555	534	524	456	804	508	686	701
755000	645	669	642	506	610	412	674	723	637	676	755000	611	750	497	634	461	435	767	484	672	689
756000	674	683	669	451	549	389	643	684	574	616	756000	581	675	541	629	530	387	776	533	698	691
757000	656	628	645	533	583	385	621	742	585	601	757000	561	712	578	591	477	404	718	508	667	735
758000	695	660	702	421	512	362	630	664	490	510	758000	584	651	588	547	371	438	746	497	574	632
759000	762	665	579	407	575	382	595	584	471	575	759000	648	665	501	598	489	434	776	421	510	644
760000	667	685	703	393	727	319	697	659	505	566	760000	628	702	591	516	555	357	821	398	604	707
761000	732	681	656	337	620	355	615	569	484	573	761000	633	683	596	504	522	408	823	459	588	663
762000	705	702	673	346	679	336	575	652	569	547	762000	711	669	594	521	559	415	752	501	679	675
763000	669	738	601	429	665	361	630	700	564	563	763000	636	767	537	710	541	358	691	586	703	679
764000	768	706	598	496	591	395	600	570	578	620	764000	724	744	549	650	440	345	750	524	655	687
765000	779	708	586	434	558	374	639	550	522	600	765000	728	656	537	558	474	381	747	385	616	648
766000	703	671	694	402	595	362	570	628	502	556	766000	754	674	602	586	538	364	773	515	663	579
767000	714	743	620	340	585	368	572	667	531	580	767000	676	722	578	535	485	312	612	498	683	689
768000	694	694	616	358	535	406	637	668	516	586	768000	685	736	561	515	441	423	801	518	645	712
769000	657	697	653	427	481	364	608	619	507	665	769000	581	738	577	669	409	364	724	494	707	709
770000	535	667	627	455	482	356	640	639	531	641	770000	505	706	514	624	406	370	682	458	631	715
771000	547	583	623	469	534	384	634	618	518	536	771000	553	668	545	679	445	389	707	457	578	599
772000	585	702	626	395	660	428	718	564	480	531	772000	601	674	515	637	507	387	807	441	552	599
773000	705	620	551	395	573	328	639	581	486	555	773000	651	649	508	679	401	418	740	443	596	592
774000	771	695	589	470	533	387	671	635	416	548	774000	594	644	436	716	409	444	727	498	556	653
775000	727	672	558	427	622	343	586	632	466	621	775000	598	692	478	737	493	350	721	504	597	633
776000	725	615	687	440	537	341	691	646	486	621	776000	566	652	555	648	437	385	759	570	629	638
777000	623	587	660	442	493	325	675	654	428	557	777000	576	704	458	640	423	412	753	479	631	658
778000	706	552	592	423	473	354	656	653	544	506	778000	653	676	439	697	435	347	761	521	713	665
779000	742	597	597	410	571	369	628	550	476	563	779000	660	698	455	605	474	353	670	436	624	680
780000	726	658	530	466	572	322	689	590	488	605	780000	730	703	443	724	582	366	771	463	594	663
781000	613	625	565	390	586	379	727	637	446	612	781000	629	704	460	611	449	370	778	460	597	697
782000	692	716	602	418	621	354	661	649	463	516	782000	657	684	399	646	512	343	794	567	517	642
783000	705	721	645	385	626	319	612	625	455	621	783000	580	768	416	620	562	326	703	522	601	669
784000	603	656	538	366	616	373	661	695	496	604	784000	536	732	464	615	467	382	787	553	623	628
785000	653	656	585	412	603	392	625	554	510	605	785000	697	783	450	632	479	420	715	505	704	752
786000	652	706	526	449	618	313	685	596	481	692	786000	582	815	389	669	517	346	794	522	711	767
787000	727	610	514	489	524	350	624	676	466	695	787000	654	667	353	706	419	365	823	576	641	748
788000	708	662	662	461	600	361	607	667	507	620	788000	661	686	487	651	524	405	747	535	680	733
789000	663	661	636	427	660	394	707	700	480	614	789000	654	709	453	731	520	382	805	539	620	729
790000	673	702	563	428	664	402	749	640	545	599	790000	735	746	435	725	559	411	804	474	723	695
791000	651	608	649	422	605	421	667	512	538	589	791000	609	721	479	601	466	465	805	412	628	674
792000	573	708	648	427	552	388	641	542	452	651	792000	584	723	487	724	451	390	809	466	689	739
793000	634	598	664	455	575	354	623	637	462	610	793000	639	633	472	715	468	352	788	501	666	704
794000	620	585	624	451	621	362	681	630	499	566	794000	625	722	534	700	474	371	756	550	743	695
795000	566	597	688	434	505	367	664	647	423	594	795000	612	755	532	739	468	429	742	545	601	657
796000	599	603	693	506	635	442	705	634	469	608	796000	579	768	526	745	476	427	834	521	679	596
797000	608	566	632	418	591	411	681	710	454	735	797000	619	717	551	676	459	444	850	547	574	726
798000	601	478	655	456	639	438	684	712	431	676	798000	552	636	520	777	501	474	850	525	461	683
799000	697	466	617	445	585	422	742	646	385	656	799000	669	671	509	742	439	427	787	519	577	655
800000	671	490	638	465	628	415	654	693	387	693	800000	627	708	519	781	455	484	728	549	491	766
801000	675	480	602	432	519	454	609	625	385	680	801000	712	745	451	737	479	417	688	527	519	735
802000	694	511	582	458	505	404	642	709	406	748	802000	700	754	461	606	468	330	678	572	626	821
803000	705	498	694	436	472	342	655	629	367	666	803000	718	811	594	626	396	362	725	464	547	723
804000	702	436	680	401	598	374	647	728	494	668	804000	677	669	512	703	549	386	750	561	607	777
805000	671	490	741	454	591	372	628	665	527	599	805000	775	633	555	774	520	349	778	499	628	640
806000	665	506	707	419	587	346	651	678	471	641	806000	732	703	514	755	433	403	768	612	562	698
807000	736	447	669	445	647	336	633	697	400	555	807000	722	673	510	735	453	314	775	565	524	648
808000	658	464	684	373	674	418	571	613	427	660	808000	586	612	555	644	561	433	678	566	549	742
809000	600	523	689	437	591	358	696	678	337	597	809000	531	678	536	713	498	417	858	588	472	640
810000	612	467	640	468	718	405	650	737	380	638	810000	590	709	554	649	511	446	772	604	565	570
811000	612	539	646	381	667	438	736	666	467	716	811000	647	739	527	557	502	407	780	578	688	697
812000	669	453	733	434	591	410	645	658	473	659	812000	705	657	529	592	574	453	758	586	592	713
813000	681	456	693	469	703	431	638	609	503	692	813000	758	653	520	679	572	407	869	537	658	673
814000	691	389	709	413	634	418	664	481	432	629	814000	749	646	500	655	518	427	772	452	600	602
815000	737	435	688	492	705	396	636	607	421	634	815000	802	669	559	743	567	421	825	467	542	658
816000	677	407	746	503	648	429	583	723	409	646	816000	743	604	510	698	543	447	776	601	550	675
817000	525	468	745	444	719	508	640	606	428	692	817000	493	728	571	661	508	465	753	541	561	760
818000	755	415	660	442	683	473	690	596	409	745	818000	811	734	510	595	604	485	718	500	484	732
819000	710	481	698	392	620	481	718	569	405	713	819000	769	669	487	659	547	412	790	584	528	730
820000	675	413	652	411	529	409	696	585	391	681	820000	651	673	438	563	436	397	769	544	459	770
821000	702	440	626	352	535	406	655	626	443	698	821000	699	720	520	523	425	429	802	621	609	759
822000	766	508	661	423	586	409	634	617	439	645	822000	775	707	487	639	455	427	765	599	596	733
823000	733	513	601	381	564	395	664	603	396	621	823000	694	713	528	577	449	418	812	625	499	703
824000	734	484	666	437	543	393	714	647	384	663	824000	689	774	492	596	513	447	808	546	530	721
825000	749	438	626	444	615	362	707	677	410	689	825000	717	796	536	654	547	492	724	566	535	760
826000	748	457	722	432	531	385	733	659	434	636	826000	677	741	525	695	535	434	801	531	576	693
827000	690	498	681	434	597	411	662	657	422	577	827000	603	728	496	640	534	398	782	556	529	627
828000	776	466	717	413	522	386	657	630	419	673	828000	695	703	498	719	476	361	769	677	563	658
829000	727	428	774	445	483	389	560	678	398	678	829000	763	742	573	686	467	391	667	615	541	678
830000	773	422	647	406	526	398	697	609	398	675	830000	734	729	488	616	453	417	821	488	490	719
831000	722	423	706	410	617	469	701	675	338	661	831000	665	805	539	634	516	463	799	628	464	687
832000	660	412	641	374	562	401	708	630	336	751	832000	650	727	493	648	524	386	791	568	552	801
833000	637	482	680	449	706	439	648	685	386	702	833000	626	793	533	677	578	375	863	593	520	752
834000	740	418	656	424	603	408	664	732	398	693	834000	634	722	570	660	456	411	835	561	531	697
835000	621	381	660	408	615	434	690	716	334	664	835000	563	660	550	617	525	391	809	567	496	752
836000	641	374	582	388	540	369	756	670	331	634	836000	677	671	523	644	452	332	820	610	529	675
837000	699	377	683	397	591	387	699	661	286	632	837000	701	614	585	667	468	385	786	606	376	722
838000	692	385	648	445	632	456	722	637	324	703	838000	636	665	553	682	464	381	764	543	487	709
839000	730	401	581	444	593	491	703	747	371	720	839000	805	637	660	675	447	339	832	591	512	683
840000	724	433	673	442	608	434	701	642	408	697	840000	750	693	634	629	542	351	753	627	600	733
841000	775	416	620	421	692	463	725	690	396	701	841000	716	667	548	621	544	405	819	578	544	769
842000	734	375	597	467	677	391	657	717	404	771	842000	748	682	542	684	487	280	788	619	521	739
843000	676	420	603	420	735	360	638	766	406	641	843000	652	691	537	699	618	324	666	620	512	694
844000	637	374	590	445	704	431	606	665	412	840	844000	650	694	581	671	571	396	705	602	529	796
845000	626	399	611	525	675	405	682	709	406	751	845000	716	712	593	683	568	354	827	576	541	720
846000	735	425	590	443	694	401	653	686	401	659	846000	807	632	565	617	610	365	806	540	573	634
847000	657	411	625	461	625	415	739	702	413	656	847000	708	671	573	643	591	392	826	581	614	703
848000	684	440	647	460	622	376	734	599	439	646	848000	717	593	588	687	521	358	864	571	590	623
849000	775	431	700	443	566	406	659	631	314	608	849000	811	623	593	663	533	374	756	646	482	625
850000	718	453	649	452	633	446	612	599	354	685	850000	752	677	610	638	596	411	666	585	515	675
851000	670	445	622	430	651	427	675	692	414	648	851000	780	713	538	663	632	386	786	653	578	646
852000	664	453	553	442	647	463	625	754	434	642	852000	674	704	483	643	595	420	822	695	581	680
853000	751	482	517	364	658	464	579	636	406	608	853000	770	651	501	574	584	397	820	638	562	644
854000	665	477	594	392	712	518	665	712	396	619	854000	661	667	563	650	572	409	752	667	540	695
855000	673	469	645	485	643	503	646	733	403	637	855000	743	571	542	699	604	382	736	709	556	625
856000	704	513	565	380	515	483	618	671	413	665	856000	685	746	487	656	514	338	734	700	578	686
857000	763	456	566	450	605	506	552	719	382	740	857000	748	744	464	736	608	389	742	635	557	707
858000	704	517	585	391	670	569	595	722	374	595	858000	765	747	508	653	608	418	816	651	538	697
859000	700	453	669	432	705	538	703	723	379	738	859000	741	706	543	693	596	460	841	632	563	789
860000	611	452	566	443	629	611	722	774	398	720	860000	671	722	542	682	570	355	783	750	503	779
861000	770	401	680	366	669	514	677	721	407	596	861000	761	659	531	685	606	425	786	695	630	608
862000	680	474	605	390	559	482	721	750	391	615	862000	774	645	549	675	578	412	811	720	614	617
863000	604	529	515	369	688	489	687	606	441	634	863000	724	615	463	715	588	391	790	664	616	651
864000	656	579	542	366	617	436	617	697	458	683	864000	770	709	469	623	497	345	780	643	644	672
865000	708	461	619	421	693	447	699	627	478	725	865000	802	596	561	665	610	380	894	599	640	753
866000	702	522	605	362	673	479	730	597	511	794	866000	741	642	562	611	629	368	932	672	700	780
867000	664	469	702	374	651	513	623	683	445	760	867000	708	562	601	615	650	342	801	714	632	759
868000	673	459	692	289	689	487	664	598	465	711	868000	786	566	631	527	545	363	853	579	598	757
869000	657	493	668	289	566	527	695	664	569	662	869000	701	600	589	602	542	469	825	584	650	728
870000	703	431	613	312	623	531	724	629	483	728	870000	763	602	586	702	559	416	785	553	657	747
871000	673	499	700	371	669	528	668	677	522	759	871000	657	649	645	703	536	443	805	623	603	758
872000	757	505	772	324	568	512	673	635	475	775	872000	747	648	630	652	480	482	790	601	571	819
873000	655	535	677	357	589	488	656	620	469	739	873000	761	638	578	771	457	474	834	664	547	743
874000	644	513	590	355	569	481	650	706	462	775	874000	715	687	537	675	526	437	766	761	590	818
875000	628	452	656	362	538	510	668	714	548	745	875000	642	701	574	743	452	420	800	709	704	768
876000	765	481	693	357	614	559	676	670	503	696	876000	791	690	600	819	502	467	815	685	730	764
877000	725	462	631	307	663	512	745	655	473	729	877000	768	709	551	736	573	423	825	651	622	656
878000	667	548	581	335	684	503	709	631	492	724	878000	702	685	505	655	609	412	845	638	522	722
879000	635	489	603	389	649	449	689	754	496	646	879000	728	699	575	666	521	340	832	709	629	701
880000	626	481	665	351	640	477	724	686	516	711	880000	643	573	607	603	542	363	850	674	626	707
881000	736	506	686	330	529	470	727	704	448	727	881000	775	568	542	674	488	311	829	692	605	781
882000	735	411	696	357	603	463	726	794	463	668	882000	705	499	620	786	614	361	903	677	703	791
883000	676	466	647	317	596	509	621	764	498	728	883000	786	708	598	704	540	338	721	841	644	751
884000	636	558	688	330	677	458	580	765	510	668	884000	684	710	656	711	557	346	733	772	649	713
885000	633	599	708	317	748	497	679	807	480	659	885000	729	745	643	680	605	415	816	810	678	636
886000	616	501	701	269	652	520	642	735	481	648	886000	730	625	634	642	533	428	735	751	656	717
887000	704	552	622	267	713	529	634	784	473	669	887000	792	694	560	702	527	418	832	817	644	745
888000	701	528	663	299	663	381	729	783	444	747	888000	763	648	570	615	566	359	858	707	595	788
889000	690	628	642	260	617	487	802	783	467	708	889000	757	679	522	784	470	387	835	757	638	734
890000	724	531	621	240	649	473	782	776	495	637	890000	739	565	540	666	495	434	838	691	597	710
891000	615	515	613	306	610	485	749	675	477	628	891000	775	655	494	681	499	421	815	654	600	630
892000	655	541	693	275	583	520	746	631	576	627	892000	713	622	527	660	506	398	724	580	647	692
893000	617	578	650	256	613	565	775	788	504	690	893000	656	609	540	638	549	492	778	721	509	692
894000	615	496	678	229	578	489	768	708	415	768	894000	660	622	571	624	502	405	878	682	611	744
895000	610	519	618	270	592	554	730	643	463	750	895000	649	641	527	610	605	469	735	699	618	749
896000	614	476	732	320	634	524	765	659	423	708	896000	649	581	670	701	588	429	789	721	595	759
897000	754	477	713	341	604	569	795	630	349	647	897000	729	588	539	683	602	476	763	664	510	741
898000	630	555	719	328	654	527	721	675	383	704	898000	664	645	594	638	613	443	741	716	525	778
899000	616	567	721	287	611	573	759	726	427	673	899000	603	674	619	586	622	497	816	794	518	742
900000	584	601	663	253	569	539	758	684	415	739	900000	725	652	647	617	521	468	786	642	590	819
901000	613	542	572	261	548	490	722	673	501	715	901000	627	728	636	702	486	439	744	645	587	700
902000	672	532	625	284	657	517	764	632	489	772	902000	623	609	580	553	550	463	717	598	579	804
903000	742	581	604	279	641	555	822	622	488	705	903000	726	672	514	738	540	486	745	612	624	724
904000	710	515	706	296	725	488	742	661	463	665	904000	578	616	683	718	541	478	766	651	584	691
905000	737	434	759	265	688	478	744	592	502	787	905000	649	576	649	701	569	414	797	572	639	740
906000	655	526	673	258	686	479	722	640	466	704	906000	644	572	627	712	553	447	810	567	599	675
907000	700	474	702	289	718	543	790	640	459	704	907000	708	580	566	779	520	459	805	615	560	677
908000	736	526	694	261	663	589	702	585	523	722	908000	746	656	622	764	559	487	776	594	580	751
909000	723	542	805	247	704	597	771	607	471	681	909000	683	673	598	630	580	479	824	614	524	723
910000	706	568	712	254	630	532	708	684	507	613	910000	740	612	609	616	511	421	861	635	557	707
911000	617	457	731	316	620	548	751	711	557	755	911000	656	659	674	720	597	458	735	709	649	776
912000	674	496	751	292	675	518	643	717	618	696	912000	650	660	680	746	640	425	662	656	616	766
913000	728	521	736	246	642	580	709	698	565	845	913000	647	734	599	682	626	499	791	732	638	822
914000	723	528	708	293	665	525	757	734	520	694	914000	715	644	605	678	619	407	771	681	672	695
915000	761	536	628	295	673	534	628	699	560	692	915000	773	668	558	719	603	357	665	656	643	770
916000	739	495	634	318	662	461	699	707	483	658	916000	675	687	591	701	602	343	734	639	564	674
917000	777	519	673	323	619	514	721	667	572	687	917000	778	673	625	727	581	410	714	704	635	729
918000	750	489	622	300	614	498	726	722	508	718	918000	765	614	694	681	602	417	732	664	675	749
919000	681	480	654	277	560	507	768	637	561	774	919000	729	676	631	690	521	429	812	592	691	717
920000	759	540	651	321	557	467	670	605	594	663	920000	762	693	671	699	480	362	722	607	746	646
921000	737	491	724	353	589	485	765	706	558	602	921000	734	687	647	679	540	412	848	643	698	597
922000	696	526	687	365	620	536	747	734	493	680	922000	766	731	646	670	504	426	816	727	722	733
923000	774	498	685	319	535	560	807	625	521	638	923000	790	667	680	619	496	372	840	663	650	696
924000	679	511	711	365	536	518	743	679	493	614	924000	704	677	674	738	472	411	755	709	632	623
925000	685	451	671	324	524	548	771	677	549	670	925000	737	622	651	659	545	364	801	642	736	707
926000	708	462	606	270	543	503	720	743	566	729	926000	780	666	580	632	561	384	749	775	717	669
927000	717	460	694	327	678	530	798	695	572	680	927000	749	640	610	667	560	408	756	757	645	728
928000	654	498	627	277	680	603	751	691	579	701	928000	640	734	604	704	538	450	698	731	726	829
929000	633	458	658	366	563	552	826	656	584	686	929000	700	645	623	736	484	392	773	639	673	793
930000	698	443	632	333	654	484	798	549	465	700	930000	761	568	623	714	562	352	817	511	545	687
931000	578	491	623	354	580	501	804	678	500	705	931000	597	664	584	727	539	354	717	673	540	696
932000	767	501	607	299	619	496	704	674	536	652	932000	735	697	598	643	625	389	720	701	591	805
933000	684	489	727	364	685	488	818	730	558	712	933000	686	660	610	717	546	420	749	732	596	705
934000	679	428	677	328	633	545	803	787	496	667	934000	729	592	676	760	565	342	758	799	625	671
935000	621	430	644	248	642	459	830	642	459	651	935000	763	624	623	736	602	353	716	637	583	691
936000	750	526	704	278	620	437	812	623	507	719	936000	845	636	627	714	512	375	726	594	537	719
937000	659	536	715	291	644	432	745	678	461	665	937000	720	721	618	713	522	422	718	699	461	763
938000	689	503	782	251	657	494	747	634	532	677	938000	767	642	650	615	540	428	797	692	526	788
939000	650	527	666	271	625	481	623	651	507	662	939000	640	733	606	612	540	395	650	704	663	615
940000	668	505	683	296	593	568	732	800	568	684	940000	687	654	605	656	520	414	732	788	600	703
941000	735	539	669	327	521	555	746	774	540	716	941000	748	715	638	660	545	399	728	761	692	672
942000	794	511	649	324	514	525	729	692	534	711	942000	849	664	655	748	458	425	694	784	600	692
943000	829	518	629	255	505	519	766	590	454	674	943000	844	575	602	664	488	474	753	685	470	700
944000	843	568	720	294	429	572	834	752	498	664	944000	867	599	676	709	453	392	770	709	613	709
945000	816	603	626	306	489	524	796	637	516	663	945000	845	636	656	750	443	371	671	661	611	660
946000	653	589	601	336	527	587	796	725	520	724	946000	730	614	612	693	457	424	737	760	514	644
947000	750	652	663	331	626	574	798	689	463	747	947000	746	651	635	686	555	465	811	652	471	696
948000	786	566	616	297	617	551	784	721	498	708	948000	755	637	654	632	538	416	806	725	442	677
949000	759	608	659	337	696	514	775	668	506	775	949000	755	680	662	656	606	358	723	687	598	771
950000	692	553	676	348	524	535	797	514	488	705	950000	755	652	689	775	546	432	801	517	532	687
951000	758	590	608	335	571	522	752	589	522	671	951000	786	709	557	739	556	401	778	678	574	634
952000	829	616	715	319	555	480	770	622	476	704	952000	829	620	643	767	576	393	791	643	634	659
953000	840	654	673	280	709	559	758	639	515	657	953000	789	634	638	785	601	429	781	680	635	684
954000	707	618	681	294	677	522	756	619	470	742	954000	732	700	663	753	619	380	747	619	548	697
955000	763	661	651	294	676	561	726	640	575	732	955000	749	740	657	753	655	364	795	694	650	708
956000	730	538	694	319	575	540	756	642	547	717	956000	728	737	639	753	589	342	776	596	632	704
957000	597	596	660	321	566	576	709	645	485	628	957000	629	701	650	817	580	405	825	560	519	662
958000	696	543	724	336	603	606	760	638	457	702	958000	697	729	665	747	655	416	789	696	619	681
959000	657	589	656	347	555	637	824	636	525	672	959000	704	712	611	745	611	428	753	605	639	685
960000	592	651	629	307	630	641	849	603	503	725	960000	616	754	624	809	585	410	775	666	612	810
961000	687	604	681	247	626	649	753	618	421	755	961000	742	688	659	672	529	450	737	593	703	736
962000	663	665	749	306	674	633	784	640	473	699	962000	646	775	641	751	552	371	755	702	671	759
963000	737	566	684	270	603	526	701	624	482	649	963000	773	707	682	815	551	298	678	623	652	707
964000	591	680	730	282	571	577	814	684	513	610	964000	694	750	660	766	592	350	826	639	676	621
965000	776	564	678	220	596	575	726	594	459	714	965000	788	640	677	676	608	347	816	636	622	761
966000	703	558	669	262	628	555	747	658	530	694	966000	815	739	653	686	589	345	837	548	721	733
967000	670	633	711	281	632	603	802	652	507	693	967000	701	723	660	675	561	337	841	646	681	718
968000	848	553	735	286	610	529	648	597	475	645	968000	867	759	720	711	604	343	689	552	658	662
969000	660	507	695	295	666	579	801	606	484	652	969000	762	751	655	726	569	356	839	574	644	679
970000	671	476	732	331	667	542	887	548	508	680	970000	705	677	662	775	621	392	805	540	692	721
971000	719	540	682	297	653	663	831	684	488	741	971000	657	757	663	723	655	398	841	627	655	764
972000	659	523	679	336	747	649	724	674	532	633	972000	673	728	610	844	663	427	793	703	701	648
973000	740	572	708	333	631	612	767	663	496	620	973000	707	757	619	766	632	413	811	630	619	653
974000	781	533	757	279	669	555	780	708	437	708	974000	751	786	663	793	653	366	790	717	637	755
975000	765	505	780	337	621	579	806	684	448	737	975000	777	819	700	744	666	393	810	684	534	851
976000	649	531	727	347	570	569	789	594	426	686	976000	685	866	665	828	586	468	821	609	691	691
977000	684	483	713	298	686	602	798	543	488	675	977000	714	730	695	666	526	424	821	610	692	641
978000	635	528	722	292	590	550	777	622	513	649	978000	609	802	624	745	553	471	807	580	662	657
979000	667	549	747	288	593	571	757	696	470	648	979000	731	806	671	715	514	431	713	749	676	737
980000	702	497	683	355	676	468	815	729	426	585	980000	719	743	645	721	577	420	869	695	599	697
981000	625	541	694	302	696	556	766	689	488	728	981000	660	835	637	650	582	352	808	668	657	792
982000	743	532	665	334	659	600	718	632	485	711	982000	693	780	644	814	589	405	803	589	677	697
983000	724	536	693	297	647	569	822	631	524	707	983000	760	765	622	769	540	348	803	519	697	748
984000	798	552	687	298	648	552	734	637	515	704	984000	825	751	599	777	602	334	694	588	729	797
985000	711	565	635	285	627	523	803	517	478	698	985000	762	867	642	721	559	374	818	568	695	806
986000	706	505	668	342	626	540	751	623	485	744	986000	788	825	588	799	608	370	812	639	649	821
987000	783	620	807	279	596	498	719	667	431	742	987000	801	776	739	698	615	389	830	729	689	760
988000	749	658	773	248	650	591	796	689	440	661	988000	756	814	643	726	557	401	775	718	651	749
989000	617	578	806	346	670	577	833	659	427	743	989000	684	754	760	766	531	389	730	747	647	680
990000	620	537	690	344	639	539	732	650	394	703	990000	674	755	637	766	651	447	724	696	735	742
991000	707	544	718	323	654	532	778	634	435	650	991000	733	766	611	755	662	421	759	577	748	739
992000	688	531	704	330	743	567	793	609	407	723	992000	769	772	680	801	664	452	772	587	660	772
993000	663	467	670	272	728	498	786	613	399	674	993000	753	743	708	672	650	400	756	618	688	808
994000	607	567	657	264	602	521	773	605	368	699	994000	619	787	641	714	574	386	739	580	644	681
995000	709	565	689	253	574	631	846	585	351	708	995000	674	831	656	785	501	381	805	589	684	765
996000	607	534	690	306	641	613	874	509	373	727	996000	710	818	689	803	613	406	831	563	714	781
997000	646	496	657	282	666	571	818	584	398	697	997000	721	806	680	718	630	334	838	589	720	791
998000	777	476	728	277	540	560	715	646	394	714	998000	759	818	688	710	546	361	822	592	755	753
999000	769	520	724	380	483	564	710	488	374	645	999000	701	819	679	825	546	320	833	478	756	765
1000000	1	1	0	0	1	2	0	0	0	1	1000000	0	0	0	3	2	0	0	0	0	0
