0	12	10	9	5	8	10	6	21	10	14
1000	2	4	4	10	3	3	6	6	1	4
2000	10	6	4	5	9	6	4	7	7	8
3000	9	6	7	0	9	2	5	21	8	1
4000	3	9	2	2	2	24	0	11	4	1
5000	2	7	9	2	1	8	1	13	2	2
6000	1	11	8	3	0	9	1	14	1	2
7000	1	8	7	2	1	0	0	21	2	4
8000	2	3	17	4	3	2	0	18	4	11
9000	4	5	10	14	0	2	0	28	0	0
10000	6	20	15	31	2	21	0	26	7	2
11000	5	44	24	27	1	29	4	27	7	2
12000	3	39	18	15	3	35	3	25	16	3
13000	1	32	20	6	0	35	7	24	11	0
14000	10	30	18	23	0	13	12	13	9	0
15000	6	35	17	51	2	11	3	30	12	1
16000	0	30	10	22	0	16	0	24	15	0
17000	5	29	35	6	6	12	2	22	6	0
18000	8	41	20	20	5	19	3	22	20	0
19000	6	43	7	10	2	20	8	31	18	0
20000	6	40	26	6	7	29	3	53	13	1
21000	10	27	38	6	5	52	5	90	4	2
22000	7	31	34	10	1	38	9	24	22	0
23000	1	24	30	4	2	40	6	79	17	1
24000	5	21	26	14	4	51	1	43	15	1
25000	2	52	17	25	0	50	3	28	9	0
26000	0	85	8	25	0	40	1	25	17	0
27000	2	95	13	26	0	39	10	25	26	1
28000	0	95	22	18	0	50	10	22	12	0
29000	3	51	11	5	0	89	5	37	29	0
30000	10	68	5	14	0	71	7	11	29	0
31000	17	33	3	12	0	74	9	63	8	1
32000	2	49	7	14	1	53	8	50	38	0
33000	16	53	7	1	0	58	4	98	54	0
34000	9	101	5	13	1	35	10	67	52	0
35000	6	80	11	15	0	35	14	48	51	0
36000	5	116	4	14	0	38	25	89	53	3
37000	5	119	11	3	0	61	10	65	43	0
38000	10	142	11	2	0	60	2	30	74	2
39000	8	91	14	7	0	59	2	60	25	2
40000	3	114	9	9	0	61	7	67	66	6
41000	10	130	24	12	0	41	12	66	56	1
42000	4	49	17	1	1	44	4	57	52	1
43000	5	76	6	9	1	38	7	61	104	3
44000	4	48	25	25	1	37	7	59	102	0
45000	5	154	19	21	0	30	3	99	103	1
46000	3	143	11	17	1	32	2	47	100	2
47000	0	143	5	18	0	15	6	84	166	1
48000	2	104	15	16	0	50	1	72	167	0
49000	8	121	8	3	5	64	4	100	144	0
50000	6	151	24	15	1	61	1	67	168	1
51000	10	132	21	13	1	45	2	41	199	2
52000	14	145	10	2	0	51	2	55	239	1
53000	24	156	11	10	1	35	1	60	224	0
54000	19	147	6	17	0	36	0	46	251	0
55000	19	179	15	17	0	60	0	109	176	3
56000	19	174	21	0	1	75	0	78	136	0
57000	15	161	5	9	0	72	5	78	136	0
58000	18	169	3	7	0	37	6	78	119	1
59000	42	125	4	5	0	45	2	60	159	1
60000	17	173	5	14	0	36	1	44	141	0
61000	13	194	12	30	0	26	3	69	178	0
62000	28	181	12	5	1	58	17	33	177	2
63000	14	160	5	7	0	22	9	38	182	2
64000	14	120	3	13	1	49	3	34	191	1
65000	17	146	6	10	0	74	0	80	217	1
66000	12	123	12	0	0	74	1	76	224	1
67000	41	113	10	4	1	54	18	64	286	0
68000	21	113	23	1	0	22	17	44	255	0
69000	9	174	7	10	0	33	12	47	217	0
70000	15	200	26	8	2	27	14	67	212	0
71000	9	185	13	6	1	67	32	69	246	0
72000	10	142	41	13	2	103	19	29	209	0
73000	14	148	44	2	5	115	19	14	229	0
74000	24	166	17	15	1	74	5	28	175	0
75000	24	152	17	16	4	97	9	49	152	0
76000	11	155	14	28	1	89	16	52	167	0
77000	4	150	28	5	0	110	5	62	211	0
78000	7	146	32	11	0	116	5	37	224	0
79000	6	153	32	7	2	106	3	63	220	0
80000	30	156	25	17	0	163	7	61	236	0
81000	7	110	23	9	0	150	8	26	297	0
82000	8	115	27	1	0	155	4	41	245	0
83000	13	121	45	0	1	152	13	47	330	0
84000	6	151	72	9	0	168	26	85	259	0
85000	6	150	91	15	0	129	28	90	277	0
86000	7	141	77	69	0	128	13	75	395	0
87000	12	195	77	41	0	112	13	58	342	0
88000	7	154	122	48	0	139	24	69	301	0
89000	6	98	105	29	0	131	17	133	392	0
90000	3	159	155	19	0	147	22	87	349	0
91000	5	154	143	31	5	181	30	38	341	2
92000	6	204	92	34	0	184	18	66	279	0
93000	8	187	131	37	0	194	20	52	293	0
94000	2	182	142	29	0	158	19	29	274	3
95000	10	212	148	33	0	189	11	26	324	0
96000	9	187	140	19	8	164	13	26	351	4
97000	2	188	120	15	0	117	11	50	328	0
98000	1	194	174	8	0	160	17	100	311	1
99000	4	186	171	21	0	194	19	57	307	0
100000	4	219	137	14	0	111	24	84	364	0
101000	22	207	158	31	4	110	21	159	393	0
102000	3	154	206	27	0	87	31	111	371	0
103000	10	218	221	44	0	132	23	53	367	0
104000	3	216	202	44	0	191	38	111	361	0
105000	6	204	236	57	0	127	29	64	318	0
106000	9	199	247	35	7	141	50	92	259	1
107000	3	216	249	57	0	195	45	85	233	0
108000	6	215	214	36	1	186	62	28	234	0
109000	8	241	212	26	0	159	28	39	223	0
110000	5	252	181	69	0	155	51	57	310	0
111000	22	239	187	48	0	176	42	99	302	0
112000	17	224	204	81	2	159	46	45	292	0
113000	42	240	242	71	1	177	60	71	335	0
114000	34	237	264	62	2	117	64	96	233	1
115000	27	226	320	59	3	194	81	178	271	0
116000	4	232	305	36	5	212	54	177	233	6
117000	15	251	210	46	0	200	53	193	271	0
118000	11	263	246	24	0	205	44	140	334	1
119000	3	305	247	34	2	247	65	156	360	0
120000	7	278	255	46	0	260	51	135	316	0
121000	7	252	253	69	0	211	51	88	346	0
122000	15	259	291	84	0	165	52	183	276	2
123000	16	240	370	63	1	166	38	184	370	0
124000	3	260	325	98	2	237	40	181	312	0
125000	15	243	300	88	0	245	44	134	346	0
126000	11	279	266	59	0	285	37	115	301	0
127000	4	315	295	82	1	244	55	105	370	0
128000	19	235	258	83	0	215	46	131	320	0
129000	43	274	274	55	1	283	47	131	386	0
130000	35	263	259	82	0	229	54	104	263	0
131000	50	297	341	79	0	168	46	109	230	0
132000	49	290	271	76	0	258	59	120	250	1
133000	46	267	221	129	1	183	51	139	282	3
134000	32	264	301	103	0	249	59	159	341	5
135000	18	307	294	113	1	201	86	245	314	1
136000	34	326	312	82	0	276	59	198	316	0
137000	37	341	247	96	1	264	37	183	410	0
138000	23	409	294	81	1	276	49	232	425	0
139000	4	338	316	105	0	355	99	171	434	3
140000	5	325	312	108	2	318	100	177	390	1
141000	8	319	320	107	0	249	72	203	382	0
142000	38	276	346	153	3	286	70	148	366	0
143000	22	248	273	150	0	237	71	121	430	1
144000	38	239	264	155	0	303	89	129	462	0
145000	72	257	329	117	0	295	107	156	437	0
146000	72	262	286	88	0	294	91	201	482	0
147000	53	267	257	92	0	274	85	245	470	0
148000	55	249	339	142	0	282	84	213	442	1
149000	37	224	332	96	0	285	104	183	438	0
150000	55	307	308	97	0	310	74	179	373	0
151000	23	258	299	99	0	310	86	172	415	3
152000	30	257	335	113	0	318	100	209	368	0
153000	30	229	321	161	0	279	96	234	426	0
154000	55	219	275	147	0	320	110	255	487	0
155000	55	236	297	123	0	309	98	221	443	2
156000	20	192	379	121	4	341	87	281	391	3
157000	16	240	384	143	5	346	110	289	452	1
158000	28	241	371	147	2	329	119	314	492	1
159000	25	279	340	175	16	329	96	265	438	2
160000	14	267	338	135	12	405	70	285	401	0
161000	19	288	339	92	3	298	92	267	523	0
162000	26	319	356	135	2	289	122	296	384	0
163000	26	300	312	205	16	333	105	210	481	0
164000	39	315	391	166	20	270	139	223	475	0
165000	33	223	281	164	14	251	149	281	470	0
166000	25	248	362	142	12	257	118	296	516	0
167000	32	291	380	196	2	280	107	310	427	0
168000	45	282	394	238	4	373	100	247	436	0
169000	66	271	295	207	7	244	110	401	465	0
170000	35	255	306	204	5	266	103	339	465	2
171000	23	303	306	211	0	318	91	251	499	1
172000	28	282	397	182	4	345	99	263	418	0
173000	59	284	229	215	12	340	125	219	521	1
174000	66	254	351	171	15	399	120	239	452	1
175000	46	252	225	198	7	318	116	263	444	1
176000	80	229	229	179	3	327	108	305	449	0
177000	34	229	209	209	6	366	97	241	400	0
178000	43	299	268	214	1	317	105	258	417	0
179000	48	288	310	156	1	280	99	259	340	0
180000	49	218	277	248	2	349	106	258	444	0
181000	26	282	274	234	4	392	105	219	436	0
182000	38	298	262	227	1	369	109	289	394	0
183000	43	313	230	241	3	384	96	348	463	1
184000	76	347	349	212	0	350	84	380	425	2
185000	66	313	340	146	0	196	107	281	385	0
186000	59	305	358	219	0	288	54	278	429	0
187000	59	255	336	232	4	295	126	331	427	1
188000	59	370	278	189	12	346	115	338	431	0
189000	84	321	363	186	8	373	148	323	524	0
190000	72	239	422	136	9	408	122	298	510	0
191000	72	276	358	170	6	385	95	301	472	0
192000	119	264	385	189	5	376	124	249	425	0
193000	115	313	398	206	1	358	95	317	467	0
194000	89	346	353	246	6	400	113	323	506	0
195000	85	235	328	235	2	379	107	272	483	0
196000	76	240	311	234	4	342	107	281	535	0
197000	97	288	322	254	6	337	124	327	499	0
198000	94	355	275	190	2	410	105	285	439	0
199000	88	364	244	205	6	306	111	266	443	1
200000	79	336	333	257	7	305	112	347	493	0
201000	89	368	386	248	7	363	101	344	527	0
202000	98	346	434	318	4	289	88	300	516	0
203000	140	328	364	270	7	337	119	327	466	0
204000	92	252	342	249	2	334	119	315	496	0
205000	166	280	356	261	2	391	112	305	445	4
206000	122	331	308	288	0	344	91	312	500	0
207000	96	348	361	317	0	416	127	349	577	0
208000	109	288	357	275	4	368	130	366	547	0
209000	138	297	369	270	9	354	123	309	522	0
210000	93	334	388	186	7	431	112	295	537	5
211000	106	354	360	201	12	368	118	180	461	4
212000	81	438	357	258	2	382	108	221	578	3
213000	47	316	365	196	5	465	113	305	514	3
214000	61	337	385	275	4	459	147	271	543	3
215000	79	387	285	219	2	492	149	313	512	7
216000	77	315	331	244	4	479	175	254	553	0
217000	80	360	302	299	5	438	113	306	562	1
218000	94	384	337	310	6	449	132	354	535	0
219000	91	365	349	322	3	479	124	355	583	1
220000	107	400	351	276	3	450	130	358	501	4
221000	140	392	324	204	1	463	122	447	519	0
222000	179	352	341	243	6	504	164	412	517	0
223000	164	290	349	302	4	429	140	383	411	4
224000	154	273	333	345	5	501	148	372	488	0
225000	159	315	335	335	5	465	107	320	493	0
226000	143	279	385	274	3	452	149	272	576	0
227000	127	338	314	215	4	435	186	325	595	0
228000	166	330	335	278	3	441	165	374	493	0
229000	191	332	279	292	3	519	170	356	526	6
230000	194	326	331	292	3	460	168	377	426	5
231000	199	350	366	339	5	444	132	399	399	0
232000	187	382	329	322	6	517	152	366	521	7
233000	183	338	375	307	20	517	121	320	542	10
234000	223	324	413	351	8	469	116	245	488	3
235000	133	311	460	327	11	417	135	193	556	3
236000	152	295	409	299	14	434	202	210	494	5
237000	175	312	301	350	13	484	157	315	473	0
238000	239	280	306	320	12	446	207	317	479	6
239000	213	348	292	293	7	463	159	309	513	4
240000	238	309	356	295	12	442	161	372	498	4
241000	249	337	338	393	11	502	188	326	506	7
242000	228	333	378	354	9	503	200	281	554	18
243000	265	330	325	368	18	431	169	340	426	6
244000	204	382	380	315	7	405	212	311	464	6
245000	216	364	338	273	6	401	222	311	532	8
246000	216	354	328	299	27	338	222	344	551	17
247000	247	356	343	400	23	466	219	350	468	11
248000	271	376	366	385	20	360	217	342	490	11
249000	212	340	400	341	26	375	187	375	540	19
250000	227	307	428	385	22	376	203	418	453	16
251000	281	300	369	404	25	332	196	532	496	14
252000	236	358	361	321	35	325	229	462	434	27
253000	246	361	400	408	52	418	246	401	516	13
254000	185	395	414	406	57	354	191	396	552	15
255000	213	423	304	399	37	450	218	386	548	6
256000	238	483	343	361	30	410	227	420	566	1
257000	255	435	332	338	35	498	279	431	599	10
258000	281	409	445	379	29	510	298	409	474	6
259000	277	453	371	350	32	542	287	342	510	1
260000	262	338	284	361	43	451	254	283	570	9
261000	313	496	346	345	47	404	294	309	470	8
262000	273	539	320	310	43	457	378	393	526	7
263000	287	498	344	445	38	312	351	461	472	19
264000	309	466	353	422	68	404	348	466	483	32
265000	268	432	427	435	60	517	345	302	481	24
266000	251	490	350	372	62	485	368	317	466	20
267000	193	516	337	393	42	484	310	342	434	11
268000	235	413	326	451	69	473	289	535	401	23
269000	237	437	344	355	74	482	338	550	467	36
270000	182	419	346	421	69	464	271	352	474	51
271000	263	393	327	419	67	434	286	450	452	47
272000	233	485	341	388	64	389	288	417	451	66
273000	238	505	308	428	74	378	308	388	579	66
274000	268	432	285	357	77	490	285	434	472	91
275000	196	422	277	377	60	453	244	392	365	121
276000	193	319	274	361	63	408	306	390	521	113
277000	196	386	303	382	72	497	272	378	507	106
278000	194	490	363	476	64	492	299	355	458	120
279000	195	408	374	333	72	455	354	353	372	127
280000	193	451	373	360	51	474	310	344	418	133
281000	244	452	421	388	60	411	356	371	416	119
282000	186	522	357	354	29	312	357	422	398	123
283000	241	506	341	328	55	454	333	360	396	153
284000	275	527	341	305	49	435	328	274	417	111
285000	323	488	369	327	43	486	314	344	397	130
286000	270	474	376	326	72	468	293	280	436	162
287000	246	445	363	410	80	468	323	326	495	115
288000	248	495	348	404	74	451	301	310	453	112
289000	230	463	373	352	97	445	245	444	491	150
290000	251	425	369	375	98	371	266	411	476	119
291000	210	461	385	312	94	423	320	286	520	161
292000	231	488	403	370	84	412	352	331	435	167
293000	271	467	369	361	84	461	338	306	363	183
294000	215	361	364	389	78	401	351	381	447	174
295000	269	450	284	391	82	433	417	414	535	151
296000	264	422	318	391	109	369	366	350	502	152
297000	244	394	357	388	115	353	365	435	443	145
298000	265	460	340	347	104	435	324	417	484	187
299000	223	557	341	331	92	488	391	440	605	172
300000	239	489	348	360	94	472	385	453	588	118
301000	143	516	369	387	86	447	335	465	526	118
302000	173	459	320	378	111	448	407	452	609	160
303000	220	502	349	293	104	533	380	465	572	141
304000	229	472	342	284	105	486	387	475	545	128
305000	272	444	343	319	77	428	363	432	589	168
306000	255	405	388	301	108	363	391	489	634	216
307000	223	426	308	308	137	393	384	474	662	207
308000	192	455	288	337	120	414	324	329	597	164
309000	228	452	279	355	155	474	446	375	528	200
310000	239	468	354	360	108	470	388	398	557	158
311000	218	499	347	350	138	434	356	434	516	175
312000	228	493	338	366	113	472	330	404	615	187
313000	281	541	413	362	119	529	382	497	553	184
314000	255	428	393	406	119	506	460	346	539	192
315000	235	499	352	342	138	519	303	379	596	198
316000	294	569	332	360	119	516	335	455	515	203
317000	328	530	350	347	141	480	309	485	504	196
318000	330	479	384	316	133	489	350	476	524	195
319000	415	437	400	353	105	469	357	481	555	244
320000	338	439	394	373	128	500	415	348	549	180
321000	397	471	362	340	155	428	439	445	516	207
322000	415	437	406	378	183	468	392	401	537	179
323000	358	398	391	446	158	451	336	472	502	171
324000	376	349	405	362	161	528	337	523	603	216
325000	412	372	408	359	167	450	412	404	603	170
326000	344	376	420	368	121	484	314	450	557	187
327000	340	410	318	400	143	426	337	494	593	161
328000	345	423	370	378	123	429	273	457	577	200
329000	365	457	396	401	137	414	358	418	568	231
330000	260	462	409	369	142	489	298	434	565	208
331000	220	438	354	373	147	579	303	338	592	240
332000	340	468	371	408	166	468	329	408	555	221
333000	365	450	386	420	224	526	327	447	580	166
334000	399	453	377	413	239	549	323	547	636	182
335000	425	437	386	327	169	478	385	484	565	204
336000	392	448	459	421	218	483	295	493	530	184
337000	388	512	445	460	168	510	395	547	518	169
338000	358	490	398	444	161	478	476	449	585	152
339000	408	475	409	356	150	456	322	496	510	177
340000	450	443	346	310	158	480	403	464	473	145
341000	418	470	443	345	126	556	365	519	454	107
342000	378	469	389	340	136	496	368	446	467	156
343000	366	428	427	382	147	452	356	574	557	162
344000	451	473	335	407	125	491	434	457	510	207
345000	383	452	457	352	106	421	371	589	503	176
346000	391	422	378	295	113	439	345	551	382	159
347000	396	434	482	353	143	468	415	592	415	162
348000	335	445	470	355	166	443	419	562	481	148
349000	311	442	427	343	144	498	429	472	549	184
350000	316	423	381	390	138	534	319	470	524	136
351000	340	391	395	352	225	473	384	570	536	141
352000	344	424	352	341	163	544	341	496	622	158
353000	435	397	410	278	193	479	321	508	584	157
354000	368	435	443	363	150	450	328	513	512	132
355000	436	410	454	357	176	493	330	575	518	156
356000	494	432	401	319	169	459	392	418	545	190
357000	361	481	413	330	198	361	463	551	522	165
358000	512	362	408	374	158	397	404	468	548	153
359000	580	392	460	398	165	473	417	482	546	205
360000	406	435	460	320	170	624	345	511	511	192
361000	335	455	489	265	158	573	374	472	539	205
362000	428	470	406	233	160	576	433	415	468	197
363000	480	456	475	232	132	485	426	451	478	169
364000	582	428	440	308	164	552	440	547	414	177
365000	493	375	482	320	212	549	561	449	529	174
366000	409	483	428	295	211	514	484	488	522	195
367000	439	410	437	255	186	542	411	531	498	255
368000	475	477	409	245	152	556	402	493	473	193
369000	445	498	366	261	142	585	466	526	491	206
370000	513	539	446	290	133	505	416	591	475	225
371000	471	553	411	272	180	496	342	557	533	191
372000	500	557	392	254	200	523	432	523	435	224
373000	562	426	397	294	184	528	397	529	473	204
374000	578	460	444	305	206	563	404	559	430	229
375000	450	425	386	297	261	524	361	457	467	214
376000	397	457	420	345	273	562	430	509	403	222
377000	462	457	398	376	193	581	422	532	529	200
378000	427	539	493	319	187	505	417	519	433	161
379000	482	497	410	356	224	495	344	475	524	224
380000	427	564	470	332	175	559	372	467	511	260
381000	424	525	417	309	200	503	450	524	493	218
382000	442	526	466	276	262	431	508	445	528	181
383000	409	443	427	338	239	398	467	537	515	225
384000	364	509	416	287	211	342	473	449	499	250
385000	431	552	421	314	195	355	411	604	583	198
386000	417	403	472	304	166	402	433	517	505	157
387000	383	453	422	251	199	444	351	458	595	205
388000	374	458	457	262	197	422	369	493	587	199
389000	445	526	366	254	195	467	373	543	522	185
390000	391	515	473	263	208	443	469	601	635	249
391000	434	552	455	288	199	507	512	556	506	214
392000	501	490	497	290	256	428	394	591	520	255
393000	459	536	415	381	210	463	506	579	565	255
394000	476	535	392	312	184	508	464	452	615	235
395000	616	531	457	329	229	450	487	570	578	222
396000	578	509	480	306	227	460	409	606	568	265
397000	513	511	500	233	244	504	497	620	580	193
398000	486	538	519	298	232	500	478	655	494	239
399000	549	488	514	325	214	515	424	679	508	242
400000	593	474	453	277	227	488	496	595	472	235
401000	509	543	471	317	233	529	500	589	510	221
402000	544	559	487	371	239	530	458	549	478	280
403000	540	629	518	315	187	510	436	597	547	258
404000	469	562	500	306	221	452	394	656	547	235
405000	504	555	476	355	230	496	463	605	485	294
406000	580	554	451	325	168	556	431	607	462	302
407000	551	518	529	374	178	539	419	653	550	275
408000	539	550	509	352	167	534	405	683	508	244
409000	610	566	545	337	229	519	405	592	528	261
410000	517	612	502	299	199	502	426	613	583	255
411000	579	653	481	296	203	530	422	591	531	264
412000	568	562	493	355	164	595	537	665	543	237
413000	512	514	514	323	171	444	500	642	476	227
414000	578	477	483	303	207	508	487	584	513	220
415000	525	526	486	354	225	498	505	526	459	254
416000	534	562	453	320	253	562	485	656	433	279
417000	511	565	395	329	237	627	457	653	453	314
418000	465	630	448	344	216	567	373	577	544	287
419000	422	527	499	293	239	566	523	595	478	279
420000	461	565	495	331	274	555	505	524	497	239
421000	402	625	566	305	170	544	490	575	481	258
422000	489	556	505	303	226	516	427	612	473	201
423000	542	525	511	285	201	576	455	642	488	186
424000	534	583	490	327	202	517	509	680	465	222
425000	496	571	557	343	218	537	528	578	510	241
426000	488	573	563	314	233	482	460	621	489	261
427000	502	523	479	359	295	481	483	559	465	292
428000	475	555	472	288	266	466	441	641	418	313
429000	530	605	505	255	233	438	470	608	473	269
430000	603	580	485	337	267	525	511	660	467	279
431000	556	573	557	339	302	521	529	718	495	323
432000	572	559	521	335	231	508	533	592	532	283
433000	560	545	490	311	238	507	581	678	392	325
434000	539	515	389	305	291	573	497	573	453	365
435000	612	548	500	295	296	528	477	576	513	317
436000	527	604	505	301	284	627	556	697	463	350
437000	534	584	504	394	298	574	473	665	558	334
438000	498	668	478	392	279	501	592	723	522	310
439000	449	611	506	352	279	544	570	739	519	311
440000	458	595	546	310	271	537	586	701	596	293
441000	505	523	547	309	227	552	653	678	554	285
442000	479	518	491	363	229	599	604	591	568	304
443000	485	551	584	331	270	561	557	691	559	288
444000	500	478	540	326	260	552	570	671	531	326
445000	522	548	491	325	241	540	609	604	468	293
446000	523	504	508	373	260	580	683	598	529	244
447000	472	342	475	376	311	601	600	629	511	225
448000	492	507	498	411	247	591	626	565	405	243
449000	447	542	478	368	284	709	631	564	431	275
450000	375	560	464	373	325	688	605	529	508	296
451000	422	494	566	422	304	676	609	505	422	279
452000	438	472	484	397	272	608	541	539	481	334
453000	399	558	478	384	344	642	497	500	530	253
454000	436	518	514	358	327	632	553	591	446	263
455000	481	549	520	380	387	576	586	590	482	323
456000	437	492	552	453	355	551	565	702	428	318
457000	556	518	557	392	360	571	610	621	516	284
458000	557	508	554	461	364	516	654	618	475	353
459000	475	510	526	380	367	686	598	673	542	343
460000	565	503	476	322	292	625	598	605	522	328
461000	570	508	448	376	392	650	636	597	465	394
462000	496	474	522	383	379	539	632	565	544	374
463000	666	502	541	388	405	612	670	606	521	334
464000	592	487	499	408	432	550	682	558	517	283
465000	580	479	509	350	441	470	529	698	574	316
466000	590	452	531	418	401	480	632	676	553	379
467000	517	479	454	388	337	481	645	629	556	325
468000	494	541	494	404	369	603	583	643	493	334
469000	428	489	471	381	347	540	708	578	523	400
470000	564	462	494	333	369	519	669	693	507	426
471000	511	459	509	340	388	528	612	656	546	360
472000	533	460	509	377	309	485	605	674	490	401
473000	500	452	484	365	304	579	550	761	481	455
474000	540	410	584	406	323	524	565	715	447	431
475000	488	483	469	409	338	379	716	577	527	488
476000	491	519	545	344	441	538	606	634	525	408
477000	453	450	481	383	400	550	705	629	461	378
478000	573	476	517	344	394	525	596	678	543	385
479000	546	448	519	404	399	487	648	676	523	398
480000	527	498	513	400	383	464	604	662	538	344
481000	534	449	442	348	361	655	692	594	528	402
482000	640	500	422	334	319	555	692	613	459	325
483000	569	428	449	328	368	623	648	624	453	280
484000	611	416	510	342	439	539	572	720	526	297
485000	647	434	540	382	378	530	596	560	477	372
486000	580	383	548	380	383	616	591	615	380	346
487000	566	387	589	437	315	670	616	638	478	389
488000	702	407	519	368	343	537	655	623	520	361
489000	627	425	503	426	362	611	563	674	530	346
490000	592	407	546	367	416	583	672	610	514	348
491000	516	424	620	362	385	537	700	561	480	363
492000	509	446	523	365	433	588	664	592	461	325
493000	496	416	530	389	418	600	647	618	481	334
494000	482	374	468	363	408	608	744	675	505	340
495000	574	385	439	385	409	618	739	559	468	385
496000	561	491	516	404	391	518	640	551	462	359
497000	545	507	468	433	379	671	631	624	438	455
498000	473	442	463	384	432	717	670	515	460	413
499000	369	437	500	394	507	566	714	612	487	389
500000	512	487	566	347	474	586	675	668	490	420
501000	562	434	576	389	344	690	689	664	536	373
502000	554	436	498	388	449	662	721	641	546	388
503000	615	393	538	374	460	579	696	606	563	425
504000	536	464	538	440	326	516	625	769	503	387
505000	556	442	531	389	379	593	682	681	500	395
506000	527	468	538	425	393	598	690	793	548	425
507000	510	489	548	448	420	623	744	762	544	372
508000	467	486	487	368	416	551	638	718	541	357
509000	544	405	533	432	438	595	666	632	517	397
510000	584	407	476	394	470	558	677	581	486	401
511000	525	493	515	403	465	554	721	672	448	404
512000	483	398	474	355	425	635	683	698	528	350
513000	505	403	536	382	458	586	542	666	528	357
514000	422	391	441	295	428	604	652	613	417	332
515000	379	434	487	405	479	492	720	702	437	319
516000	420	445	476	433	366	503	667	617	507	303
517000	411	454	565	447	372	487	627	553	454	334
518000	562	422	516	359	432	540	674	645	571	366
519000	707	410	566	364	319	484	726	685	505	407
520000	682	441	539	458	424	567	725	623	478	370
521000	613	472	588	374	403	565	720	681	507	326
522000	604	376	503	327	422	615	709	639	482	398
523000	604	480	519	359	542	570	626	581	509	370
524000	553	418	458	345	527	575	632	664	464	372
525000	579	482	518	433	374	561	627	681	448	330
526000	568	529	544	467	437	614	589	617	519	328
527000	536	537	596	449	440	504	639	683	533	491
528000	540	546	526	402	461	608	646	710	532	429
529000	447	549	628	354	433	699	669	557	502	401
530000	495	513	482	368	350	523	652	539	554	419
531000	500	492	536	353	442	522	556	609	496	352
532000	409	481	474	390	483	583	601	669	523	351
533000	490	479	576	412	478	463	502	595	562	384
534000	451	515	540	419	504	585	592	514	568	364
535000	542	534	576	382	547	564	625	611	559	385
536000	604	575	536	359	538	547	595	553	551	359
537000	655	512	594	342	492	516	519	576	519	319
538000	596	467	540	391	388	483	550	544	573	357
539000	615	484	606	352	370	528	524	531	496	302
540000	550	509	511	330	465	490	487	567	420	351
541000	594	497	549	293	494	564	547	541	491	352
542000	596	546	534	346	453	519	505	654	514	314
543000	674	537	597	353	416	547	582	580	513	429
544000	647	587	591	342	356	507	548	563	456	450
545000	636	513	588	390	389	493	610	654	478	366
546000	632	572	601	356	422	605	643	624	500	335
547000	529	524	591	410	446	588	652	657	508	393
548000	623	529	528	371	430	499	679	590	549	393
549000	546	573	534	422	563	495	727	625	541	353
550000	524	562	494	376	582	468	719	644	450	422
551000	548	509	534	457	581	528	762	610	564	407
552000	538	473	551	421	464	494	657	583	496	406
553000	533	469	572	422	493	502	642	563	517	399
554000	586	519	569	441	519	453	646	554	487	393
555000	644	481	620	385	517	481	722	674	532	469
556000	571	481	660	409	498	555	705	708	525	395
557000	481	503	640	442	322	562	721	676	488	361
558000	534	600	536	422	347	532	735	535	491	293
559000	536	474	549	363	436	403	648	551	543	319
560000	494	492	526	323	450	442	675	640	529	370
561000	535	433	571	360	420	426	694	526	574	334
562000	469	485	597	349	457	480	770	638	528	322
563000	471	503	601	417	423	487	775	592	584	388
564000	407	444	683	427	416	552	609	646	439	366
565000	494	517	635	432	421	487	761	560	529	304
566000	405	554	568	402	413	558	776	568	589	308
567000	409	534	581	410	428	535	705	570	579	342
568000	441	552	541	406	321	608	767	595	522	353
569000	493	511	613	312	426	529	714	596	553	361
570000	536	511	631	405	467	508	667	554	585	392
571000	557	529	617	342	413	506	650	576	526	403
572000	461	442	616	462	383	517	760	559	579	409
573000	480	566	584	433	379	522	614	567	639	412
574000	568	554	668	358	409	565	679	603	571	379
575000	585	617	566	402	456	479	697	597	589	385
576000	599	612	668	413	405	544	771	517	564	393
577000	548	553	603	362	448	551	716	675	645	372
578000	511	549	709	334	403	595	770	702	626	331
579000	549	610	668	350	415	484	712	670	570	342
580000	664	570	639	377	469	500	633	608	549	351
581000	572	593	728	398	474	510	600	600	516	315
582000	656	584	640	408	461	484	661	635	603	420
583000	635	549	615	366	426	521	706	650	594	430
584000	581	561	663	299	414	624	698	614	582	355
585000	622	651	698	351	449	539	715	550	562	355
586000	595	543	591	405	477	570	666	652	473	358
587000	574	521	625	435	462	508	629	626	488	419
588000	737	515	547	409	360	497	718	575	583	386
589000	731	583	661	417	397	483	792	623	538	359
590000	627	477	600	411	440	609	773	689	620	437
591000	533	560	645	398	512	583	705	630	611	419
592000	567	492	699	404	509	639	687	659	608	413
593000	533	611	711	363	541	489	715	630	596	450
594000	591	624	661	402	496	530	697	616	513	373
595000	520	586	645	411	519	499	710	653	504	392
596000	539	608	654	344	521	520	668	561	485	310
597000	473	585	662	406	492	499	695	609	513	357
598000	616	574	642	347	503	485	731	654	521	376
599000	666	519	649	359	406	569	684	619	455	411
600000	627	521	556	396	497	524	676	602	425	330
601000	629	521	626	381	520	530	628	621	556	360
602000	565	577	676	381	487	510	691	634	551	346
603000	602	612	674	406	551	532	706	681	583	364
604000	581	584	700	425	509	571	725	672	553	377
605000	551	662	670	419	525	552	708	650	461	340
606000	653	609	772	382	529	586	743	603	553	332
607000	632	650	721	365	439	518	640	582	603	377
608000	504	550	705	384	452	466	646	602	647	430
609000	534	591	576	432	496	440	707	649	563	400
610000	648	591	609	393	483	503	634	683	632	390
611000	616	512	604	427	475	483	676	607	606	346
612000	643	496	680	415	504	563	628	693	640	347
613000	606	507	631	440	498	492	614	670	607	359
614000	627	575	536	442	510	517	634	614	492	406
615000	492	616	693	412	513	464	611	686	549	345
616000	591	527	695	428	544	513	687	765	559	424
617000	568	564	613	487	528	504	680	671	608	392
618000	490	564	700	419	481	545	707	662	625	392
619000	539	538	606	457	478	559	744	669	578	408
620000	543	535	631	472	460	491	720	713	625	392
621000	646	669	666	518	456	456	680	679	591	351
622000	636	674	692	467	427	458	725	689	622	416
623000	585	554	699	427	483	420	731	690	585	378
624000	522	601	717	478	482	487	741	678	617	400
625000	617	651	688	435	503	487	709	568	525	421
626000	622	568	676	440	530	459	739	586	532	395
627000	544	699	619	464	469	507	633	620	548	333
628000	619	642	612	455	468	527	661	518	576	332
629000	614	561	561	411	463	548	721	661	642	394
630000	532	612	706	426	511	496	694	581	650	373
631000	592	621	672	530	504	588	735	651	592	359
632000	614	634	667	443	501	551	704	528	560	408
633000	619	675	522	468	563	463	679	593	567	388
634000	608	613	604	502	566	529	769	548	649	333
635000	530	594	608	375	528	494	678	654	549	371
636000	617	592	638	447	517	475	596	680	620	370
637000	591	588	645	438	599	538	683	682	561	414
638000	709	535	684	530	617	459	657	678	612	394
639000	594	554	698	466	575	522	693	728	620	362
640000	577	535	649	486	547	535	628	630	528	341
641000	627	580	592	469	610	498	669	590	540	381
642000	591	547	646	439	490	556	703	637	572	419
643000	649	607	627	501	531	517	634	587	642	357
644000	653	603	687	443	522	550	604	742	554	431
645000	598	543	707	430	566	498	659	560	632	462
646000	562	557	656	476	591	455	684	710	564	394
647000	693	606	588	473	543	483	667	596	635	426
648000	694	545	712	462	446	498	655	638	535	402
649000	512	541	691	426	488	542	646	589	619	437
650000	473	569	603	446	500	430	751	696	612	450
651000	551	663	728	464	547	452	682	646	571	432
652000	586	589	655	549	570	494	744	657	532	508
653000	638	604	611	461	593	492	709	609	539	452
654000	646	600	678	451	577	472	696	591	458	487
655000	689	584	738	460	620	553	768	520	607	471
656000	645	609	660	500	624	506	684	538	489	483
657000	640	617	665	498	629	461	666	597	559	378
658000	652	582	635	437	613	475	723	579	555	471
659000	684	555	593	469	501	453	716	522	707	529
660000	735	614	681	425	426	382	696	480	572	458
661000	640	604	630	430	458	458	706	478	605	532
662000	652	593	691	477	576	478	722	519	529	562
663000	655	550	638	444	649	388	731	491	576	551
664000	694	622	662	456	546	478	706	521	593	584
665000	600	591	691	432	600	456	737	568	601	584
666000	621	494	617	460	489	448	696	658	588	533
667000	695	505	679	422	532	467	699	583	565	443
668000	748	564	565	448	627	430	770	506	598	500
669000	788	532	631	429	627	436	705	500	589	544
670000	756	609	636	418	628	469	775	532	630	508
671000	593	551	677	475	505	556	784	543	671	568
672000	694	561	668	457	609	527	721	513	670	563
673000	676	558	712	521	547	527	650	566	572	527
674000	671	631	703	461	539	556	661	541	587	549
675000	652	639	604	497	571	588	669	586	503	532
676000	635	654	624	451	548	501	682	573	439	512
677000	670	654	562	422	537	524	628	546	505	524
678000	694	664	533	440	511	595	692	559	461	535
679000	682	639	619	414	523	630	760	626	538	568
680000	603	576	671	437	520	585	659	622	536	496
681000	579	569	679	489	539	561	719	745	541	548
682000	698	576	644	500	561	656	616	683	534	567
683000	658	598	685	497	568	608	646	716	467	633
684000	563	592	650	403	647	575	665	749	510	587
685000	622	559	600	533	517	530	616	768	540	610
686000	546	522	587	498	505	528	574	603	516	485
687000	697	608	621	495	522	526	548	649	506	532
688000	652	505	650	434	508	553	558	647	504	615
689000	669	562	685	504	545	508	660	599	583	515
690000	673	603	670	479	553	508	739	686	620	561
691000	677	555	660	453	610	504	708	624	549	658
692000	653	611	690	455	568	541	755	624	553	544
693000	680	644	671	469	542	498	726	626	564	636
694000	570	566	727	462	612	493	751	581	613	527
695000	633	546	648	497	604	551	725	636	607	536
696000	543	612	644	457	530	516	756	616	555	537
697000	439	597	629	404	570	491	707	692	567	541
698000	549	587	596	399	558	573	661	706	498	572
699000	662	576	642	396	580	504	720	616	618	534
700000	658	573	606	436	633	569	720	662	608	496
701000	701	638	537	507	576	561	637	628	677	494
702000	676	645	763	439	595	505	702	662	496	585
703000	723	587	647	512	580	498	612	580	504	572
704000	738	568	722	511	512	559	631	571	449	573
705000	703	648	682	576	551	552	623	540	517	544
706000	694	631	661	531	595	594	642	570	552	633
707000	774	668	647	502	610	548	714	704	568	584
708000	732	566	654	410	596	523	693	590	593	601
709000	702	598	682	405	528	517	688	608	618	602
710000	751	720	712	449	471	561	676	563	563	553
711000	691	757	732	406	531	526	617	638	542	547
712000	628	772	732	455	550	577	657	604	567	561
713000	642	728	697	462	597	544	660	629	558	565
714000	597	670	612	460	553	611	612	660	489	581
715000	717	727	708	454	448	532	679	706	596	509
716000	707	664	746	506	460	435	738	623	561	506
717000	782	550	679	453	526	454	645	615	566	613
718000	816	695	773	517	550	489	674	633	660	619
719000	701	680	676	526	559	459	683	610	611	575
720000	604	702	647	509	545	454	576	623	604	493
721000	768	665	649	539	557	493	696	737	497	554
722000	743	657	568	468	601	482	692	691	525	622
723000	745	611	568	445	541	438	735	770	554	625
724000	689	626	654	466	560	478	653	732	609	537
725000	765	737	599	466	564	373	629	718	608	573
726000	661	712	543	473	616	384	641	668	663	566
727000	681	641	691	518	558	395	598	584	586	628
728000	572	663	578	496	690	439	619	657	599	617
729000	682	591	576	507	628	407	698	719	593	634
730000	677	612	691	500	621	479	656	692	628	595
731000	577	641	703	467	562	451	632	588	692	607
732000	727	684	649	496	726	421	611	647	539	555
733000	671	581	657	437	618	442	706	567	528	532
734000	699	649	715	455	589	463	640	656	529	584
735000	652	687	708	457	666	408	720	618	586	606
736000	710	683	688	446	517	427	611	672	599	641
737000	680	641	714	453	546	498	693	645	562	603
738000	686	681	695	495	550	456	679	728	554	657
739000	765	640	650	440	701	463	617	709	570	621
740000	711	637	659	453	574	400	663	712	617	608
741000	603	638	734	480	586	448	730	689	515	601
742000	664	581	684	464	597	495	682	647	624	632
743000	667	621	557	477	529	373	724	650	600	619
744000	773	654	608	511	555	422	668	571	595	598
745000	715	720	641	409	528	442	613	685	581	559
746000	786	610	656	482	539	414	676	539	632	608
747000	585	629	684	477	588	392	681	570	612	532
748000	609	578	683	454	555	368	601	513	556	571
749000	729	680	732	459	601	302	642	560	564	546
750000	725	655	654	424	543	357	570	627	513	583
751000	745	694	628	469	617	370	709	655	485	574
752000	706	670	594	479	625	290	676	684	524	602
753000	729	755	597	398	618	347	678	687	637	595
754000	711	747	639	491	622	369	638	661	603	619
755000	645	669	642	506	610	412	674	723	637	676
756000	674	683	669	451	549	389	643	684	574	616
757000	656	628	645	533	583	385	621	742	585	601
758000	695	660	702	421	512	362	630	664	490	510
759000	762	665	579	407	575	382	595	584	471	575
760000	667	685	703	393	727	319	697	659	505	566
761000	732	681	656	337	620	355	615	569	484	573
762000	705	702	673	346	679	336	575	652	569	547
763000	669	738	601	429	665	361	630	700	564	563
764000	768	706	598	496	591	395	600	570	578	620
765000	779	708	586	434	558	374	639	550	522	600
766000	703	671	694	402	595	362	570	628	502	556
767000	714	743	620	340	585	368	572	667	531	580
768000	694	694	616	358	535	406	637	668	516	586
769000	657	697	653	427	481	364	608	619	507	665
770000	535	667	627	455	482	356	640	639	531	641
771000	547	583	623	469	534	384	634	618	518	536
772000	585	702	626	395	660	428	718	564	480	531
773000	705	620	551	395	573	328	639	581	486	555
774000	771	695	589	470	533	387	671	635	416	548
775000	727	672	558	427	622	343	586	632	466	621
776000	725	615	687	440	537	341	691	646	486	621
777000	623	587	660	442	493	325	675	654	428	557
778000	706	552	592	423	473	354	656	653	544	506
779000	742	597	597	410	571	369	628	550	476	563
780000	726	658	530	466	572	322	689	590	488	605
781000	613	625	565	390	586	379	727	637	446	612
782000	692	716	602	418	621	354	661	649	463	516
783000	705	721	645	385	626	319	612	625	455	621
784000	603	656	538	366	616	373	661	695	496	604
785000	653	656	585	412	603	392	625	554	510	605
786000	652	706	526	449	618	313	685	596	481	692
787000	727	610	514	489	524	350	624	676	466	695
788000	708	662	662	461	600	361	607	667	507	620
789000	663	661	636	427	660	394	707	700	480	614
790000	673	702	563	428	664	402	749	640	545	599
791000	651	608	649	422	605	421	667	512	538	589
792000	573	708	648	427	552	388	641	542	452	651
793000	634	598	664	455	575	354	623	637	462	610
794000	620	585	624	451	621	362	681	630	499	566
795000	566	597	688	434	505	367	664	647	423	594
796000	599	603	693	506	635	442	705	634	469	608
797000	608	566	632	418	591	411	681	710	454	735
798000	601	478	655	456	639	438	684	712	431	676
799000	697	466	617	445	585	422	742	646	385	656
800000	671	490	638	465	628	415	654	693	387	693
801000	675	480	602	432	519	454	609	625	385	680
802000	694	511	582	458	505	404	642	709	406	748
803000	705	498	694	436	472	342	655	629	367	666
804000	702	436	680	401	598	374	647	728	494	668
805000	671	490	741	454	591	372	628	665	527	599
806000	665	506	707	419	587	346	651	678	471	641
807000	736	447	669	445	647	336	633	697	400	555
808000	658	464	684	373	674	418	571	613	427	660
809000	600	523	689	437	591	358	696	678	337	597
810000	612	467	640	468	718	405	650	737	380	638
811000	612	539	646	381	667	438	736	666	467	716
812000	669	453	733	434	591	410	645	658	473	659
813000	681	456	693	469	703	431	638	609	503	692
814000	691	389	709	413	634	418	664	481	432	629
815000	737	435	688	492	705	396	636	607	421	634
816000	677	407	746	503	648	429	583	723	409	646
817000	525	468	745	444	719	508	640	606	428	692
818000	755	415	660	442	683	473	690	596	409	745
819000	710	481	698	392	620	481	718	569	405	713
820000	675	413	652	411	529	409	696	585	391	681
821000	702	440	626	352	535	406	655	626	443	698
822000	766	508	661	423	586	409	634	617	439	645
823000	733	513	601	381	564	395	664	603	396	621
824000	734	484	666	437	543	393	714	647	384	663
825000	749	438	626	444	615	362	707	677	410	689
826000	748	457	722	432	531	385	733	659	434	636
827000	690	498	681	434	597	411	662	657	422	577
828000	776	466	717	413	522	386	657	630	419	673
829000	727	428	774	445	483	389	560	678	398	678
830000	773	422	647	406	526	398	697	609	398	675
831000	722	423	706	410	617	469	701	675	338	661
832000	660	412	641	374	562	401	708	630	336	751
833000	637	482	680	449	706	439	648	685	386	702
834000	740	418	656	424	603	408	664	732	398	693
835000	621	381	660	408	615	434	690	716	334	664
836000	641	374	582	388	540	369	756	670	331	634
837000	699	377	683	397	591	387	699	661	286	632
838000	692	385	648	445	632	456	722	637	324	703
839000	730	401	581	444	593	491	703	747	371	720
840000	724	433	673	442	608	434	701	642	408	697
841000	775	416	620	421	692	463	725	690	396	701
842000	734	375	597	467	677	391	657	717	404	771
843000	676	420	603	420	735	360	638	766	406	641
844000	637	374	590	445	704	431	606	665	412	840
845000	626	399	611	525	675	405	682	709	406	751
846000	735	425	590	443	694	401	653	686	401	659
847000	657	411	625	461	625	415	739	702	413	656
848000	684	440	647	460	622	376	734	599	439	646
849000	775	431	700	443	566	406	659	631	314	608
850000	718	453	649	452	633	446	612	599	354	685
851000	670	445	622	430	651	427	675	692	414	648
852000	664	453	553	442	647	463	625	754	434	642
853000	751	482	517	364	658	464	579	636	406	608
854000	665	477	594	392	712	518	665	712	396	619
855000	673	469	645	485	643	503	646	733	403	637
856000	704	513	565	380	515	483	618	671	413	665
857000	763	456	566	450	605	506	552	719	382	740
858000	704	517	585	391	670	569	595	722	374	595
859000	700	453	669	432	705	538	703	723	379	738
860000	611	452	566	443	629	611	722	774	398	720
861000	770	401	680	366	669	514	677	721	407	596
862000	680	474	605	390	559	482	721	750	391	615
863000	604	529	515	369	688	489	687	606	441	634
864000	656	579	542	366	617	436	617	697	458	683
865000	708	461	619	421	693	447	699	627	478	725
866000	702	522	605	362	673	479	730	597	511	794
867000	664	469	702	374	651	513	623	683	445	760
868000	673	459	692	289	689	487	664	598	465	711
869000	657	493	668	289	566	527	695	664	569	662
870000	703	431	613	312	623	531	724	629	483	728
871000	673	499	700	371	669	528	668	677	522	759
872000	757	505	772	324	568	512	673	635	475	775
873000	655	535	677	357	589	488	656	620	469	739
874000	644	513	590	355	569	481	650	706	462	775
875000	628	452	656	362	538	510	668	714	548	745
876000	765	481	693	357	614	559	676	670	503	696
877000	725	462	631	307	663	512	745	655	473	729
878000	667	548	581	335	684	503	709	631	492	724
879000	635	489	603	389	649	449	689	754	496	646
880000	626	481	665	351	640	477	724	686	516	711
881000	736	506	686	330	529	470	727	704	448	727
882000	735	411	696	357	603	463	726	794	463	668
883000	676	466	647	317	596	509	621	764	498	728
884000	636	558	688	330	677	458	580	765	510	668
885000	633	599	708	317	748	497	679	807	480	659
886000	616	501	701	269	652	520	642	735	481	648
887000	704	552	622	267	713	529	634	784	473	669
888000	701	528	663	299	663	381	729	783	444	747
889000	690	628	642	260	617	487	802	783	467	708
890000	724	531	621	240	649	473	782	776	495	637
891000	615	515	613	306	610	485	749	675	477	628
892000	655	541	693	275	583	520	746	631	576	627
893000	617	578	650	256	613	565	775	788	504	690
894000	615	496	678	229	578	489	768	708	415	768
895000	610	519	618	270	592	554	730	643	463	750
896000	614	476	732	320	634	524	765	659	423	708
897000	754	477	713	341	604	569	795	630	349	647
898000	630	555	719	328	654	527	721	675	383	704
899000	616	567	721	287	611	573	759	726	427	673
900000	584	601	663	253	569	539	758	684	415	739
901000	613	542	572	261	548	490	722	673	501	715
902000	672	532	625	284	657	517	764	632	489	772
903000	742	581	604	279	641	555	822	622	488	705
904000	710	515	706	296	725	488	742	661	463	665
905000	737	434	759	265	688	478	744	592	502	787
906000	655	526	673	258	686	479	722	640	466	704
907000	700	474	702	289	718	543	790	640	459	704
908000	736	526	694	261	663	589	702	585	523	722
909000	723	542	805	247	704	597	771	607	471	681
910000	706	568	712	254	630	532	708	684	507	613
911000	617	457	731	316	620	548	751	711	557	755
912000	674	496	751	292	675	518	643	717	618	696
913000	728	521	736	246	642	580	709	698	565	845
914000	723	528	708	293	665	525	757	734	520	694
915000	761	536	628	295	673	534	628	699	560	692
916000	739	495	634	318	662	461	699	707	483	658
917000	777	519	673	323	619	514	721	667	572	687
918000	750	489	622	300	614	498	726	722	508	718
919000	681	480	654	277	560	507	768	637	561	774
920000	759	540	651	321	557	467	670	605	594	663
921000	737	491	724	353	589	485	765	706	558	602
922000	696	526	687	365	620	536	747	734	493	680
923000	774	498	685	319	535	560	807	625	521	638
924000	679	511	711	365	536	518	743	679	493	614
925000	685	451	671	324	524	548	771	677	549	670
926000	708	462	606	270	543	503	720	743	566	729
927000	717	460	694	327	678	530	798	695	572	680
928000	654	498	627	277	680	603	751	691	579	701
929000	633	458	658	366	563	552	826	656	584	686
930000	698	443	632	333	654	484	798	549	465	700
931000	578	491	623	354	580	501	804	678	500	705
932000	767	501	607	299	619	496	704	674	536	652
933000	684	489	727	364	685	488	818	730	558	712
934000	679	428	677	328	633	545	803	787	496	667
935000	621	430	644	248	642	459	830	642	459	651
936000	750	526	704	278	620	437	812	623	507	719
937000	659	536	715	291	644	432	745	678	461	665
938000	689	503	782	251	657	494	747	634	532	677
939000	650	527	666	271	625	481	623	651	507	662
940000	668	505	683	296	593	568	732	800	568	684
941000	735	539	669	327	521	555	746	774	540	716
942000	794	511	649	324	514	525	729	692	534	711
943000	829	518	629	255	505	519	766	590	454	674
944000	843	568	720	294	429	572	834	752	498	664
945000	816	603	626	306	489	524	796	637	516	663
946000	653	589	601	336	527	587	796	725	520	724
947000	750	652	663	331	626	574	798	689	463	747
948000	786	566	616	297	617	551	784	721	498	708
949000	759	608	659	337	696	514	775	668	506	775
950000	692	553	676	348	524	535	797	514	488	705
951000	758	590	608	335	571	522	752	589	522	671
952000	829	616	715	319	555	480	770	622	476	704
953000	840	654	673	280	709	559	758	639	515	657
954000	707	618	681	294	677	522	756	619	470	742
955000	763	661	651	294	676	561	726	640	575	732
956000	730	538	694	319	575	540	756	642	547	717
957000	597	596	660	321	566	576	709	645	485	628
958000	696	543	724	336	603	606	760	638	457	702
959000	657	589	656	347	555	637	824	636	525	672
960000	592	651	629	307	630	641	849	603	503	725
961000	687	604	681	247	626	649	753	618	421	755
962000	663	665	749	306	674	633	784	640	473	699
963000	737	566	684	270	603	526	701	624	482	649
964000	591	680	730	282	571	577	814	684	513	610
965000	776	564	678	220	596	575	726	594	459	714
966000	703	558	669	262	628	555	747	658	530	694
967000	670	633	711	281	632	603	802	652	507	693
968000	848	553	735	286	610	529	648	597	475	645
969000	660	507	695	295	666	579	801	606	484	652
970000	671	476	732	331	667	542	887	548	508	680
971000	719	540	682	297	653	663	831	684	488	741
972000	659	523	679	336	747	649	724	674	532	633
973000	740	572	708	333	631	612	767	663	496	620
974000	781	533	757	279	669	555	780	708	437	708
975000	765	505	780	337	621	579	806	684	448	737
976000	649	531	727	347	570	569	789	594	426	686
977000	684	483	713	298	686	602	798	543	488	675
978000	635	528	722	292	590	550	777	622	513	649
979000	667	549	747	288	593	571	757	696	470	648
980000	702	497	683	355	676	468	815	729	426	585
981000	625	541	694	302	696	556	766	689	488	728
982000	743	532	665	334	659	600	718	632	485	711
983000	724	536	693	297	647	569	822	631	524	707
984000	798	552	687	298	648	552	734	637	515	704
985000	711	565	635	285	627	523	803	517	478	698
986000	706	505	668	342	626	540	751	623	485	744
987000	783	620	807	279	596	498	719	667	431	742
988000	749	658	773	248	650	591	796	689	440	661
989000	617	578	806	346	670	577	833	659	427	743
990000	620	537	690	344	639	539	732	650	394	703
991000	707	544	718	323	654	532	778	634	435	650
992000	688	531	704	330	743	567	793	609	407	723
993000	663	467	670	272	728	498	786	613	399	674
994000	607	567	657	264	602	521	773	605	368	699
995000	709	565	689	253	574	631	846	585	351	708
996000	607	534	690	306	641	613	874	509	373	727
997000	646	496	657	282	666	571	818	584	398	697
998000	777	476	728	277	540	560	715	646	394	714
999000	769	520	724	380	483	564	710	488	374	645
1000000	1	1	0	0	1	2	0	0	0	1
