0	5	6	17	17	7	7	18	18	13	9
1000	1	2	1	1	4	3	4	5	4	6
2000	5	3	2	4	1	7	1	20	16	4
3000	5	4	3	1	3	6	3	12	12	5
4000	8	2	0	0	23	4	3	21	10	1
5000	4	1	0	2	24	7	2	9	6	2
6000	4	1	0	12	11	16	3	6	4	11
7000	2	0	0	12	7	19	1	7	5	3
8000	9	0	0	7	6	3	3	8	0	4
9000	7	3	0	7	3	1	0	4	1	8
10000	4	0	2	2	14	1	6	3	0	2
11000	6	0	0	0	11	3	3	2	6	1
12000	4	1	0	2	28	7	2	13	1	1
13000	2	4	1	1	14	18	2	6	1	0
14000	2	3	6	12	8	6	4	34	2	7
15000	1	3	2	3	5	6	8	25	0	6
16000	5	2	0	0	13	5	4	29	2	7
17000	9	10	0	1	30	11	1	12	0	4
18000	7	1	0	1	18	18	2	27	0	6
19000	7	0	0	4	28	17	0	17	9	6
20000	0	3	2	5	10	52	0	52	8	14
21000	4	0	1	5	4	32	1	16	0	9
22000	7	0	0	2	19	22	0	35	1	6
23000	8	0	0	2	17	9	1	29	0	6
24000	10	2	2	0	12	15	2	24	1	31
25000	2	2	0	0	34	9	2	15	1	6
26000	5	4	1	0	31	13	3	16	0	6
27000	8	2	1	6	11	7	1	14	0	8
28000	5	0	1	2	5	2	1	35	1	2
29000	3	2	0	4	8	3	0	29	0	13
30000	9	0	0	3	39	5	1	54	0	16
31000	2	0	0	3	13	18	0	48	0	27
32000	5	0	3	2	20	30	1	43	0	8
33000	5	1	1	8	12	5	1	48	0	14
34000	13	2	0	11	12	9	6	38	0	20
35000	9	8	3	10	25	2	10	81	0	18
36000	34	3	2	32	17	12	1	41	0	31
37000	33	2	2	22	25	35	5	51	2	11
38000	40	0	0	2	17	17	9	33	11	41
39000	19	0	1	10	14	45	2	39	9	25
40000	5	0	9	13	13	60	7	49	1	13
41000	42	0	4	13	16	89	4	98	5	16
42000	15	0	3	5	14	45	0	98	2	25
43000	31	2	1	2	14	85	1	111	7	38
44000	37	0	2	5	21	61	5	144	6	17
45000	14	3	3	2	22	58	2	97	2	14
46000	10	6	0	7	24	64	0	106	2	17
47000	5	4	11	10	15	68	0	128	1	28
48000	28	6	18	12	29	88	1	87	1	15
49000	14	0	5	20	27	70	4	84	1	13
50000	14	0	2	12	43	67	3	61	4	6
51000	24	0	5	16	32	77	4	100	8	31
52000	40	0	7	3	42	61	5	104	2	17
53000	43	2	4	4	61	67	9	160	4	9
54000	71	3	2	8	32	83	8	175	0	4
55000	41	3	0	13	8	88	6	215	1	9
56000	45	3	4	3	12	95	2	165	4	7
57000	57	3	1	5	53	90	1	146	4	25
58000	82	5	3	12	49	60	3	213	0	22
59000	87	3	5	11	69	44	3	196	1	24
60000	83	0	6	24	27	45	4	239	2	5
61000	80	1	4	8	33	55	1	304	0	69
62000	37	6	2	6	22	103	5	304	0	44
63000	43	0	8	9	54	119	1	254	0	31
64000	50	2	25	4	50	135	5	229	0	39
65000	61	0	8	7	33	109	4	221	0	26
66000	76	7	1	4	56	131	1	300	0	32
67000	58	4	2	5	81	156	2	315	0	75
68000	40	4	1	3	73	148	4	306	0	71
69000	47	0	2	8	79	143	0	322	0	30
70000	48	1	0	8	45	191	4	337	0	36
71000	53	7	0	14	26	183	2	366	1	33
72000	98	6	4	6	38	209	1	318	0	57
73000	48	16	1	8	70	200	0	382	5	67
74000	42	4	5	7	71	207	1	394	14	46
75000	57	1	3	1	56	238	0	368	6	26
76000	33	1	8	9	18	150	2	360	3	58
77000	55	5	0	1	73	204	2	438	2	73
78000	92	0	1	3	42	224	4	342	3	44
79000	100	0	4	28	52	234	3	318	8	84
80000	42	3	2	32	69	240	0	334	5	89
81000	62	1	2	22	53	258	0	358	6	67
82000	79	1	2	9	97	247	0	416	2	69
83000	113	10	2	4	101	287	1	352	6	38
84000	64	1	0	5	76	313	3	309	1	25
85000	102	1	4	13	91	253	0	307	4	16
86000	95	4	7	7	93	307	0	295	0	37
87000	106	1	3	19	116	261	0	315	0	17
88000	77	5	14	6	83	335	1	335	1	8
89000	62	3	1	2	75	313	1	401	0	19
90000	83	2	1	2	88	265	0	397	0	31
91000	45	7	1	13	80	297	2	441	2	32
92000	82	5	2	23	133	251	2	354	0	41
93000	73	0	0	20	106	264	0	357	2	57
94000	58	2	4	12	95	183	2	368	0	81
95000	91	0	20	17	113	251	0	371	1	81
96000	152	2	1	39	128	247	0	318	3	60
97000	131	2	2	22	79	338	1	353	0	81
98000	64	2	6	48	128	246	2	349	0	51
99000	77	0	3	26	126	228	2	353	1	67
100000	95	0	2	16	130	210	0	316	7	86
101000	150	9	3	35	179	219	1	372	2	32
102000	83	2	5	26	224	243	1	382	0	67
103000	83	1	6	29	191	232	0	388	0	34
104000	103	3	1	8	145	255	2	381	0	19
105000	72	6	0	24	176	344	0	442	0	43
106000	41	1	1	18	215	266	4	420	0	29
107000	26	0	2	28	191	303	1	405	4	46
108000	45	2	2	23	160	302	0	415	3	57
109000	30	1	1	9	160	350	1	389	11	23
110000	48	0	1	16	188	393	2	366	9	91
111000	105	0	1	21	212	302	1	352	2	102
112000	63	0	2	21	214	262	0	368	1	112
113000	69	0	7	19	189	322	0	380	9	70
114000	70	0	0	27	184	302	1	337	8	41
115000	79	2	0	25	223	292	0	426	5	58
116000	46	9	1	50	201	288	0	369	0	70
117000	103	6	0	54	263	327	2	369	2	58
118000	80	8	0	21	288	380	3	293	3	43
119000	96	1	2	13	222	367	1	380	0	52
120000	82	7	5	9	245	350	0	323	3	52
121000	84	5	5	20	209	383	0	403	1	68
122000	105	3	1	20	226	367	0	356	0	81
123000	133	4	4	24	186	342	0	379	11	73
124000	125	1	1	24	183	355	1	363	13	50
125000	126	14	0	12	241	336	2	303	2	120
126000	90	2	7	20	213	373	0	326	0	164
127000	68	8	1	18	219	318	0	374	5	199
128000	87	9	2	22	191	287	0	307	3	159
129000	112	3	0	24	205	368	2	369	0	160
130000	105	3	0	51	248	325	0	360	12	177
131000	46	10	1	28	244	359	2	432	3	239
132000	35	6	5	31	278	386	7	369	0	229
133000	88	6	0	44	279	342	0	393	9	227
134000	51	6	0	22	274	369	0	345	30	213
135000	64	9	2	25	245	298	4	306	1	256
136000	92	6	2	21	218	376	0	350	0	299
137000	125	30	2	47	217	374	4	348	2	309
138000	110	26	1	23	240	340	0	428	0	291
139000	116	9	1	30	224	297	1	351	2	269
140000	112	6	1	58	193	353	0	430	1	379
141000	104	30	4	53	185	363	0	374	8	407
142000	106	16	3	20	216	335	0	448	1	384
143000	98	22	3	22	263	294	1	370	3	398
144000	157	22	2	19	265	324	4	356	8	368
145000	197	24	6	14	226	322	0	357	3	362
146000	223	23	5	28	229	249	0	278	5	365
147000	221	7	2	28	264	248	0	272	6	378
148000	195	36	1	26	295	245	0	345	1	321
149000	178	43	3	40	291	254	1	374	1	337
150000	121	34	1	45	268	254	0	434	0	363
151000	112	12	1	51	296	287	0	347	0	358
152000	187	4	0	35	371	293	0	436	0	331
153000	164	11	1	42	334	273	1	420	0	293
154000	131	15	2	30	323	294	0	396	0	287
155000	107	48	0	81	277	306	2	413	9	356
156000	125	36	0	52	300	324	0	372	1	322
157000	141	32	0	50	279	289	1	410	1	292
158000	171	25	6	43	282	298	0	380	1	352
159000	238	29	3	76	304	332	2	366	3	361
160000	217	27	0	77	315	309	4	277	0	414
161000	216	41	0	96	376	330	0	326	0	419
162000	305	46	0	79	387	362	4	344	0	407
163000	212	33	0	73	409	380	5	373	1	424
164000	198	102	0	52	390	426	4	455	4	408
165000	234	73	4	50	414	316	1	408	0	345
166000	239	54	0	24	377	273	5	406	7	381
167000	179	34	0	63	360	321	20	371	2	465
168000	267	61	0	53	294	361	39	440	0	470
169000	271	31	0	111	361	321	21	381	0	475
170000	233	40	0	92	361	293	21	393	3	576
171000	184	58	0	176	319	309	35	369	1	500
172000	168	49	1	93	349	302	27	383	0	506
173000	295	60	1	83	450	356	54	327	1	440
174000	303	93	2	120	426	368	55	454	1	474
175000	309	67	4	68	358	323	26	411	7	489
176000	347	51	1	67	316	346	37	433	0	481
177000	352	26	6	150	319	415	20	428	4	520
178000	341	45	14	139	346	382	13	426	1	424
179000	363	65	6	172	369	332	22	403	0	510
180000	322	51	6	142	304	295	5	468	0	524
181000	286	57	9	146	345	360	21	492	1	503
182000	406	75	2	124	362	400	22	439	8	496
183000	367	58	3	125	404	377	20	378	16	527
184000	287	57	16	100	436	323	17	397	7	529
185000	329	62	4	131	450	406	16	350	5	486
186000	278	61	6	195	458	484	19	377	5	593
187000	428	48	0	150	381	456	6	372	14	589
188000	386	58	1	154	398	414	19	402	26	532
189000	447	97	0	191	392	422	19	493	2	535
190000	369	102	6	109	400	417	16	387	3	533
191000	369	109	27	194	417	359	6	402	1	459
192000	328	113	25	235	374	423	25	401	0	397
193000	376	113	5	254	361	375	48	396	1	466
194000	446	181	2	266	445	363	35	378	3	478
195000	372	182	5	241	369	389	65	379	6	390
196000	468	190	5	299	398	368	46	369	7	357
197000	394	189	8	220	316	375	41	361	17	460
198000	398	176	8	299	473	417	36	416	5	480
199000	345	187	13	330	430	388	44	392	2	394
200000	362	242	4	307	445	399	45	470	1	470
201000	340	201	4	368	423	438	42	361	0	539
202000	442	230	7	279	358	475	19	468	2	573
203000	464	176	0	184	350	473	48	351	2	507
204000	399	224	3	237	378	504	27	367	1	607
205000	418	207	4	208	357	477	40	381	15	500
206000	420	175	5	329	358	461	51	434	4	505
207000	479	183	2	325	365	452	75	338	4	499
208000	490	162	5	281	413	451	84	406	10	504
209000	433	201	3	317	391	396	106	449	6	512
210000	355	179	6	304	433	439	119	382	15	509
211000	478	241	4	267	454	462	124	410	4	473
212000	363	237	1	275	446	471	81	388	0	552
213000	474	273	2	271	411	445	120	377	8	474
214000	375	216	2	260	474	543	107	332	1	512
215000	350	235	0	329	473	467	148	299	1	596
216000	349	220	4	335	488	470	85	312	3	557
217000	475	242	1	326	495	455	93	375	8	473
218000	437	169	0	271	467	464	102	336	5	585
219000	348	236	0	283	550	527	156	321	4	549
220000	350	256	2	342	497	467	93	301	7	516
221000	365	192	7	366	479	413	181	330	5	512
222000	426	266	4	285	505	435	170	335	11	556
223000	445	258	5	301	510	448	164	360	34	471
224000	448	251	5	296	536	390	185	435	9	490
225000	561	268	6	342	403	479	168	374	5	578
226000	500	274	0	345	540	501	210	379	13	553
227000	428	214	1	394	525	505	230	333	19	562
228000	535	282	13	342	587	438	267	360	2	539
229000	534	254	20	299	476	505	263	383	5	565
230000	608	307	9	295	594	421	195	347	11	497
231000	638	310	8	302	515	430	268	358	13	474
232000	553	282	9	298	474	389	255	338	11	555
233000	584	325	10	270	496	483	234	361	7	534
234000	495	293	0	329	478	449	255	392	11	483
235000	386	276	2	337	536	492	197	392	13	505
236000	518	300	6	289	524	548	233	395	17	522
237000	449	273	3	304	514	465	223	381	29	569
238000	482	233	0	313	537	471	265	421	81	586
239000	496	186	8	303	498	529	279	425	52	531
240000	437	221	3	254	505	458	379	379	25	440
241000	528	266	4	326	449	486	269	373	14	500
242000	530	280	3	294	502	598	293	415	29	464
243000	495	191	2	334	479	508	317	383	25	538
244000	571	257	2	316	449	528	292	506	37	513
245000	565	214	1	274	512	531	318	449	78	478
246000	541	273	0	300	605	465	378	476	76	541
247000	640	276	5	293	620	493	381	471	70	477
248000	566	278	6	284	562	480	344	545	46	550
249000	596	275	0	258	487	482	379	477	55	606
250000	532	311	0	334	628	531	328	439	27	566
251000	451	323	0	275	617	457	310	479	51	473
252000	562	307	5	272	565	526	386	437	110	486
253000	579	256	0	289	580	519	371	419	78	484
254000	646	346	1	317	579	504	313	436	31	440
255000	603	319	6	348	480	469	279	553	45	543
256000	691	331	2	347	562	530	305	438	73	536
257000	653	301	15	331	508	527	341	464	68	521
258000	633	324	2	339	546	558	303	554	66	487
259000	664	252	1	312	582	483	397	470	84	415
260000	650	294	1	342	470	472	387	537	181	441
261000	648	294	1	380	497	492	351	455	127	556
262000	552	317	10	366	570	511	356	523	115	566
263000	674	287	29	321	613	449	366	494	127	603
264000	647	273	15	285	551	426	360	497	155	522
265000	436	256	4	339	576	442	394	521	138	605
266000	464	275	3	315	523	500	315	479	172	610
267000	567	276	4	333	505	471	329	539	190	554
268000	567	327	10	261	625	487	384	468	153	591
269000	622	345	0	245	639	502	361	551	137	626
270000	569	383	1	258	616	562	432	498	125	583
271000	454	411	7	290	534	587	476	526	124	554
272000	535	378	23	320	551	550	472	616	136	560
273000	537	363	13	238	543	580	441	607	124	581
274000	510	398	5	242	570	569	407	605	153	570
275000	510	359	1	331	525	529	577	567	231	534
276000	570	356	4	345	643	553	458	531	196	553
277000	609	388	1	333	557	578	419	545	168	644
278000	698	372	1	266	633	520	406	555	171	597
279000	670	349	0	273	576	655	429	566	205	611
280000	632	361	0	303	609	616	445	636	208	627
281000	656	410	3	282	545	550	341	554	218	626
282000	718	360	1	309	571	630	340	577	215	545
283000	637	360	1	378	567	620	414	630	274	581
284000	686	387	0	403	553	572	471	557	275	513
285000	693	344	5	318	502	584	474	508	248	569
286000	676	331	1	271	588	555	454	546	324	613
287000	714	301	4	319	538	561	465	583	270	511
288000	620	321	11	420	539	601	512	584	321	528
289000	629	393	2	413	573	550	464	519	272	638
290000	635	314	5	412	596	524	500	559	217	587
291000	764	273	8	341	602	585	460	521	243	497
292000	645	244	1	420	570	577	405	456	246	569
293000	692	381	1	452	568	487	356	484	301	500
294000	643	354	2	400	626	585	341	548	318	535
295000	711	379	3	410	623	553	370	540	271	525
296000	714	344	7	460	658	528	450	542	351	536
297000	680	403	3	447	552	573	415	621	392	579
298000	686	338	0	295	650	573	463	600	356	562
299000	662	273	0	328	569	516	384	557	417	508
300000	680	374	1	384	541	578	427	587	477	627
301000	681	375	4	366	536	591	472	542	484	651
302000	676	395	2	367	662	593	446	593	483	536
303000	625	361	1	374	593	587	392	595	511	708
304000	700	293	7	467	594	512	423	493	358	609
305000	622	370	16	409	514	473	489	557	392	685
306000	759	406	8	525	479	584	452	549	421	608
307000	742	420	1	565	612	517	513	514	450	538
308000	713	405	6	508	642	592	362	449	437	547
309000	749	428	6	386	530	604	422	536	506	658
310000	714	422	1	378	455	530	488	523	429	565
311000	637	411	3	407	580	538	495	549	436	645
312000	794	359	2	396	561	621	402	491	362	755
313000	760	354	1	388	571	498	455	519	279	680
314000	665	363	4	446	576	521	461	556	350	647
315000	735	360	4	466	603	506	367	499	285	587
316000	705	468	1	527	553	500	459	463	365	653
317000	688	526	1	428	496	573	502	563	425	534
318000	757	399	1	429	547	579	439	604	481	680
319000	618	453	17	418	582	589	381	539	417	611
320000	705	448	16	409	617	541	361	520	429	563
321000	767	465	2	454	639	535	426	523	471	552
322000	830	391	6	465	584	474	501	507	522	669
323000	727	512	2	429	586	480	500	551	551	616
324000	723	411	3	460	525	493	490	575	558	652
325000	706	428	1	481	615	460	392	612	505	633
326000	743	411	3	447	640	521	505	524	460	624
327000	718	372	3	523	606	565	457	610	410	608
328000	654	369	1	484	640	527	474	609	524	599
329000	692	406	6	445	527	569	439	562	445	703
330000	690	391	0	419	598	566	353	584	569	729
331000	619	306	7	429	440	595	474	609	567	632
332000	690	408	2	455	400	680	420	623	433	663
333000	763	444	2	514	475	644	449	591	520	694
334000	736	484	0	496	583	605	552	654	423	704
335000	683	433	0	527	647	650	505	562	448	772
336000	664	420	1	449	617	598	469	571	392	683
337000	693	392	1	482	511	560	421	550	462	738
338000	681	400	0	505	716	482	497	594	510	663
339000	792	366	1	426	675	520	487	579	456	723
340000	818	483	10	436	710	561	450	581	428	680
341000	776	437	9	486	630	544	459	560	472	681
342000	749	429	2	504	717	514	491	577	606	740
343000	776	438	5	465	644	547	475	609	567	682
344000	675	400	3	439	692	619	464	533	474	669
345000	835	336	2	456	630	491	477	547	510	733
346000	628	385	4	553	661	503	442	620	603	644
347000	760	445	0	542	592	604	463	580	613	657
348000	771	470	1	499	567	623	518	582	573	725
349000	733	446	0	518	560	593	418	574	504	668
350000	677	489	0	445	641	591	443	511	595	614
351000	724	435	3	410	606	621	530	559	557	655
352000	853	401	0	394	499	562	514	625	582	695
353000	736	432	0	491	561	618	415	540	530	677
354000	805	386	2	445	571	679	369	662	398	666
355000	785	433	3	441	595	612	477	563	548	684
356000	770	346	3	535	574	572	474	524	518	717
357000	762	348	3	561	720	665	522	647	508	746
358000	676	336	4	429	799	633	497	649	529	699
359000	695	386	5	361	719	637	551	660	615	680
360000	707	410	1	460	654	580	544	574	585	678
361000	687	417	3	435	722	621	505	633	690	721
362000	791	390	5	488	615	724	440	519	612	645
363000	721	472	8	421	712	704	413	655	632	668
364000	781	475	12	479	638	752	416	720	628	664
365000	769	434	19	472	635	604	498	653	494	504
366000	633	475	1	500	591	612	528	688	510	547
367000	746	392	1	535	588	626	505	657	419	504
368000	671	482	2	519	564	665	467	641	531	587
369000	695	461	4	417	537	656	525	639	523	562
370000	659	380	6	432	501	654	498	665	514	638
371000	807	417	8	475	695	634	568	665	581	618
372000	745	418	2	485	551	554	569	695	557	718
373000	680	406	2	414	499	625	557	723	572	711
374000	710	316	5	383	593	705	622	678	474	744
375000	616	355	10	452	673	664	607	726	551	697
376000	719	421	8	444	644	690	585	767	496	646
377000	641	423	2	517	677	645	582	699	483	680
378000	729	368	3	501	718	615	557	699	468	725
379000	794	349	0	360	586	617	544	723	565	665
380000	703	316	3	466	515	631	583	701	516	649
381000	810	406	12	532	552	625	545	666	482	622
382000	678	445	19	473	682	690	567	604	601	647
383000	669	513	18	487	560	662	532	671	673	663
384000	677	478	5	569	607	675	612	662	684	745
385000	603	495	5	484	563	614	470	771	693	722
386000	690	467	5	554	592	599	525	648	673	678
387000	762	498	7	456	514	670	440	677	700	660
388000	770	445	7	514	570	605	417	671	664	710
389000	693	415	0	532	629	567	515	632	604	667
390000	761	484	3	536	624	605	502	613	689	726
391000	754	459	0	401	560	574	516	698	654	786
392000	777	465	0	379	642	595	473	677	659	641
393000	650	523	1	439	681	655	502	780	632	685
394000	743	458	3	525	561	675	455	765	614	711
395000	716	365	17	627	650	598	495	747	607	701
396000	744	481	3	485	610	568	460	726	559	680
397000	715	470	14	571	521	638	488	733	540	655
398000	684	397	11	590	587	688	408	661	620	715
399000	591	437	22	542	641	617	483	586	702	677
400000	686	409	42	526	580	683	464	662	538	714
401000	674	378	27	516	655	660	578	715	673	648
402000	718	429	42	494	681	700	582	671	687	634
403000	725	370	30	548	700	575	507	642	659	602
404000	686	328	45	558	618	601	459	734	606	708
405000	605	434	36	538	714	544	506	686	635	766
406000	744	423	39	559	680	576	550	653	702	668
407000	699	476	20	515	731	641	534	695	652	612
408000	765	467	40	563	802	650	548	774	526	670
409000	564	496	55	521	680	624	643	736	578	645
410000	671	504	65	566	734	618	565	688	563	582
411000	674	519	51	504	667	683	572	731	590	699
412000	642	457	56	545	614	699	493	753	579	712
413000	668	415	66	512	689	680	543	772	663	690
414000	660	477	47	552	660	703	612	671	636	670
415000	705	428	32	513	576	663	555	660	674	768
416000	717	409	76	492	579	585	609	600	681	787
417000	740	403	67	466	643	665	443	594	631	700
418000	722	469	35	518	630	615	478	691	645	662
419000	729	439	47	565	657	658	461	587	692	693
420000	741	396	80	552	649	671	441	638	743	660
421000	731	443	89	601	671	615	548	636	745	582
422000	659	443	136	623	640	623	440	675	758	601
423000	756	460	90	622	655	670	510	653	762	649
424000	732	435	79	651	547	593	675	657	645	717
425000	726	436	90	606	615	658	638	654	714	693
426000	696	446	104	648	565	696	578	597	619	633
427000	593	353	95	614	523	647	606	669	672	678
428000	600	436	111	514	704	681	569	568	711	673
429000	633	424	102	526	668	652	570	650	570	717
430000	713	442	132	570	698	711	575	631	610	634
431000	729	412	157	523	674	563	539	729	640	674
432000	671	441	100	644	643	683	530	654	650	600
433000	773	454	62	673	534	628	573	728	673	748
434000	634	451	92	639	563	680	527	729	588	700
435000	600	449	129	709	618	716	532	700	635	693
436000	674	395	135	638	690	683	607	717	697	706
437000	715	338	130	651	630	640	581	739	684	750
438000	699	447	214	602	605	603	617	786	673	682
439000	648	502	163	586	560	593	603	703	695	749
440000	668	459	123	618	728	530	625	746	728	704
441000	729	425	133	594	677	596	546	747	749	671
442000	669	419	125	663	654	601	560	641	764	682
443000	679	351	137	619	615	612	567	652	753	685
444000	643	383	145	631	556	566	555	673	733	664
445000	693	425	192	586	639	698	508	660	763	705
446000	667	474	193	583	713	683	561	702	706	607
447000	702	429	236	570	806	692	606	739	605	671
448000	686	442	260	599	754	737	606	784	698	669
449000	662	422	205	651	742	697	619	688	622	713
450000	735	451	138	637	735	599	519	765	641	727
451000	749	537	148	721	769	720	529	752	600	742
452000	788	505	104	745	771	601	487	682	630	748
453000	716	513	130	654	764	668	515	760	669	856
454000	687	549	177	713	798	717	532	651	620	833
455000	784	593	254	654	680	692	473	652	628	781
456000	718	471	314	703	797	645	451	749	540	803
457000	737	484	305	673	685	696	463	717	610	679
458000	688	516	261	687	668	719	487	671	552	764
459000	631	597	292	700	655	698	512	652	653	651
460000	613	567	312	721	688	640	589	846	607	734
461000	664	538	293	522	686	675	498	813	632	719
462000	643	590	303	564	748	584	491	829	547	685
463000	581	570	323	596	680	647	448	755	664	698
464000	619	556	404	606	732	728	550	740	567	693
465000	724	564	401	677	645	753	592	747	533	751
466000	601	560	445	637	682	698	558	822	625	734
467000	653	601	424	567	617	725	515	745	747	824
468000	692	527	468	605	812	685	508	779	690	743
469000	675	580	419	527	623	658	466	786	634	683
470000	700	538	426	518	699	684	549	829	664	614
471000	699	572	302	618	639	640	517	761	664	671
472000	682	517	309	518	633	759	641	842	627	715
473000	665	577	250	454	698	759	601	835	634	712
474000	642	517	336	527	797	793	583	761	629	704
475000	696	546	378	544	684	637	538	773	684	752
476000	631	591	445	530	767	638	520	765	670	804
477000	698	528	380	552	804	592	479	762	600	763
478000	679	501	414	407	690	598	517	785	632	803
479000	652	569	462	494	752	628	438	822	716	815
480000	603	526	378	530	682	677	546	854	588	859
481000	647	502	254	466	650	634	546	776	732	826
482000	679	501	279	562	738	666	459	786	660	819
483000	684	568	259	580	737	724	501	799	657	859
484000	669	614	273	495	649	669	594	817	688	713
485000	782	558	301	567	811	699	631	806	712	868
486000	696	664	314	509	682	733	585	882	585	785
487000	736	505	372	456	634	755	608	768	678	847
488000	742	603	335	580	681	652	619	767	741	852
489000	752	559	283	657	716	731	647	758	770	771
490000	701	566	322	633	648	720	602	731	678	834
491000	699	587	334	653	783	712	602	713	725	851
492000	683	563	345	564	709	730	545	716	754	856
493000	742	563	348	594	678	751	616	651	828	781
494000	661	589	428	549	658	805	582	739	793	679
495000	625	490	410	523	688	777	589	778	753	740
496000	628	518	419	505	578	781	531	774	710	876
497000	680	457	355	497	714	737	502	702	652	741
498000	665	518	328	563	595	810	595	785	710	716
499000	768	582	419	555	597	803	574	728	807	851
500000	738	616	440	522	638	730	523	718	713	832
501000	731	497	403	601	633	767	562	745	721	775
502000	656	549	423	576	550	715	546	753	743	787
503000	732	549	482	711	547	702	647	699	650	884
504000	675	597	474	562	623	772	636	699	671	758
505000	605	626	517	556	724	735	627	780	679	780
506000	667	626	495	514	708	649	544	749	683	649
507000	713	482	403	542	701	610	596	846	711	698
508000	732	502	446	543	529	675	611	760	664	796
509000	763	663	429	523	666	691	533	668	619	793
510000	699	614	400	547	721	568	573	726	675	770
511000	702	535	326	594	709	673	618	782	659	752
512000	666	576	435	584	757	678	644	796	674	802
513000	741	605	411	593	691	669	595	680	546	760
514000	733	643	332	511	767	705	593	707	505	694
515000	738	623	411	543	655	709	552	840	643	622
516000	746	621	439	619	681	609	650	750	699	663
517000	689	473	328	635	596	675	602	745	717	772
518000	743	581	345	572	614	599	631	778	791	772
519000	634	563	338	624	672	616	616	821	672	702
520000	705	634	366	515	661	705	686	767	592	818
521000	694	613	429	631	715	662	682	805	758	690
522000	739	559	351	632	614	730	680	852	635	633
523000	665	624	430	532	580	641	603	738	675	600
524000	673	514	457	534	535	804	620	776	641	677
525000	798	414	383	559	646	654	606	693	568	669
526000	780	458	409	607	632	713	705	702	598	773
527000	716	532	392	519	627	660	670	763	746	752
528000	671	504	448	542	705	723	603	769	673	724
529000	752	576	450	523	722	644	681	730	686	728
530000	749	580	409	619	700	697	709	754	685	706
531000	784	613	353	609	641	736	579	732	788	836
532000	723	575	409	455	727	760	699	849	723	715
533000	699	577	431	513	697	733	678	681	748	653
534000	706	601	453	578	639	792	739	729	743	730
535000	715	498	493	618	686	750	708	736	754	683
536000	789	526	448	456	745	807	744	693	704	793
537000	701	586	510	506	699	729	730	775	648	746
538000	748	522	518	542	650	642	762	749	581	654
539000	692	523	476	434	605	662	720	825	662	572
540000	725	575	442	498	698	655	682	816	747	703
541000	661	534	531	582	690	651	715	736	779	717
542000	663	586	479	557	718	625	704	797	706	653
543000	669	573	482	672	826	738	744	826	854	789
544000	669	541	454	646	706	665	742	809	739	680
545000	696	508	474	677	816	709	716	689	735	706
546000	660	648	558	728	778	758	592	726	621	707
547000	678	607	533	646	697	660	686	730	662	708
548000	657	575	487	630	775	733	706	777	629	743
549000	658	630	473	610	720	648	655	774	719	754
550000	732	699	452	599	675	767	734	793	749	716
551000	680	575	469	489	708	756	758	800	619	739
552000	670	665	520	591	694	670	719	845	582	698
553000	669	595	479	572	736	681	619	737	796	780
554000	681	699	535	537	677	725	721	823	682	819
555000	673	584	604	557	659	725	660	834	687	759
556000	759	599	578	555	718	679	671	785	644	845
557000	718	592	583	546	746	640	635	797	625	783
558000	693	574	554	562	771	708	682	714	619	821
559000	751	501	494	459	807	669	605	726	732	800
560000	687	651	532	449	639	719	640	686	681	682
561000	726	567	642	486	661	692	647	755	662	717
562000	674	644	472	545	621	685	649	730	656	849
563000	663	553	586	553	703	652	688	758	739	832
564000	658	616	717	572	642	672	682	805	731	771
565000	732	680	654	562	621	737	687	822	746	786
566000	725	661	545	531	696	690	680	718	810	802
567000	716	696	510	430	746	720	679	805	677	849
568000	669	640	513	474	725	704	689	885	739	825
569000	802	623	535	517	830	642	690	827	557	659
570000	689	674	526	509	762	625	680	762	681	774
571000	727	737	576	519	737	724	690	759	757	814
572000	587	686	441	464	737	606	725	763	734	693
573000	679	678	518	476	617	610	689	712	798	791
574000	657	636	452	562	700	664	669	743	734	761
575000	633	656	551	570	741	626	677	795	796	798
576000	671	659	495	618	781	651	637	781	760	795
577000	683	640	575	567	700	641	633	811	719	783
578000	692	648	564	481	752	619	678	757	740	688
579000	720	586	538	582	750	712	720	860	781	766
580000	868	691	540	605	779	643	724	886	770	850
581000	764	563	551	508	693	604	677	892	800	720
582000	694	569	457	560	711	551	625	758	761	767
583000	722	673	561	606	750	724	671	745	698	726
584000	723	670	570	620	753	772	694	774	754	821
585000	697	559	597	614	808	659	688	771	807	748
586000	852	618	566	596	777	618	747	834	811	757
587000	707	628	569	581	854	667	716	796	775	779
588000	632	610	543	550	667	721	661	799	595	722
589000	702	594	639	596	677	693	651	838	677	655
590000	692	619	669	589	727	704	659	835	685	703
591000	746	723	577	598	668	678	675	788	675	752
592000	671	699	583	687	648	712	692	832	793	829
593000	692	709	588	550	686	754	666	812	789	882
594000	617	691	562	584	760	680	593	713	810	836
595000	677	695	535	495	775	686	514	780	940	814
596000	645	665	579	596	686	666	528	719	762	865
597000	742	688	542	589	739	728	629	734	818	852
598000	724	697	624	607	848	685	699	732	687	908
599000	747	687	567	535	745	727	727	750	733	795
600000	734	717	625	468	647	603	625	761	578	765
601000	732	699	594	534	683	607	605	777	590	770
602000	753	768	642	586	730	629	669	869	614	723
603000	713	716	588	605	566	745	708	801	590	707
604000	751	585	725	622	676	770	589	826	703	611
605000	735	711	622	590	654	720	673	821	678	800
606000	720	625	678	513	694	719	636	892	700	722
607000	702	685	529	514	689	735	694	744	760	689
608000	684	607	499	578	692	734	674	885	740	769
609000	733	685	537	580	623	754	634	813	794	687
610000	667	654	605	650	691	692	646	796	708	728
611000	676	681	504	655	744	706	705	804	752	738
612000	659	622	466	575	655	644	734	730	817	795
613000	684	733	517	541	791	662	736	803	776	762
614000	687	674	505	564	702	690	643	846	726	924
615000	735	714	554	485	803	680	697	821	842	740
616000	697	640	635	551	767	632	708	786	773	753
617000	777	672	627	602	729	748	614	773	751	876
618000	762	747	570	551	820	682	665	809	883	784
619000	703	683	543	645	703	757	614	811	759	775
620000	694	752	628	660	701	726	720	887	755	808
621000	673	740	606	622	784	758	768	848	673	756
622000	727	716	518	640	850	715	693	869	678	722
623000	794	694	677	546	763	623	716	749	717	765
624000	649	749	662	633	804	715	733	821	721	776
625000	679	634	579	606	696	677	746	854	770	727
626000	711	731	616	637	723	706	676	838	895	713
627000	561	672	592	716	797	778	779	789	800	791
628000	698	784	581	729	684	596	687	775	702	829
629000	799	748	552	597	801	663	720	766	767	871
630000	748	677	551	675	737	669	620	747	714	781
631000	727	728	617	541	853	683	713	794	642	767
632000	644	735	632	577	736	690	647	851	719	735
633000	754	655	638	540	740	633	724	835	666	863
634000	689	747	548	691	790	703	756	834	658	796
635000	726	701	595	658	812	742	752	799	799	805
636000	682	698	531	703	738	705	668	822	644	799
637000	716	779	576	628	718	702	593	838	710	834
638000	734	709	576	767	708	728	671	817	645	797
639000	733	776	553	715	791	694	688	819	618	701
640000	650	711	549	786	753	691	670	789	739	765
641000	672	699	631	734	813	676	583	786	762	717
642000	712	797	616	590	730	737	725	737	605	741
643000	674	717	684	629	759	721	709	786	597	636
644000	666	670	593	623	673	767	734	786	653	652
645000	770	745	645	698	649	752	728	836	771	703
646000	660	663	577	676	745	638	683	847	822	802
647000	746	724	527	676	806	649	717	691	807	665
648000	742	665	585	748	775	702	672	827	750	652
649000	670	726	528	693	791	702	726	718	695	773
650000	623	781	510	563	754	697	727	703	745	803
651000	617	752	514	687	755	782	735	824	793	827
652000	623	740	610	766	799	725	806	710	801	835
653000	656	745	621	825	743	677	741	787	664	800
654000	706	733	547	767	876	721	673	862	740	793
655000	680	776	631	751	823	693	708	859	775	744
656000	676	721	622	646	780	696	623	854	761	756
657000	688	717	530	645	761	694	673	856	688	827
658000	620	719	485	715	757	648	833	901	719	746
659000	627	784	562	668	691	633	698	909	695	845
660000	680	657	576	651	764	654	713	880	739	909
661000	803	710	479	648	769	627	708	984	696	785
662000	649	679	615	724	777	633	698	868	682	779
663000	626	727	504	658	786	625	732	847	669	787
664000	653	712	599	614	741	636	754	860	667	833
665000	699	779	585	686	596	667	820	801	732	747
666000	680	777	619	721	905	747	703	815	687	807
667000	699	755	636	645	792	680	729	811	657	757
668000	696	735	597	710	776	699	756	855	574	837
669000	733	694	584	657	835	667	785	819	594	825
670000	654	640	690	694	824	681	732	795	613	827
671000	726	625	618	593	722	730	765	844	574	728
672000	600	677	714	690	797	727	701	849	594	739
673000	661	673	658	730	862	654	718	752	632	662
674000	689	787	729	667	831	668	827	841	705	772
675000	691	764	570	614	796	665	862	912	607	742
676000	645	819	551	682	750	684	806	875	657	765
677000	650	759	468	604	805	654	838	895	629	766
678000	646	784	499	680	757	676	747	751	765	758
679000	654	725	549	675	856	613	793	801	688	732
680000	638	699	612	639	802	557	772	844	686	685
681000	795	695	599	680	874	671	703	883	664	692
682000	635	750	579	765	649	638	678	838	792	771
683000	675	755	568	658	653	635	685	880	654	786
684000	716	753	610	696	651	662	710	851	695	829
685000	708	785	604	716	744	654	768	895	731	890
686000	570	723	566	675	560	645	647	787	735	836
687000	676	868	511	617	496	695	693	812	787	819
688000	610	835	529	697	636	742	696	807	730	864
689000	605	766	657	682	659	680	669	814	731	821
690000	668	716	673	666	662	614	626	928	756	839
691000	636	755	530	664	798	695	679	822	807	842
692000	628	679	573	688	777	709	642	893	676	716
693000	632	797	566	662	708	698	609	834	661	706
694000	646	765	614	761	794	730	672	855	733	735
695000	692	768	583	640	812	656	632	831	748	787
696000	677	727	529	737	731	587	699	856	612	703
697000	650	762	622	723	807	638	663	919	677	720
698000	672	767	731	677	766	662	706	809	748	745
699000	657	694	657	752	725	599	676	837	782	860
700000	714	669	703	699	701	671	764	759	762	841
701000	664	646	720	670	802	751	802	742	807	769
702000	731	704	683	672	744	678	728	821	762	868
703000	705	707	548	515	740	632	745	786	642	810
704000	697	721	659	608	699	634	725	816	779	759
705000	647	706	571	665	707	663	703	820	776	787
706000	725	819	626	664	807	545	811	824	778	779
707000	738	806	608	600	829	605	703	820	835	794
708000	786	815	614	706	774	607	771	785	857	645
709000	686	721	598	729	706	611	758	884	792	747
710000	697	771	592	645	697	747	739	836	789	758
711000	687	699	651	635	732	625	693	915	817	561
712000	720	696	557	611	789	736	755	813	820	780
713000	651	727	564	738	750	819	635	833	747	785
714000	675	768	553	794	797	735	772	817	740	748
715000	602	758	576	668	778	656	676	910	790	730
716000	655	732	603	739	883	709	826	829	712	681
717000	696	746	592	689	767	746	785	859	788	752
718000	650	692	581	710	814	749	737	868	674	759
719000	688	711	618	688	758	683	786	905	581	776
720000	716	712	578	683	856	729	701	853	664	801
721000	600	741	562	634	773	696	766	891	757	805
722000	594	752	626	666	894	757	729	833	738	837
723000	537	770	557	677	805	729	709	852	829	651
724000	682	742	514	638	787	636	725	873	767	875
725000	649	727	557	724	738	734	754	837	739	846
726000	664	735	564	829	808	662	833	868	777	797
727000	672	738	584	760	771	763	734	840	770	713
728000	648	696	551	641	773	799	762	824	751	867
729000	733	695	525	656	650	707	660	828	842	811
730000	704	818	522	619	718	719	720	835	887	778
731000	681	768	587	794	687	688	773	849	865	716
732000	646	773	592	709	678	648	721	851	801	805
733000	682	816	514	653	841	621	785	820	771	792
734000	690	778	486	631	765	623	781	859	783	740
735000	746	795	589	592	683	588	720	792	729	786
736000	639	771	525	614	705	681	771	821	746	922
737000	629	683	565	700	793	578	813	878	800	836
738000	605	821	544	740	772	654	732	859	722	826
739000	658	710	488	777	747	644	743	936	724	784
740000	696	717	608	722	765	585	589	866	750	770
741000	762	783	712	632	751	640	627	776	773	772
742000	699	827	610	639	629	491	731	821	698	690
743000	693	843	614	659	680	586	682	780	671	743
744000	759	747	674	695	706	614	700	865	702	776
745000	668	796	602	694	670	556	757	844	633	795
746000	712	798	551	691	805	595	788	881	743	849
747000	657	846	650	664	809	647	746	795	677	831
748000	669	853	633	761	727	635	749	812	805	889
749000	682	754	631	756	653	635	768	779	698	903
750000	633	728	602	759	742	583	685	814	744	907
751000	712	701	525	794	708	665	663	902	780	939
752000	693	770	619	835	749	636	679	814	613	770
753000	788	702	659	702	751	633	774	865	638	870
754000	724	766	660	719	724	640	697	800	717	831
755000	794	710	594	759	664	647	731	726	710	844
756000	730	749	644	744	717	636	745	797	665	954
757000	631	746	588	704	739	615	763	832	787	761
758000	698	792	626	676	778	703	663	760	674	790
759000	725	830	635	781	738	670	700	887	748	679
760000	694	860	703	758	736	683	633	802	703	837
761000	689	812	618	845	733	643	580	818	726	773
762000	672	751	615	702	787	586	643	845	692	716
763000	590	685	636	732	750	645	755	818	592	730
764000	612	831	729	809	842	639	691	910	706	776
765000	693	814	695	724	777	577	761	888	732	876
766000	704	813	670	712	731	560	693	923	723	810
767000	700	844	671	716	866	593	707	865	704	797
768000	713	875	648	772	862	601	664	950	641	906
769000	749	753	603	678	761	633	659	894	704	986
770000	779	763	622	634	710	610	684	888	663	820
771000	726	791	589	593	772	681	641	879	747	882
772000	711	753	656	693	855	588	593	869	704	901
773000	753	762	691	728	754	610	610	907	664	872
774000	666	819	641	644	791	538	610	830	671	883
775000	741	773	614	651	818	499	605	896	633	915
776000	763	736	645	614	845	510	634	876	655	902
777000	728	833	595	571	742	579	708	848	670	808
778000	650	775	692	726	654	621	682	859	686	815
779000	706	857	640	608	731	555	601	779	691	899
780000	763	757	634	697	653	554	647	713	582	978
781000	751	712	594	773	666	645	674	857	706	772
782000	724	689	580	738	693	570	633	842	752	719
783000	717	832	598	742	768	601	705	908	690	790
784000	679	757	629	721	763	594	614	753	743	830
785000	667	761	559	750	787	559	655	799	805	840
786000	667	804	677	818	653	522	656	753	779	730
787000	728	761	616	736	752	589	665	816	753	850
788000	704	830	669	781	699	589	742	881	778	901
789000	715	847	686	765	761	631	755	907	663	855
790000	744	762	576	659	775	669	681	859	669	723
791000	737	773	679	759	814	593	672	894	712	698
792000	681	840	665	891	834	629	702	765	748	812
793000	705	763	678	836	765	623	818	838	688	816
794000	770	726	675	834	821	657	618	904	705	849
795000	759	839	650	780	881	776	635	827	715	854
796000	757	806	594	875	759	683	561	847	694	847
797000	720	765	685	807	842	607	625	841	676	991
798000	758	732	673	825	765	613	591	842	672	892
799000	808	771	679	817	747	609	658	885	722	846
800000	729	796	544	841	689	586	558	884	641	862
801000	823	780	634	779	596	595	688	865	668	840
802000	766	748	615	822	706	572	620	897	702	847
803000	774	718	582	820	750	659	631	846	641	941
804000	844	771	609	820	715	632	650	809	679	826
805000	784	791	651	809	819	722	634	813	715	793
806000	765	858	615	873	771	605	597	759	683	898
807000	742	849	616	807	697	627	661	847	753	826
808000	728	889	679	783	654	711	581	792	712	784
809000	707	885	635	770	842	657	645	775	681	822
810000	774	878	655	813	744	631	629	761	816	782
811000	782	820	668	714	733	687	714	764	731	819
812000	774	759	676	838	763	784	674	763	656	761
813000	639	858	706	762	821	691	664	795	712	751
814000	715	835	684	758	762	673	736	824	795	772
815000	814	730	752	754	840	642	699	850	677	748
816000	784	764	687	804	720	594	775	845	642	778
817000	825	702	682	729	775	615	773	740	737	762
818000	763	832	650	724	781	607	700	818	757	809
819000	740	824	726	778	794	636	717	861	723	904
820000	797	787	715	792	788	598	697	917	748	924
821000	748	772	707	764	834	653	729	946	701	815
822000	680	883	690	780	745	634	616	958	728	700
823000	746	835	844	685	812	638	671	1001	666	674
824000	818	872	782	844	735	693	642	870	758	820
825000	854	792	803	828	876	665	653	886	558	894
826000	783	790	769	817	857	708	631	971	661	814
827000	701	795	736	748	810	592	675	807	657	873
828000	740	903	724	778	827	611	690	899	610	833
829000	905	838	747	722	806	672	668	816	570	740
830000	802	764	673	645	758	666	644	856	639	717
831000	851	793	684	715	851	751	615	861	784	749
832000	832	792	685	758	730	677	620	869	678	796
833000	799	874	701	758	714	781	696	865	606	790
834000	757	809	760	786	831	681	721	860	774	796
835000	763	807	751	904	774	712	625	873	690	661
836000	800	889	708	763	677	678	678	786	789	897
837000	679	759	709	806	708	647	675	741	591	817
838000	761	826	799	789	720	669	584	941	667	867
839000	777	716	728	709	760	687	609	867	604	727
840000	749	781	784	838	741	641	686	818	777	762
841000	738	864	736	714	701	658	713	639	718	811
842000	736	919	738	673	749	668	592	784	730	785
843000	864	921	727	716	657	609	611	763	746	864
844000	775	847	686	778	695	576	654	820	745	845
845000	840	760	709	755	805	579	666	830	696	761
846000	871	739	721	776	829	633	604	862	731	890
847000	806	741	782	822	810	646	669	808	669	894
848000	797	812	723	860	810	676	646	710	717	868
849000	834	767	812	826	748	656	660	721	716	862
850000	761	766	772	841	735	593	659	733	672	830
851000	823	817	819	942	753	656	655	718	705	790
852000	763	778	790	784	703	638	676	798	607	726
853000	837	769	789	795	730	603	656	801	615	728
854000	737	734	684	800	776	627	724	836	574	885
855000	842	869	778	735	615	692	631	721	666	854
856000	745	763	763	747	741	633	692	753	633	832
857000	804	831	795	736	766	676	645	841	605	793
858000	761	750	610	843	759	624	631	851	672	935
859000	730	840	705	825	846	629	652	792	674	864
860000	744	748	673	668	894	638	663	843	676	797
861000	785	862	767	690	789	621	652	801	667	891
862000	764	794	808	714	789	619	687	800	597	732
863000	787	768	813	689	732	663	685	835	614	807
864000	806	876	722	736	737	659	677	790	617	856
865000	759	838	665	724	767	620	690	739	686	806
866000	718	843	834	808	728	572	691	807	743	740
867000	753	876	812	620	708	603	701	834	766	888
868000	799	794	785	664	720	582	603	774	690	770
869000	819	808	779	693	742	572	580	928	728	863
870000	723	834	755	760	752	644	625	855	656	806
871000	764	867	733	732	776	638	565	758	715	793
872000	831	893	785	709	730	620	683	820	738	791
873000	865	840	737	683	677	710	609	841	827	779
874000	838	834	794	708	687	643	638	839	739	833
875000	807	896	772	750	789	629	660	745	737	761
876000	740	846	703	749	822	620	736	837	642	845
877000	778	821	781	729	734	665	717	880	758	918
878000	729	885	789	703	809	726	649	851	718	857
879000	753	821	780	810	700	637	656	863	705	877
880000	774	874	748	704	822	648	660	848	729	780
881000	778	857	679	767	779	571	648	940	799	755
882000	740	932	762	632	876	693	731	796	638	801
883000	737	792	729	801	778	671	695	874	743	904
884000	786	835	756	819	729	655	736	927	756	829
885000	759	851	700	833	804	679	702	867	715	846
886000	712	839	729	756	753	742	653	792	686	839
887000	766	802	775	818	835	671	664	827	659	860
888000	752	771	718	843	856	687	608	864	719	791
889000	784	776	749	850	759	647	656	883	644	743
890000	767	871	753	903	809	754	685	938	694	730
891000	817	916	884	939	778	649	649	918	720	706
892000	727	816	700	832	741	729	618	845	727	738
893000	705	878	750	808	765	693	665	852	605	744
894000	806	833	831	847	724	739	575	772	683	678
895000	772	892	835	742	734	678	651	916	633	801
896000	766	801	843	673	825	679	629	826	646	748
897000	788	882	808	853	794	701	615	843	685	746
898000	767	915	757	816	756	630	653	854	734	914
899000	800	894	790	812	817	640	630	811	862	881
900000	727	842	792	824	786	643	648	768	785	783
901000	769	858	690	769	825	710	661	800	861	804
902000	858	867	762	878	765	648	674	909	814	760
903000	743	880	809	875	767	708	781	831	767	753
904000	743	943	708	852	741	668	645	999	783	846
905000	785	939	730	774	780	690	640	849	757	825
906000	836	920	778	710	798	682	683	831	820	843
907000	808	889	810	749	804	691	737	879	735	893
908000	822	879	849	803	699	626	659	806	702	924
909000	769	870	801	763	889	728	699	911	767	780
910000	792	891	759	756	837	670	673	907	725	753
911000	844	893	788	803	826	660	702	857	761	819
912000	816	757	816	777	775	733	592	842	767	801
913000	904	779	756	834	792	770	721	832	833	782
914000	754	815	746	836	875	740	715	859	748	863
915000	812	783	804	805	749	681	722	775	745	896
916000	789	879	775	740	833	715	561	858	774	904
917000	810	838	896	809	838	711	641	878	779	905
918000	798	855	841	848	894	664	646	771	728	807
919000	740	737	870	841	865	725	623	759	649	892
920000	817	899	792	838	843	753	695	793	688	849
921000	721	888	792	822	803	715	620	822	733	841
922000	790	814	737	771	925	811	534	805	795	789
923000	793	907	764	772	800	738	563	865	742	852
924000	887	937	785	816	732	687	560	843	760	723
925000	744	937	832	747	806	733	564	899	762	806
926000	811	794	803	727	822	791	595	859	773	754
927000	771	829	808	758	780	770	564	741	760	851
928000	817	776	821	779	889	765	679	896	712	807
929000	797	824	819	807	739	756	697	842	758	856
930000	785	746	857	822	804	824	718	899	778	843
931000	773	836	784	824	812	770	547	940	712	866
932000	751	825	770	900	823	804	614	862	738	756
933000	846	800	753	809	869	731	579	824	748	859
934000	806	872	785	774	858	732	596	912	723	825
935000	902	886	880	751	756	823	679	906	788	747
936000	787	878	794	784	820	687	586	900	680	826
937000	806	795	826	759	717	653	597	848	600	881
938000	825	809	802	773	859	709	625	821	803	712
939000	807	778	741	747	890	709	625	714	836	717
940000	768	820	747	818	806	707	616	899	550	744
941000	697	866	609	747	794	768	640	858	691	876
942000	802	788	705	777	689	591	656	833	714	798
943000	734	723	796	690	752	679	613	743	661	724
944000	715	849	761	677	758	671	626	839	598	720
945000	740	735	823	825	723	692	614	732	656	789
946000	764	779	702	894	702	719	665	861	742	781
947000	715	823	790	775	751	803	603	847	705	767
948000	667	685	722	869	732	721	665	833	710	734
949000	668	773	795	775	727	691	684	831	762	762
950000	757	762	749	810	616	660	667	834	711	817
951000	673	790	763	856	757	780	616	744	646	718
952000	657	856	707	806	725	776	601	887	694	660
953000	625	864	633	847	711	732	573	868	788	880
954000	747	887	666	819	803	759	579	906	745	756
955000	697	840	717	836	784	792	662	801	728	758
956000	690	967	681	824	773	755	616	842	717	779
957000	760	891	679	842	734	776	642	980	607	782
958000	736	878	778	727	635	605	609	796	544	864
959000	747	861	808	807	702	725	695	748	634	699
960000	857	859	799	787	700	745	795	873	727	811
961000	762	773	796	843	770	740	696	894	768	816
962000	748	838	757	826	684	711	679	904	669	860
963000	856	794	817	895	672	769	747	846	780	754
964000	807	742	716	760	732	694	748	776	649	772
965000	726	816	754	867	775	730	722	816	752	794
966000	680	869	725	722	670	787	735	826	718	801
967000	720	812	713	693	803	775	700	851	757	658
968000	785	821	737	749	773	663	762	882	725	760
969000	722	873	692	863	789	649	820	906	805	881
970000	796	862	731	841	747	624	754	867	800	883
971000	743	957	747	823	852	694	705	883	759	703
972000	692	789	735	797	714	663	733	770	709	852
973000	631	901	769	829	809	627	705	814	720	704
974000	737	858	738	783	830	648	767	847	703	808
975000	720	799	758	635	775	737	751	849	672	711
976000	816	768	820	704	820	722	705	780	656	733
977000	783	840	691	701	809	639	646	875	718	637
978000	768	802	801	741	754	739	686	916	636	611
979000	773	843	724	772	763	626	747	884	671	744
980000	751	862	652	745	832	754	725	877	631	762
981000	838	838	721	728	818	740	746	850	789	803
982000	773	784	788	783	717	752	751	795	772	774
983000	757	802	741	752	675	775	722	826	660	707
984000	710	877	781	766	743	785	825	839	672	765
985000	622	808	697	768	782	743	817	879	727	710
986000	643	880	818	712	846	853	758	852	720	699
987000	714	814	701	759	816	856	692	830	769	715
988000	708	945	710	781	807	863	711	848	763	703
989000	693	908	781	837	696	787	702	850	647	686
990000	699	984	740	737	771	815	733	901	679	700
991000	711	890	771	762	756	710	817	907	636	674
992000	626	910	813	825	726	630	759	915	707	812
993000	738	919	643	824	737	801	757	913	615	808
994000	652	934	820	891	808	824	729	863	714	765
995000	703	802	733	769	777	819	762	767	761	754
996000	694	823	734	790	867	891	742	798	662	729
997000	669	843	658	801	882	857	772	799	706	765
998000	656	789	842	697	796	688	810	878	796	648
999000	659	834	749	635	845	728	778	895	677	719
1000000	0	1	1	0	1	0	1	0	0	1
