0	5	6	17	17	7	7	18	18	13	9	0	0	0	0	0	0	0	0	0	0	0
1000	1	2	1	1	4	3	4	5	4	6	1000	0	0	0	0	0	0	0	0	0	0
2000	5	3	2	4	1	7	1	20	16	4	2000	0	0	0	0	0	0	0	0	0	0
3000	5	4	3	1	3	6	3	12	12	5	3000	0	0	0	0	0	0	0	0	0	0
4000	8	2	0	0	23	4	3	21	10	1	4000	0	0	0	0	0	0	0	0	0	0
5000	4	1	0	2	24	7	2	9	6	2	5000	0	0	0	0	0	0	0	0	0	0
6000	4	1	0	12	11	16	3	6	4	11	6000	0	0	0	0	0	0	0	0	0	0
7000	2	0	0	12	7	19	1	7	5	3	7000	0	0	0	0	0	0	0	0	0	0
8000	9	0	0	7	6	3	3	8	0	4	8000	0	0	0	0	0	0	0	0	0	0
9000	7	3	0	7	3	1	0	4	1	8	9000	0	0	0	0	0	0	0	0	0	0
10000	4	0	2	2	14	1	6	3	0	2	10000	0	0	0	0	0	0	0	0	0	0
11000	6	0	0	0	11	3	3	2	6	1	11000	0	0	0	0	0	0	0	0	0	0
12000	4	1	0	2	28	7	2	13	1	1	12000	0	0	0	0	0	0	0	0	0	0
13000	2	4	1	1	14	18	2	6	1	0	13000	0	0	0	0	0	0	0	0	0	0
14000	2	3	6	12	8	6	4	34	2	7	14000	0	0	0	0	0	0	0	0	0	0
15000	1	3	2	3	5	6	8	25	0	6	15000	0	0	0	0	0	0	0	0	0	0
16000	5	2	0	0	13	5	4	29	2	7	16000	0	0	0	0	0	0	0	0	0	0
17000	9	10	0	1	30	11	1	12	0	4	17000	0	0	0	0	0	0	0	0	0	0
18000	7	1	0	1	18	18	2	27	0	6	18000	0	0	0	0	0	0	0	0	0	0
19000	7	0	0	4	28	17	0	17	9	6	19000	0	0	0	0	0	0	0	0	0	0
20000	0	3	2	5	10	52	0	52	8	14	20000	0	0	0	0	0	0	0	0	0	0
21000	4	0	1	5	4	32	1	16	0	9	21000	0	0	0	0	0	0	0	0	0	0
22000	7	0	0	2	19	22	0	35	1	6	22000	0	0	0	0	0	0	0	0	0	0
23000	8	0	0	2	17	9	1	29	0	6	23000	0	0	0	0	0	0	0	0	0	0
24000	10	2	2	0	12	15	2	24	1	31	24000	0	0	0	0	0	0	0	0	0	0
25000	2	2	0	0	34	9	2	15	1	6	25000	0	0	0	0	0	0	0	0	0	0
26000	5	4	1	0	31	13	3	16	0	6	26000	0	0	0	0	0	0	0	0	0	0
27000	8	2	1	6	11	7	1	14	0	8	27000	0	0	0	0	0	0	0	0	0	0
28000	5	0	1	2	5	2	1	35	1	2	28000	0	0	0	0	0	0	0	0	0	0
29000	3	2	0	4	8	3	0	29	0	13	29000	0	0	0	0	0	0	0	0	0	0
30000	9	0	0	3	39	5	1	54	0	16	30000	0	0	0	0	0	0	0	0	0	0
31000	2	0	0	3	13	18	0	48	0	27	31000	0	0	0	0	0	0	0	0	0	0
32000	5	0	3	2	20	30	1	43	0	8	32000	0	0	0	0	0	0	0	0	0	0
33000	5	1	1	8	12	5	1	48	0	14	33000	0	0	0	0	0	0	0	0	0	0
34000	13	2	0	11	12	9	6	38	0	20	34000	0	0	0	0	0	0	0	0	0	0
35000	9	8	3	10	25	2	10	81	0	18	35000	0	0	0	0	0	0	0	0	0	0
36000	34	3	2	32	17	12	1	41	0	31	36000	0	0	0	0	0	0	0	0	0	0
37000	33	2	2	22	25	35	5	51	2	11	37000	0	0	0	0	0	0	0	0	0	0
38000	40	0	0	2	17	17	9	33	11	41	38000	0	0	0	0	0	0	0	0	0	0
39000	19	0	1	10	14	45	2	39	9	25	39000	0	0	0	0	0	0	0	0	0	0
40000	5	0	9	13	13	60	7	49	1	13	40000	0	0	0	0	0	0	0	0	0	0
41000	42	0	4	13	16	89	4	98	5	16	41000	0	0	0	0	0	0	0	0	0	0
42000	15	0	3	5	14	45	0	98	2	25	42000	0	0	0	0	0	0	0	0	0	0
43000	31	2	1	2	14	85	1	111	7	38	43000	0	0	0	0	0	0	0	0	0	0
44000	37	0	2	5	21	61	5	144	6	17	44000	0	0	0	0	0	0	0	0	0	0
45000	14	3	3	2	22	58	2	97	2	14	45000	0	0	0	0	0	0	0	0	0	0
46000	10	6	0	7	24	64	0	106	2	17	46000	0	0	0	0	0	0	0	0	0	0
47000	5	4	11	10	15	68	0	128	1	28	47000	0	0	0	0	0	0	0	0	0	0
48000	28	6	18	12	29	88	1	87	1	15	48000	0	0	0	0	0	0	0	0	0	0
49000	14	0	5	20	27	70	4	84	1	13	49000	0	0	0	0	0	0	0	0	0	0
50000	14	0	2	12	43	67	3	61	4	6	50000	0	0	0	0	0	0	0	0	0	0
51000	24	0	5	16	32	77	4	100	8	31	51000	0	0	0	0	0	0	0	0	0	0
52000	40	0	7	3	42	61	5	104	2	17	52000	0	0	0	0	0	0	0	0	0	0
53000	43	2	4	4	61	67	9	160	4	9	53000	0	0	0	0	0	0	0	0	0	0
54000	71	3	2	8	32	83	8	175	0	4	54000	0	0	0	0	0	0	0	0	0	0
55000	41	3	0	13	8	88	6	215	1	9	55000	0	0	0	0	0	0	0	0	0	0
56000	45	3	4	3	12	95	2	165	4	7	56000	0	0	0	0	0	0	0	0	0	0
57000	57	3	1	5	53	90	1	146	4	25	57000	0	0	0	0	0	0	0	0	0	0
58000	82	5	3	12	49	60	3	213	0	22	58000	0	0	0	0	0	0	0	0	0	0
59000	87	3	5	11	69	44	3	196	1	24	59000	0	0	0	0	0	0	0	0	0	0
60000	83	0	6	24	27	45	4	239	2	5	60000	0	0	0	0	0	0	0	0	0	0
61000	80	1	4	8	33	55	1	304	0	69	61000	0	0	0	0	0	0	0	0	0	0
62000	37	6	2	6	22	103	5	304	0	44	62000	0	0	0	0	0	0	0	0	0	0
63000	43	0	8	9	54	119	1	254	0	31	63000	0	0	0	0	0	0	0	0	0	0
64000	50	2	25	4	50	135	5	229	0	39	64000	0	0	0	0	0	0	0	0	0	0
65000	61	0	8	7	33	109	4	221	0	26	65000	0	0	0	0	0	0	0	0	0	0
66000	76	7	1	4	56	131	1	300	0	32	66000	0	0	0	0	0	0	0	0	0	0
67000	58	4	2	5	81	156	2	315	0	75	67000	0	0	0	0	0	0	0	0	0	0
68000	40	4	1	3	73	148	4	306	0	71	68000	0	0	0	0	0	0	0	0	0	0
69000	47	0	2	8	79	143	0	322	0	30	69000	0	0	0	0	0	0	0	0	0	0
70000	48	1	0	8	45	191	4	337	0	36	70000	0	0	0	0	0	0	0	0	0	0
71000	53	7	0	14	26	183	2	366	1	33	71000	0	0	0	0	0	0	0	0	0	0
72000	98	6	4	6	38	209	1	318	0	57	72000	0	0	0	0	0	0	0	0	0	0
73000	48	16	1	8	70	200	0	382	5	67	73000	0	0	0	0	0	0	0	0	0	0
74000	42	4	5	7	71	207	1	394	14	46	74000	0	0	0	0	0	0	0	0	0	0
75000	57	1	3	1	56	238	0	368	6	26	75000	0	0	0	0	0	0	0	0	0	0
76000	33	1	8	9	18	150	2	360	3	58	76000	0	0	0	0	0	0	0	0	0	0
77000	55	5	0	1	73	204	2	438	2	73	77000	0	0	0	0	0	0	0	0	0	0
78000	92	0	1	3	42	224	4	342	3	44	78000	0	0	0	0	0	0	0	0	0	0
79000	100	0	4	28	52	234	3	318	8	84	79000	0	0	0	0	0	0	0	0	0	0
80000	42	3	2	32	69	240	0	334	5	89	80000	0	0	0	0	0	0	0	0	0	0
81000	62	1	2	22	53	258	0	358	6	67	81000	0	0	0	0	0	0	0	0	0	0
82000	79	1	2	9	97	247	0	416	2	69	82000	0	0	0	0	0	0	0	0	0	0
83000	113	10	2	4	101	287	1	352	6	38	83000	0	0	0	0	0	0	0	0	0	0
84000	64	1	0	5	76	313	3	309	1	25	84000	0	0	0	0	0	0	0	0	0	0
85000	102	1	4	13	91	253	0	307	4	16	85000	0	0	0	0	0	0	0	0	0	0
86000	95	4	7	7	93	307	0	295	0	37	86000	0	0	0	0	0	0	0	0	0	0
87000	106	1	3	19	116	261	0	315	0	17	87000	0	0	0	0	0	0	0	0	0	0
88000	77	5	14	6	83	335	1	335	1	8	88000	0	0	0	0	0	0	0	0	0	0
89000	62	3	1	2	75	313	1	401	0	19	89000	0	0	0	0	0	0	0	0	0	0
90000	83	2	1	2	88	265	0	397	0	31	90000	0	0	0	0	0	0	0	0	0	0
91000	45	7	1	13	80	297	2	441	2	32	91000	0	0	0	0	0	0	0	0	0	0
92000	82	5	2	23	133	251	2	354	0	41	92000	0	0	0	0	0	0	0	0	0	0
93000	73	0	0	20	106	264	0	357	2	57	93000	0	0	0	0	0	0	0	0	0	0
94000	58	2	4	12	95	183	2	368	0	81	94000	0	0	0	0	0	0	0	0	0	0
95000	91	0	20	17	113	251	0	371	1	81	95000	0	0	0	0	0	0	0	0	0	0
96000	152	2	1	39	128	247	0	318	3	60	96000	0	0	0	0	0	0	0	0	0	0
97000	131	2	2	22	79	338	1	353	0	81	97000	0	0	0	0	0	0	0	0	0	0
98000	64	2	6	48	128	246	2	349	0	51	98000	0	0	0	0	0	0	0	0	0	0
99000	77	0	3	26	126	228	2	353	1	67	99000	0	0	0	0	0	0	0	0	0	0
100000	95	0	2	16	130	210	0	316	7	86	100000	0	0	0	0	0	0	0	0	0	0
101000	150	9	3	35	179	219	1	372	2	32	101000	0	0	0	0	0	0	0	0	0	0
102000	83	2	5	26	224	243	1	382	0	67	102000	0	0	0	0	0	0	0	0	0	0
103000	83	1	6	29	191	232	0	388	0	34	103000	0	0	0	0	0	0	0	0	0	0
104000	103	3	1	8	145	255	2	381	0	19	104000	0	0	0	0	0	0	0	0	0	0
105000	72	6	0	24	176	344	0	442	0	43	105000	0	0	0	0	0	0	0	0	0	0
106000	41	1	1	18	215	266	4	420	0	29	106000	0	0	0	0	0	0	0	0	0	0
107000	26	0	2	28	191	303	1	405	4	46	107000	0	0	0	0	0	0	0	0	0	0
108000	45	2	2	23	160	302	0	415	3	57	108000	0	0	0	0	0	0	0	0	0	0
109000	30	1	1	9	160	350	1	389	11	23	109000	0	0	0	0	0	0	0	0	0	0
110000	48	0	1	16	188	393	2	366	9	91	110000	0	0	0	0	0	0	0	0	0	0
111000	105	0	1	21	212	302	1	352	2	102	111000	0	0	0	0	0	0	0	0	0	0
112000	63	0	2	21	214	262	0	368	1	112	112000	0	0	0	0	0	0	0	0	0	0
113000	69	0	7	19	189	322	0	380	9	70	113000	0	0	0	0	0	0	0	0	0	0
114000	70	0	0	27	184	302	1	337	8	41	114000	0	0	0	0	0	0	0	0	0	0
115000	79	2	0	25	223	292	0	426	5	58	115000	0	0	0	0	0	0	0	0	0	0
116000	46	9	1	50	201	288	0	369	0	70	116000	0	0	0	0	0	0	0	0	0	0
117000	103	6	0	54	263	327	2	369	2	58	117000	0	0	0	0	0	0	0	0	0	0
118000	80	8	0	21	288	380	3	293	3	43	118000	0	0	0	0	0	0	0	0	0	0
119000	96	1	2	13	222	367	1	380	0	52	119000	0	0	0	0	0	0	0	0	0	0
120000	82	7	5	9	245	350	0	323	3	52	120000	0	0	0	0	0	0	0	0	0	0
121000	84	5	5	20	209	383	0	403	1	68	121000	0	0	0	0	0	0	0	0	0	0
122000	105	3	1	20	226	367	0	356	0	81	122000	0	0	0	0	0	0	0	0	0	0
123000	133	4	4	24	186	342	0	379	11	73	123000	0	0	0	0	0	0	0	0	0	0
124000	125	1	1	24	183	355	1	363	13	50	124000	0	0	0	0	0	0	0	0	0	0
125000	126	14	0	12	241	336	2	303	2	120	125000	0	0	0	0	0	0	0	0	0	0
126000	90	2	7	20	213	373	0	326	0	164	126000	0	0	0	0	0	0	0	0	0	0
127000	68	8	1	18	219	318	0	374	5	199	127000	0	0	0	0	0	0	0	0	0	0
128000	87	9	2	22	191	287	0	307	3	159	128000	0	0	0	0	0	0	0	0	0	0
129000	112	3	0	24	205	368	2	369	0	160	129000	0	0	0	0	0	0	0	0	0	0
130000	105	3	0	51	248	325	0	360	12	177	130000	0	0	0	0	0	0	0	0	0	0
131000	46	10	1	28	244	359	2	432	3	239	131000	0	0	0	0	0	0	0	0	0	0
132000	35	6	5	31	278	386	7	369	0	229	132000	0	0	0	0	0	0	0	0	0	0
133000	88	6	0	44	279	342	0	393	9	227	133000	0	0	0	0	0	0	0	0	0	0
134000	51	6	0	22	274	369	0	345	30	213	134000	0	0	0	0	0	0	0	0	0	0
135000	64	9	2	25	245	298	4	306	1	256	135000	0	0	0	0	0	0	0	0	0	0
136000	92	6	2	21	218	376	0	350	0	299	136000	0	0	0	0	0	0	0	0	0	0
137000	125	30	2	47	217	374	4	348	2	309	137000	0	0	0	0	0	0	0	0	0	0
138000	110	26	1	23	240	340	0	428	0	291	138000	0	0	0	0	0	0	0	0	0	0
139000	116	9	1	30	224	297	1	351	2	269	139000	0	0	0	0	0	0	0	0	0	0
140000	112	6	1	58	193	353	0	430	1	379	140000	0	0	0	0	0	0	0	0	0	0
141000	104	30	4	53	185	363	0	374	8	407	141000	0	0	0	0	0	0	0	0	0	0
142000	106	16	3	20	216	335	0	448	1	384	142000	0	0	0	0	0	0	0	0	0	0
143000	98	22	3	22	263	294	1	370	3	398	143000	0	0	0	0	0	0	0	0	0	0
144000	157	22	2	19	265	324	4	356	8	368	144000	0	0	0	0	0	0	0	0	0	0
145000	197	24	6	14	226	322	0	357	3	362	145000	0	0	0	0	0	0	0	0	0	0
146000	223	23	5	28	229	249	0	278	5	365	146000	0	0	0	0	0	0	0	0	0	0
147000	221	7	2	28	264	248	0	272	6	378	147000	0	0	0	0	0	0	0	0	0	0
148000	195	36	1	26	295	245	0	345	1	321	148000	0	0	0	0	0	0	0	0	0	0
149000	178	43	3	40	291	254	1	374	1	337	149000	0	0	0	0	0	0	0	0	0	0
150000	121	34	1	45	268	254	0	434	0	363	150000	0	0	0	0	0	0	0	0	0	0
151000	112	12	1	51	296	287	0	347	0	358	151000	0	0	0	0	0	0	0	0	0	0
152000	187	4	0	35	371	293	0	436	0	331	152000	0	0	0	0	0	0	0	0	0	0
153000	164	11	1	42	334	273	1	420	0	293	153000	0	0	0	0	0	0	0	0	0	0
154000	131	15	2	30	323	294	0	396	0	287	154000	0	0	0	0	0	0	0	0	0	0
155000	107	48	0	81	277	306	2	413	9	356	155000	0	0	0	0	0	0	0	0	0	0
156000	125	36	0	52	300	324	0	372	1	322	156000	0	0	0	0	0	0	0	0	0	0
157000	141	32	0	50	279	289	1	410	1	292	157000	0	0	0	0	0	0	0	0	0	0
158000	171	25	6	43	282	298	0	380	1	352	158000	0	0	0	0	0	0	0	0	0	0
159000	238	29	3	76	304	332	2	366	3	361	159000	0	0	0	0	0	0	0	0	0	0
160000	217	27	0	77	315	309	4	277	0	414	160000	0	0	0	0	0	0	0	0	0	0
161000	216	41	0	96	376	330	0	326	0	419	161000	0	0	0	0	0	0	0	0	0	0
162000	305	46	0	79	387	362	4	344	0	407	162000	0	0	0	0	0	0	0	0	0	0
163000	212	33	0	73	409	380	5	373	1	424	163000	0	0	0	0	0	0	0	0	0	0
164000	198	102	0	52	390	426	4	455	4	408	164000	0	0	0	0	0	0	0	0	0	0
165000	234	73	4	50	414	316	1	408	0	345	165000	0	0	0	0	0	0	0	0	0	0
166000	239	54	0	24	377	273	5	406	7	381	166000	0	0	0	0	0	0	0	0	0	0
167000	179	34	0	63	360	321	20	371	2	465	167000	0	0	0	0	0	0	0	0	0	0
168000	267	61	0	53	294	361	39	440	0	470	168000	0	0	0	0	0	0	0	0	0	0
169000	271	31	0	111	361	321	21	381	0	475	169000	0	0	0	0	0	0	0	0	0	0
170000	233	40	0	92	361	293	21	393	3	576	170000	0	0	0	0	0	0	0	0	0	0
171000	184	58	0	176	319	309	35	369	1	500	171000	0	0	0	0	0	0	0	0	0	0
172000	168	49	1	93	349	302	27	383	0	506	172000	0	0	0	0	0	0	0	0	0	0
173000	295	60	1	83	450	356	54	327	1	440	173000	0	0	0	0	0	0	0	0	0	0
174000	303	93	2	120	426	368	55	454	1	474	174000	0	0	0	0	0	0	0	0	0	0
175000	309	67	4	68	358	323	26	411	7	489	175000	0	0	0	0	0	0	0	0	0	0
176000	347	51	1	67	316	346	37	433	0	481	176000	0	0	0	0	0	0	0	0	0	0
177000	352	26	6	150	319	415	20	428	4	520	177000	0	0	0	0	0	0	0	0	0	0
178000	341	45	14	139	346	382	13	426	1	424	178000	0	0	0	0	0	0	0	0	0	0
179000	363	65	6	172	369	332	22	403	0	510	179000	0	0	0	0	0	0	0	0	0	0
180000	322	51	6	142	304	295	5	468	0	524	180000	0	0	0	0	0	0	0	0	0	0
181000	286	57	9	146	345	360	21	492	1	503	181000	0	0	0	0	0	0	0	0	0	0
182000	406	75	2	124	362	400	22	439	8	496	182000	0	0	0	0	0	0	0	0	0	0
183000	367	58	3	125	404	377	20	378	16	527	183000	0	0	0	0	0	0	0	0	0	0
184000	287	57	16	100	436	323	17	397	7	529	184000	0	0	0	0	0	0	0	0	0	0
185000	329	62	4	131	450	406	16	350	5	486	185000	0	0	0	0	0	0	0	0	0	0
186000	278	61	6	195	458	484	19	377	5	593	186000	0	0	0	0	0	0	0	0	0	0
187000	428	48	0	150	381	456	6	372	14	589	187000	0	0	0	0	0	0	0	0	0	0
188000	386	58	1	154	398	414	19	402	26	532	188000	0	0	0	0	0	0	0	0	0	0
189000	447	97	0	191	392	422	19	493	2	535	189000	0	0	0	0	0	0	0	0	0	0
190000	369	102	6	109	400	417	16	387	3	533	190000	0	0	0	0	0	0	0	0	0	0
191000	369	109	27	194	417	359	6	402	1	459	191000	0	0	0	0	0	0	0	0	0	0
192000	328	113	25	235	374	423	25	401	0	397	192000	0	0	0	0	0	0	0	0	0	0
193000	376	113	5	254	361	375	48	396	1	466	193000	0	0	0	0	0	0	0	0	0	0
194000	446	181	2	266	445	363	35	378	3	478	194000	0	0	0	0	0	0	0	0	0	0
195000	372	182	5	241	369	389	65	379	6	390	195000	0	0	0	0	0	0	0	0	0	0
196000	468	190	5	299	398	368	46	369	7	357	196000	0	0	0	0	0	0	0	0	0	0
197000	394	189	8	220	316	375	41	361	17	460	197000	0	0	0	0	0	0	0	0	0	0
198000	398	176	8	299	473	417	36	416	5	480	198000	0	0	0	0	0	0	0	0	0	0
199000	345	187	13	330	430	388	44	392	2	394	199000	0	0	0	0	0	0	0	0	0	0
200000	362	242	4	307	445	399	45	470	1	470	200000	0	0	0	0	0	0	0	0	0	0
201000	340	201	4	368	423	438	42	361	0	539	201000	0	0	0	0	0	0	0	0	0	0
202000	442	230	7	279	358	475	19	468	2	573	202000	0	0	0	0	0	0	0	0	0	0
203000	464	176	0	184	350	473	48	351	2	507	203000	0	0	0	0	0	0	0	0	0	0
204000	399	224	3	237	378	504	27	367	1	607	204000	0	0	0	0	0	0	0	0	0	0
205000	418	207	4	208	357	477	40	381	15	500	205000	0	0	0	0	0	0	0	0	0	0
206000	420	175	5	329	358	461	51	434	4	505	206000	0	0	0	0	0	0	0	0	0	0
207000	479	183	2	325	365	452	75	338	4	499	207000	0	0	0	0	0	0	0	0	0	0
208000	490	162	5	281	413	451	84	406	10	504	208000	0	0	0	0	0	0	0	0	0	0
209000	433	201	3	317	391	396	106	449	6	512	209000	0	0	0	0	0	0	0	0	0	0
210000	355	179	6	304	433	439	119	382	15	509	210000	0	0	0	0	0	0	0	0	0	0
211000	478	241	4	267	454	462	124	410	4	473	211000	0	0	0	0	0	0	0	0	0	0
212000	363	237	1	275	446	471	81	388	0	552	212000	0	0	0	0	0	0	0	0	0	0
213000	474	273	2	271	411	445	120	377	8	474	213000	0	0	0	0	0	0	0	0	0	0
214000	375	216	2	260	474	543	107	332	1	512	214000	0	0	0	0	0	0	0	0	0	0
215000	350	235	0	329	473	467	148	299	1	596	215000	0	0	0	0	0	0	0	0	0	0
216000	349	220	4	335	488	470	85	312	3	557	216000	0	0	0	0	0	0	0	0	0	0
217000	475	242	1	326	495	455	93	375	8	473	217000	0	0	0	0	0	0	0	0	0	0
218000	437	169	0	271	467	464	102	336	5	585	218000	0	0	0	0	0	0	0	0	0	0
219000	348	236	0	283	550	527	156	321	4	549	219000	0	0	0	0	0	0	0	0	0	0
220000	350	256	2	342	497	467	93	301	7	516	220000	0	0	0	0	0	0	0	0	0	0
221000	365	192	7	366	479	413	181	330	5	512	221000	0	0	0	0	0	0	0	0	0	0
222000	426	266	4	285	505	435	170	335	11	556	222000	0	0	0	0	0	0	0	0	0	0
223000	445	258	5	301	510	448	164	360	34	471	223000	0	0	0	0	0	0	0	0	0	0
224000	448	251	5	296	536	390	185	435	9	490	224000	0	0	0	0	0	0	0	0	0	0
225000	561	268	6	342	403	479	168	374	5	578	225000	0	0	0	0	0	0	0	0	0	0
226000	500	274	0	345	540	501	210	379	13	553	226000	0	0	0	0	0	0	0	0	0	0
227000	428	214	1	394	525	505	230	333	19	562	227000	0	0	0	0	0	0	0	0	0	0
228000	535	282	13	342	587	438	267	360	2	539	228000	0	0	0	0	0	0	0	0	0	0
229000	534	254	20	299	476	505	263	383	5	565	229000	0	0	0	0	0	0	0	0	0	0
230000	608	307	9	295	594	421	195	347	11	497	230000	0	0	0	0	0	0	0	0	0	0
231000	638	310	8	302	515	430	268	358	13	474	231000	0	0	0	0	0	0	0	0	0	0
232000	553	282	9	298	474	389	255	338	11	555	232000	0	0	0	0	0	0	0	0	0	0
233000	584	325	10	270	496	483	234	361	7	534	233000	0	0	0	0	0	0	0	0	0	0
234000	495	293	0	329	478	449	255	392	11	483	234000	0	0	0	0	0	0	0	0	0	0
235000	386	276	2	337	536	492	197	392	13	505	235000	0	0	0	0	0	0	0	0	0	0
236000	518	300	6	289	524	548	233	395	17	522	236000	0	0	0	0	0	0	0	0	0	0
237000	449	273	3	304	514	465	223	381	29	569	237000	0	0	0	0	0	0	0	0	0	0
238000	482	233	0	313	537	471	265	421	81	586	238000	0	0	0	0	0	0	0	0	0	0
239000	496	186	8	303	498	529	279	425	52	531	239000	0	0	0	0	0	0	0	0	0	0
240000	437	221	3	254	505	458	379	379	25	440	240000	0	0	0	0	0	0	0	0	0	0
241000	528	266	4	326	449	486	269	373	14	500	241000	0	0	0	0	0	0	0	0	0	0
242000	530	280	3	294	502	598	293	415	29	464	242000	0	0	0	0	0	0	0	0	0	0
243000	495	191	2	334	479	508	317	383	25	538	243000	0	0	0	0	0	0	0	0	0	0
244000	571	257	2	316	449	528	292	506	37	513	244000	0	0	0	0	0	0	0	0	0	0
245000	565	214	1	274	512	531	318	449	78	478	245000	0	0	0	0	0	0	0	0	0	0
246000	541	273	0	300	605	465	378	476	76	541	246000	0	0	0	0	0	0	0	0	0	0
247000	640	276	5	293	620	493	381	471	70	477	247000	0	0	0	0	0	0	0	0	0	0
248000	566	278	6	284	562	480	344	545	46	550	248000	0	0	0	0	0	0	0	0	0	0
249000	596	275	0	258	487	482	379	477	55	606	249000	0	0	0	0	0	0	0	0	0	0
250000	532	311	0	334	628	531	328	439	27	566	250000	0	0	0	0	0	0	0	0	0	0
251000	451	323	0	275	617	457	310	479	51	473	251000	0	0	0	0	0	0	0	0	0	0
252000	562	307	5	272	565	526	386	437	110	486	252000	0	0	0	0	0	0	0	0	0	0
253000	579	256	0	289	580	519	371	419	78	484	253000	0	0	0	0	0	0	0	0	0	0
254000	646	346	1	317	579	504	313	436	31	440	254000	0	0	0	0	0	0	0	0	0	0
255000	603	319	6	348	480	469	279	553	45	543	255000	0	0	0	0	0	0	0	0	0	0
256000	691	331	2	347	562	530	305	438	73	536	256000	0	0	0	0	0	0	0	0	0	0
257000	653	301	15	331	508	527	341	464	68	521	257000	0	0	0	0	0	0	0	0	0	0
258000	633	324	2	339	546	558	303	554	66	487	258000	0	0	0	0	0	0	0	0	0	0
259000	664	252	1	312	582	483	397	470	84	415	259000	0	0	0	0	0	0	0	0	0	0
260000	650	294	1	342	470	472	387	537	181	441	260000	0	0	0	0	0	0	0	0	0	0
261000	648	294	1	380	497	492	351	455	127	556	261000	0	0	0	0	0	0	0	0	0	0
262000	552	317	10	366	570	511	356	523	115	566	262000	0	0	0	0	0	0	0	0	0	0
263000	674	287	29	321	613	449	366	494	127	603	263000	0	0	0	0	0	0	0	0	0	0
264000	647	273	15	285	551	426	360	497	155	522	264000	0	0	0	0	0	0	0	0	0	0
265000	436	256	4	339	576	442	394	521	138	605	265000	0	0	0	0	0	0	0	0	0	0
266000	464	275	3	315	523	500	315	479	172	610	266000	0	0	0	0	0	0	0	0	0	0
267000	567	276	4	333	505	471	329	539	190	554	267000	0	0	0	0	0	0	0	0	0	0
268000	567	327	10	261	625	487	384	468	153	591	268000	0	0	0	0	0	0	0	0	0	0
269000	622	345	0	245	639	502	361	551	137	626	269000	0	0	0	0	0	0	0	0	0	0
270000	569	383	1	258	616	562	432	498	125	583	270000	0	0	0	0	0	0	0	0	0	0
271000	454	411	7	290	534	587	476	526	124	554	271000	0	0	0	0	0	0	0	0	0	0
272000	535	378	23	320	551	550	472	616	136	560	272000	0	0	0	0	0	0	0	0	0	0
273000	537	363	13	238	543	580	441	607	124	581	273000	0	0	0	0	0	0	0	0	0	0
274000	510	398	5	242	570	569	407	605	153	570	274000	0	0	0	0	0	0	0	0	0	0
275000	510	359	1	331	525	529	577	567	231	534	275000	0	0	0	0	0	0	0	0	0	0
276000	570	356	4	345	643	553	458	531	196	553	276000	0	0	0	0	0	0	0	0	0	0
277000	609	388	1	333	557	578	419	545	168	644	277000	0	0	0	0	0	0	0	0	0	0
278000	698	372	1	266	633	520	406	555	171	597	278000	0	0	0	0	0	0	0	0	0	0
279000	670	349	0	273	576	655	429	566	205	611	279000	0	0	0	0	0	0	0	0	0	0
280000	632	361	0	303	609	616	445	636	208	627	280000	0	0	0	0	0	0	0	0	0	0
281000	656	410	3	282	545	550	341	554	218	626	281000	0	0	0	0	0	0	0	0	0	0
282000	718	360	1	309	571	630	340	577	215	545	282000	0	0	0	0	0	0	0	0	0	0
283000	637	360	1	378	567	620	414	630	274	581	283000	0	0	0	0	0	0	0	0	0	0
284000	686	387	0	403	553	572	471	557	275	513	284000	0	0	0	0	0	0	0	0	0	0
285000	693	344	5	318	502	584	474	508	248	569	285000	0	0	0	0	0	0	0	0	0	0
286000	676	331	1	271	588	555	454	546	324	613	286000	0	0	0	0	0	0	0	0	0	0
287000	714	301	4	319	538	561	465	583	270	511	287000	0	0	0	0	0	0	0	0	0	0
288000	620	321	11	420	539	601	512	584	321	528	288000	0	0	0	0	0	0	0	0	0	0
289000	629	393	2	413	573	550	464	519	272	638	289000	0	0	0	0	0	0	0	0	0	0
290000	635	314	5	412	596	524	500	559	217	587	290000	0	0	0	0	0	0	0	0	0	0
291000	764	273	8	341	602	585	460	521	243	497	291000	0	0	0	0	0	0	0	0	0	0
292000	645	244	1	420	570	577	405	456	246	569	292000	0	0	0	0	0	0	0	0	0	0
293000	692	381	1	452	568	487	356	484	301	500	293000	0	0	0	0	0	0	0	0	0	0
294000	643	354	2	400	626	585	341	548	318	535	294000	0	0	0	0	0	0	0	0	0	0
295000	711	379	3	410	623	553	370	540	271	525	295000	0	0	0	0	0	0	0	0	0	0
296000	714	344	7	460	658	528	450	542	351	536	296000	0	0	0	0	0	0	0	0	0	0
297000	680	403	3	447	552	573	415	621	392	579	297000	0	0	0	0	0	0	0	0	0	0
298000	686	338	0	295	650	573	463	600	356	562	298000	0	0	0	0	0	0	0	0	0	0
299000	662	273	0	328	569	516	384	557	417	508	299000	0	0	0	0	0	0	0	0	0	0
300000	680	374	1	384	541	578	427	587	477	627	300000	0	0	0	0	0	0	0	0	0	0
301000	681	375	4	366	536	591	472	542	484	651	301000	0	0	0	0	0	0	0	0	0	0
302000	676	395	2	367	662	593	446	593	483	536	302000	0	0	0	0	0	0	0	0	0	0
303000	625	361	1	374	593	587	392	595	511	708	303000	0	0	0	0	0	0	0	0	0	0
304000	700	293	7	467	594	512	423	493	358	609	304000	0	0	0	0	0	0	0	0	0	0
305000	622	370	16	409	514	473	489	557	392	685	305000	0	0	0	0	0	0	0	0	0	0
306000	759	406	8	525	479	584	452	549	421	608	306000	0	0	0	0	0	0	0	0	0	0
307000	742	420	1	565	612	517	513	514	450	538	307000	0	0	0	0	0	0	0	0	0	0
308000	713	405	6	508	642	592	362	449	437	547	308000	0	0	0	0	0	0	0	0	0	0
309000	749	428	6	386	530	604	422	536	506	658	309000	0	0	0	0	0	0	0	0	0	0
310000	714	422	1	378	455	530	488	523	429	565	310000	0	0	0	0	0	0	0	0	0	0
311000	637	411	3	407	580	538	495	549	436	645	311000	0	0	0	0	0	0	0	0	0	0
312000	794	359	2	396	561	621	402	491	362	755	312000	0	0	0	0	0	0	0	0	0	0
313000	760	354	1	388	571	498	455	519	279	680	313000	0	0	0	0	0	0	0	0	0	0
314000	665	363	4	446	576	521	461	556	350	647	314000	0	0	0	0	0	0	0	0	0	0
315000	735	360	4	466	603	506	367	499	285	587	315000	0	0	0	0	0	0	0	0	0	0
316000	705	468	1	527	553	500	459	463	365	653	316000	0	0	0	0	0	0	0	0	0	0
317000	688	526	1	428	496	573	502	563	425	534	317000	0	0	0	0	0	0	0	0	0	0
318000	757	399	1	429	547	579	439	604	481	680	318000	0	0	0	0	0	0	0	0	0	0
319000	618	453	17	418	582	589	381	539	417	611	319000	0	0	0	0	0	0	0	0	0	0
320000	705	448	16	409	617	541	361	520	429	563	320000	0	0	0	0	0	0	0	0	0	0
321000	767	465	2	454	639	535	426	523	471	552	321000	0	0	0	0	0	0	0	0	0	0
322000	830	391	6	465	584	474	501	507	522	669	322000	0	0	0	0	0	0	0	0	0	0
323000	727	512	2	429	586	480	500	551	551	616	323000	0	0	0	0	0	0	0	0	0	0
324000	723	411	3	460	525	493	490	575	558	652	324000	0	0	0	0	0	0	0	0	0	0
325000	706	428	1	481	615	460	392	612	505	633	325000	0	0	0	0	0	0	0	0	0	0
326000	743	411	3	447	640	521	505	524	460	624	326000	0	0	0	0	0	0	0	0	0	0
327000	718	372	3	523	606	565	457	610	410	608	327000	0	0	0	0	0	0	0	0	0	0
328000	654	369	1	484	640	527	474	609	524	599	328000	0	0	0	0	0	0	0	0	0	0
329000	692	406	6	445	527	569	439	562	445	703	329000	0	0	0	0	0	0	0	0	0	0
330000	690	391	0	419	598	566	353	584	569	729	330000	0	0	0	0	0	0	0	0	0	0
331000	619	306	7	429	440	595	474	609	567	632	331000	0	0	0	0	0	0	0	0	0	0
332000	690	408	2	455	400	680	420	623	433	663	332000	0	0	0	0	0	0	0	0	0	0
333000	763	444	2	514	475	644	449	591	520	694	333000	0	0	0	0	0	0	0	0	0	0
334000	736	484	0	496	583	605	552	654	423	704	334000	0	0	0	0	0	0	0	0	0	0
335000	683	433	0	527	647	650	505	562	448	772	335000	0	0	0	0	0	0	0	0	0	0
336000	664	420	1	449	617	598	469	571	392	683	336000	0	0	0	0	0	0	0	0	0	0
337000	693	392	1	482	511	560	421	550	462	738	337000	0	0	0	0	0	0	0	0	0	0
338000	681	400	0	505	716	482	497	594	510	663	338000	0	0	0	0	0	0	0	0	0	0
339000	792	366	1	426	675	520	487	579	456	723	339000	0	0	0	0	0	0	0	0	0	0
340000	818	483	10	436	710	561	450	581	428	680	340000	0	0	0	0	0	0	0	0	0	0
341000	776	437	9	486	630	544	459	560	472	681	341000	0	0	0	0	0	0	0	0	0	0
342000	749	429	2	504	717	514	491	577	606	740	342000	0	0	0	0	0	0	0	0	0	0
343000	776	438	5	465	644	547	475	609	567	682	343000	0	0	0	0	0	0	0	0	0	0
344000	675	400	3	439	692	619	464	533	474	669	344000	0	0	0	0	0	0	0	0	0	0
345000	835	336	2	456	630	491	477	547	510	733	345000	0	0	0	0	0	0	0	0	0	0
346000	628	385	4	553	661	503	442	620	603	644	346000	0	0	0	0	0	0	0	0	0	0
347000	760	445	0	542	592	604	463	580	613	657	347000	0	0	0	0	0	0	0	0	0	0
348000	771	470	1	499	567	623	518	582	573	725	348000	0	0	0	0	0	0	0	0	0	0
349000	733	446	0	518	560	593	418	574	504	668	349000	0	0	0	0	0	0	0	0	0	0
350000	677	489	0	445	641	591	443	511	595	614	350000	0	0	0	0	0	0	0	0	0	0
351000	724	435	3	410	606	621	530	559	557	655	351000	0	0	0	0	0	0	0	0	0	0
352000	853	401	0	394	499	562	514	625	582	695	352000	0	0	0	0	0	0	0	0	0	0
353000	736	432	0	491	561	618	415	540	530	677	353000	0	0	0	0	0	0	0	0	0	0
354000	805	386	2	445	571	679	369	662	398	666	354000	0	0	0	0	0	0	0	0	0	0
355000	785	433	3	441	595	612	477	563	548	684	355000	0	0	0	0	0	0	0	0	0	0
356000	770	346	3	535	574	572	474	524	518	717	356000	0	0	0	0	0	0	0	0	0	0
357000	762	348	3	561	720	665	522	647	508	746	357000	0	0	0	0	0	0	0	0	0	0
358000	676	336	4	429	799	633	497	649	529	699	358000	0	0	0	0	0	0	0	0	0	0
359000	695	386	5	361	719	637	551	660	615	680	359000	0	0	0	0	0	0	0	0	0	0
360000	707	410	1	460	654	580	544	574	585	678	360000	0	0	0	0	0	0	0	0	0	0
361000	687	417	3	435	722	621	505	633	690	721	361000	0	0	0	0	0	0	0	0	0	0
362000	791	390	5	488	615	724	440	519	612	645	362000	0	0	0	0	0	0	0	0	0	0
363000	721	472	8	421	712	704	413	655	632	668	363000	0	0	0	0	0	0	0	0	0	0
364000	781	475	12	479	638	752	416	720	628	664	364000	0	0	0	0	0	0	0	0	0	0
365000	769	434	19	472	635	604	498	653	494	504	365000	0	0	0	0	0	0	0	0	0	0
366000	633	475	1	500	591	612	528	688	510	547	366000	0	0	0	0	0	0	0	0	0	0
367000	746	392	1	535	588	626	505	657	419	504	367000	0	0	0	0	0	0	0	0	0	0
368000	671	482	2	519	564	665	467	641	531	587	368000	0	0	0	0	0	0	0	0	0	0
369000	695	461	4	417	537	656	525	639	523	562	369000	0	0	0	0	0	0	0	0	0	0
370000	659	380	6	432	501	654	498	665	514	638	370000	0	0	0	0	0	0	0	0	0	0
371000	807	417	8	475	695	634	568	665	581	618	371000	0	0	0	0	0	0	0	0	0	0
372000	745	418	2	485	551	554	569	695	557	718	372000	0	0	0	0	0	0	0	0	0	0
373000	680	406	2	414	499	625	557	723	572	711	373000	0	0	0	0	0	0	0	0	0	0
374000	710	316	5	383	593	705	622	678	474	744	374000	0	0	0	0	0	0	0	0	0	0
375000	616	355	10	452	673	664	607	726	551	697	375000	0	0	0	0	0	0	0	0	0	0
376000	719	421	8	444	644	690	585	767	496	646	376000	0	0	0	0	0	0	0	0	0	0
377000	641	423	2	517	677	645	582	699	483	680	377000	0	0	0	0	0	0	0	0	0	0
378000	729	368	3	501	718	615	557	699	468	725	378000	0	0	0	0	0	0	0	0	0	0
379000	794	349	0	360	586	617	544	723	565	665	379000	0	0	0	0	0	0	0	0	0	0
380000	703	316	3	466	515	631	583	701	516	649	380000	0	0	0	0	0	0	0	0	0	0
381000	810	406	12	532	552	625	545	666	482	622	381000	0	0	0	0	0	0	0	0	0	0
382000	678	445	19	473	682	690	567	604	601	647	382000	0	0	0	0	0	0	0	0	0	0
383000	669	513	18	487	560	662	532	671	673	663	383000	0	0	0	0	0	0	0	0	0	0
384000	677	478	5	569	607	675	612	662	684	745	384000	0	0	0	0	0	0	0	0	0	0
385000	603	495	5	484	563	614	470	771	693	722	385000	0	0	0	0	0	0	0	0	0	0
386000	690	467	5	554	592	599	525	648	673	678	386000	0	0	0	0	0	0	0	0	0	0
387000	762	498	7	456	514	670	440	677	700	660	387000	0	0	0	0	0	0	0	0	0	0
388000	770	445	7	514	570	605	417	671	664	710	388000	0	0	0	0	0	0	0	0	0	0
389000	693	415	0	532	629	567	515	632	604	667	389000	0	0	0	0	0	0	0	0	0	0
390000	761	484	3	536	624	605	502	613	689	726	390000	0	0	0	0	0	0	0	0	0	0
391000	754	459	0	401	560	574	516	698	654	786	391000	0	0	0	0	0	0	0	0	0	0
392000	777	465	0	379	642	595	473	677	659	641	392000	0	0	0	0	0	0	0	0	0	0
393000	650	523	1	439	681	655	502	780	632	685	393000	0	0	0	0	0	0	0	0	0	0
394000	743	458	3	525	561	675	455	765	614	711	394000	0	0	0	0	0	0	0	0	0	0
395000	716	365	17	627	650	598	495	747	607	701	395000	0	0	0	0	0	0	0	0	0	0
396000	744	481	3	485	610	568	460	726	559	680	396000	0	0	0	0	0	0	0	0	0	0
397000	715	470	14	571	521	638	488	733	540	655	397000	0	0	0	0	0	0	0	0	0	0
398000	684	397	11	590	587	688	408	661	620	715	398000	0	0	0	0	0	0	0	0	0	0
399000	591	437	22	542	641	617	483	586	702	677	399000	0	0	0	0	0	0	0	0	0	0
400000	686	409	42	526	580	683	464	662	538	714	400000	0	0	0	0	0	0	0	0	0	0
401000	674	378	27	516	655	660	578	715	673	648	401000	0	0	0	0	0	0	0	0	0	0
402000	718	429	42	494	681	700	582	671	687	634	402000	0	0	0	0	0	0	0	0	0	0
403000	725	370	30	548	700	575	507	642	659	602	403000	0	0	0	0	0	0	0	0	0	0
404000	686	328	45	558	618	601	459	734	606	708	404000	0	0	0	0	0	0	0	0	0	0
405000	605	434	36	538	714	544	506	686	635	766	405000	0	0	0	0	0	0	0	0	0	0
406000	744	423	39	559	680	576	550	653	702	668	406000	0	0	0	0	0	0	0	0	0	0
407000	699	476	20	515	731	641	534	695	652	612	407000	0	0	0	0	0	0	0	0	0	0
408000	765	467	40	563	802	650	548	774	526	670	408000	0	0	0	0	0	0	0	0	0	0
409000	564	496	55	521	680	624	643	736	578	645	409000	0	0	0	0	0	0	0	0	0	0
410000	671	504	65	566	734	618	565	688	563	582	410000	0	0	0	0	0	0	0	0	0	0
411000	674	519	51	504	667	683	572	731	590	699	411000	0	0	0	0	0	0	0	0	0	0
412000	642	457	56	545	614	699	493	753	579	712	412000	0	0	0	0	0	0	0	0	0	0
413000	668	415	66	512	689	680	543	772	663	690	413000	0	0	0	0	0	0	0	0	0	0
414000	660	477	47	552	660	703	612	671	636	670	414000	0	0	0	0	0	0	0	0	0	0
415000	705	428	32	513	576	663	555	660	674	768	415000	0	0	0	0	0	0	0	0	0	0
416000	717	409	76	492	579	585	609	600	681	787	416000	0	0	0	0	0	0	0	0	0	0
417000	740	403	67	466	643	665	443	594	631	700	417000	0	0	0	0	0	0	0	0	0	0
418000	722	469	35	518	630	615	478	691	645	662	418000	0	0	0	0	0	0	0	0	0	0
419000	729	439	47	565	657	658	461	587	692	693	419000	0	0	0	0	0	0	0	0	0	0
420000	741	396	80	552	649	671	441	638	743	660	420000	0	0	0	0	0	0	0	0	0	0
421000	731	443	89	601	671	615	548	636	745	582	421000	0	0	0	0	0	0	0	0	0	0
422000	659	443	136	623	640	623	440	675	758	601	422000	0	0	0	0	0	0	0	0	0	0
423000	756	460	90	622	655	670	510	653	762	649	423000	0	0	0	0	0	0	0	0	0	0
424000	732	435	79	651	547	593	675	657	645	717	424000	0	0	0	0	0	0	0	0	0	0
425000	726	436	90	606	615	658	638	654	714	693	425000	0	0	0	0	0	0	0	0	0	0
426000	696	446	104	648	565	696	578	597	619	633	426000	0	0	0	0	0	0	0	0	0	0
427000	593	353	95	614	523	647	606	669	672	678	427000	0	0	0	0	0	0	0	0	0	0
428000	600	436	111	514	704	681	569	568	711	673	428000	0	0	0	0	0	0	0	0	0	0
429000	633	424	102	526	668	652	570	650	570	717	429000	0	0	0	0	0	0	0	0	0	0
430000	713	442	132	570	698	711	575	631	610	634	430000	0	0	0	0	0	0	0	0	0	0
431000	729	412	157	523	674	563	539	729	640	674	431000	0	0	0	0	0	0	0	0	0	0
432000	671	441	100	644	643	683	530	654	650	600	432000	0	0	0	0	0	0	0	0	0	0
433000	773	454	62	673	534	628	573	728	673	748	433000	0	0	0	0	0	0	0	0	0	0
434000	634	451	92	639	563	680	527	729	588	700	434000	0	0	0	0	0	0	0	0	0	0
435000	600	449	129	709	618	716	532	700	635	693	435000	0	0	0	0	0	0	0	0	0	0
436000	674	395	135	638	690	683	607	717	697	706	436000	0	0	0	0	0	0	0	0	0	0
437000	715	338	130	651	630	640	581	739	684	750	437000	0	0	0	0	0	0	0	0	0	0
438000	699	447	214	602	605	603	617	786	673	682	438000	0	0	0	0	0	0	0	0	0	0
439000	648	502	163	586	560	593	603	703	695	749	439000	0	0	0	0	0	0	0	0	0	0
440000	668	459	123	618	728	530	625	746	728	704	440000	0	0	0	0	0	0	0	0	0	0
441000	729	425	133	594	677	596	546	747	749	671	441000	0	0	0	0	0	0	0	0	0	0
442000	669	419	125	663	654	601	560	641	764	682	442000	0	0	0	0	0	0	0	0	0	0
443000	679	351	137	619	615	612	567	652	753	685	443000	0	0	0	0	0	0	0	0	0	0
444000	643	383	145	631	556	566	555	673	733	664	444000	0	0	0	0	0	0	0	0	0	0
445000	693	425	192	586	639	698	508	660	763	705	445000	0	0	0	0	0	0	0	0	0	0
446000	667	474	193	583	713	683	561	702	706	607	446000	0	0	0	0	0	0	0	0	0	0
447000	702	429	236	570	806	692	606	739	605	671	447000	0	0	0	0	0	0	0	0	0	0
448000	686	442	260	599	754	737	606	784	698	669	448000	0	0	0	0	0	0	0	0	0	0
449000	662	422	205	651	742	697	619	688	622	713	449000	0	0	0	0	0	0	0	0	0	0
450000	735	451	138	637	735	599	519	765	641	727	450000	0	0	0	0	0	0	0	0	0	0
451000	749	537	148	721	769	720	529	752	600	742	451000	0	0	0	0	0	0	0	0	0	0
452000	788	505	104	745	771	601	487	682	630	748	452000	0	0	0	0	0	0	0	0	0	0
453000	716	513	130	654	764	668	515	760	669	856	453000	0	0	0	0	0	0	0	0	0	0
454000	687	549	177	713	798	717	532	651	620	833	454000	0	0	0	0	0	0	0	0	0	0
455000	784	593	254	654	680	692	473	652	628	781	455000	0	0	0	0	0	0	0	0	0	0
456000	718	471	314	703	797	645	451	749	540	803	456000	0	0	0	0	0	0	0	0	0	0
457000	737	484	305	673	685	696	463	717	610	679	457000	0	0	0	0	0	0	0	0	0	0
458000	688	516	261	687	668	719	487	671	552	764	458000	0	0	0	0	0	0	0	0	0	0
459000	631	597	292	700	655	698	512	652	653	651	459000	0	0	0	0	0	0	0	0	0	0
460000	613	567	312	721	688	640	589	846	607	734	460000	0	0	0	0	0	0	0	0	0	0
461000	664	538	293	522	686	675	498	813	632	719	461000	0	0	0	0	0	0	0	0	0	0
462000	643	590	303	564	748	584	491	829	547	685	462000	0	0	0	0	0	0	0	0	0	0
463000	581	570	323	596	680	647	448	755	664	698	463000	0	0	0	0	0	0	0	0	0	0
464000	619	556	404	606	732	728	550	740	567	693	464000	0	0	0	0	0	0	0	0	0	0
465000	724	564	401	677	645	753	592	747	533	751	465000	0	0	0	0	0	0	0	0	0	0
466000	601	560	445	637	682	698	558	822	625	734	466000	0	0	0	0	0	0	0	0	0	0
467000	653	601	424	567	617	725	515	745	747	824	467000	0	0	0	0	0	0	0	0	0	0
468000	692	527	468	605	812	685	508	779	690	743	468000	0	0	0	0	0	0	0	0	0	0
469000	675	580	419	527	623	658	466	786	634	683	469000	0	0	0	0	0	0	0	0	0	0
470000	700	538	426	518	699	684	549	829	664	614	470000	0	0	0	0	0	0	0	0	0	0
471000	699	572	302	618	639	640	517	761	664	671	471000	0	0	0	0	0	0	0	0	0	0
472000	682	517	309	518	633	759	641	842	627	715	472000	0	0	0	0	0	0	0	0	0	0
473000	665	577	250	454	698	759	601	835	634	712	473000	0	0	0	0	0	0	0	0	0	0
474000	642	517	336	527	797	793	583	761	629	704	474000	0	0	0	0	0	0	0	0	0	0
475000	696	546	378	544	684	637	538	773	684	752	475000	0	0	0	0	0	0	0	0	0	0
476000	631	591	445	530	767	638	520	765	670	804	476000	0	0	0	0	0	0	0	0	0	0
477000	698	528	380	552	804	592	479	762	600	763	477000	0	0	0	0	0	0	0	0	0	0
478000	679	501	414	407	690	598	517	785	632	803	478000	0	0	0	0	0	0	0	0	0	0
479000	652	569	462	494	752	628	438	822	716	815	479000	0	0	0	0	0	0	0	0	0	0
480000	603	526	378	530	682	677	546	854	588	859	480000	0	0	0	0	0	0	0	0	0	0
481000	647	502	254	466	650	634	546	776	732	826	481000	0	0	0	0	0	0	0	0	0	0
482000	679	501	279	562	738	666	459	786	660	819	482000	0	0	0	0	0	0	0	0	0	0
483000	684	568	259	580	737	724	501	799	657	859	483000	0	0	0	0	0	0	0	0	0	0
484000	669	614	273	495	649	669	594	817	688	713	484000	0	0	0	0	0	0	0	0	0	0
485000	782	558	301	567	811	699	631	806	712	868	485000	0	0	0	0	0	0	0	0	0	0
486000	696	664	314	509	682	733	585	882	585	785	486000	0	0	0	0	0	0	0	0	0	0
487000	736	505	372	456	634	755	608	768	678	847	487000	0	0	0	0	0	0	0	0	0	0
488000	742	603	335	580	681	652	619	767	741	852	488000	0	0	0	0	0	0	0	0	0	0
489000	752	559	283	657	716	731	647	758	770	771	489000	0	0	0	0	0	0	0	0	0	0
490000	701	566	322	633	648	720	602	731	678	834	490000	0	0	0	0	0	0	0	0	0	0
491000	699	587	334	653	783	712	602	713	725	851	491000	0	0	0	0	0	0	0	0	0	0
492000	683	563	345	564	709	730	545	716	754	856	492000	0	0	0	0	0	0	0	0	0	0
493000	742	563	348	594	678	751	616	651	828	781	493000	0	0	0	0	0	0	0	0	0	0
494000	661	589	428	549	658	805	582	739	793	679	494000	0	0	0	0	0	0	0	0	0	0
495000	625	490	410	523	688	777	589	778	753	740	495000	0	0	0	0	0	0	0	0	0	0
496000	628	518	419	505	578	781	531	774	710	876	496000	0	0	0	0	0	0	0	0	0	0
497000	680	457	355	497	714	737	502	702	652	741	497000	0	0	0	0	0	0	0	0	0	0
498000	665	518	328	563	595	810	595	785	710	716	498000	0	0	0	0	0	0	0	0	0	0
499000	768	582	419	555	597	803	574	728	807	851	499000	0	0	0	0	0	0	0	0	0	0
500000	738	616	440	522	638	730	523	718	713	832	500000	0	0	0	0	0	0	0	0	0	0
501000	731	497	403	601	633	767	562	745	721	775	501000	0	0	0	0	0	0	0	0	0	0
502000	656	549	423	576	550	715	546	753	743	787	502000	0	0	0	0	0	0	0	0	0	0
503000	732	549	482	711	547	702	647	699	650	884	503000	0	0	0	0	0	0	0	0	0	0
504000	675	597	474	562	623	772	636	699	671	758	504000	0	0	0	0	0	0	0	0	0	0
505000	605	626	517	556	724	735	627	780	679	780	505000	0	0	0	0	0	0	0	0	0	0
506000	667	626	495	514	708	649	544	749	683	649	506000	0	0	0	0	0	0	0	0	0	0
507000	713	482	403	542	701	610	596	846	711	698	507000	0	0	0	0	0	0	0	0	0	0
508000	732	502	446	543	529	675	611	760	664	796	508000	0	0	0	0	0	0	0	0	0	0
509000	763	663	429	523	666	691	533	668	619	793	509000	0	0	0	0	0	0	0	0	0	0
510000	699	614	400	547	721	568	573	726	675	770	510000	0	0	0	0	0	0	0	0	0	0
511000	702	535	326	594	709	673	618	782	659	752	511000	0	0	0	0	0	0	0	0	0	0
512000	666	576	435	584	757	678	644	796	674	802	512000	0	0	0	0	0	0	0	0	0	0
513000	741	605	411	593	691	669	595	680	546	760	513000	0	0	0	0	0	0	0	0	0	0
514000	733	643	332	511	767	705	593	707	505	694	514000	0	0	0	0	0	0	0	0	0	0
515000	738	623	411	543	655	709	552	840	643	622	515000	0	0	0	0	0	0	0	0	0	0
516000	746	621	439	619	681	609	650	750	699	663	516000	0	0	0	0	0	0	0	0	0	0
517000	689	473	328	635	596	675	602	745	717	772	517000	0	0	0	0	0	0	0	0	0	0
518000	743	581	345	572	614	599	631	778	791	772	518000	0	0	0	0	0	0	0	0	0	0
519000	634	563	338	624	672	616	616	821	672	702	519000	0	0	0	0	0	0	0	0	0	0
520000	705	634	366	515	661	705	686	767	592	818	520000	0	0	0	0	0	0	0	0	0	0
521000	694	613	429	631	715	662	682	805	758	690	521000	0	0	0	0	0	0	0	0	0	0
522000	739	559	351	632	614	730	680	852	635	633	522000	0	0	0	0	0	0	0	0	0	0
523000	665	624	430	532	580	641	603	738	675	600	523000	0	0	0	0	0	0	0	0	0	0
524000	673	514	457	534	535	804	620	776	641	677	524000	0	0	0	0	0	0	0	0	0	0
525000	798	414	383	559	646	654	606	693	568	669	525000	0	0	0	0	0	0	0	0	0	0
526000	780	458	409	607	632	713	705	702	598	773	526000	0	0	0	0	0	0	0	0	0	0
527000	716	532	392	519	627	660	670	763	746	752	527000	0	0	0	0	0	0	0	0	0	0
528000	671	504	448	542	705	723	603	769	673	724	528000	0	0	0	0	0	0	0	0	0	0
529000	752	576	450	523	722	644	681	730	686	728	529000	0	0	0	0	0	0	0	0	0	0
530000	749	580	409	619	700	697	709	754	685	706	530000	0	0	0	0	0	0	0	0	0	0
531000	784	613	353	609	641	736	579	732	788	836	531000	0	0	0	0	0	0	0	0	0	0
532000	723	575	409	455	727	760	699	849	723	715	532000	0	0	0	0	0	0	0	0	0	0
533000	699	577	431	513	697	733	678	681	748	653	533000	0	0	0	0	0	0	0	0	0	0
534000	706	601	453	578	639	792	739	729	743	730	534000	0	0	0	0	0	0	0	0	0	0
535000	715	498	493	618	686	750	708	736	754	683	535000	0	0	0	0	0	0	0	0	0	0
536000	789	526	448	456	745	807	744	693	704	793	536000	0	0	0	0	0	0	0	0	0	0
537000	701	586	510	506	699	729	730	775	648	746	537000	0	0	0	0	0	0	0	0	0	0
538000	748	522	518	542	650	642	762	749	581	654	538000	0	0	0	0	0	0	0	0	0	0
539000	692	523	476	434	605	662	720	825	662	572	539000	0	0	0	0	0	0	0	0	0	0
540000	725	575	442	498	698	655	682	816	747	703	540000	0	0	0	0	0	0	0	0	0	0
541000	661	534	531	582	690	651	715	736	779	717	541000	0	0	0	0	0	0	0	0	0	0
542000	663	586	479	557	718	625	704	797	706	653	542000	0	0	0	0	0	0	0	0	0	0
543000	669	573	482	672	826	738	744	826	854	789	543000	0	0	0	0	0	0	0	0	0	0
544000	669	541	454	646	706	665	742	809	739	680	544000	0	0	0	0	0	0	0	0	0	0
545000	696	508	474	677	816	709	716	689	735	706	545000	0	0	0	0	0	0	0	0	0	0
546000	660	648	558	728	778	758	592	726	621	707	546000	0	0	0	0	0	0	0	0	0	0
547000	678	607	533	646	697	660	686	730	662	708	547000	0	0	0	0	0	0	0	0	0	0
548000	657	575	487	630	775	733	706	777	629	743	548000	0	0	0	0	0	0	0	0	0	0
549000	658	630	473	610	720	648	655	774	719	754	549000	0	0	0	0	0	0	0	0	0	0
550000	732	699	452	599	675	767	734	793	749	716	550000	0	0	0	0	0	0	0	0	0	0
551000	680	575	469	489	708	756	758	800	619	739	551000	0	0	0	0	0	0	0	0	0	0
552000	670	665	520	591	694	670	719	845	582	698	552000	0	0	0	0	0	0	0	0	0	0
553000	669	595	479	572	736	681	619	737	796	780	553000	0	0	0	0	0	0	0	0	0	0
554000	681	699	535	537	677	725	721	823	682	819	554000	0	0	0	0	0	0	0	0	0	0
555000	673	584	604	557	659	725	660	834	687	759	555000	0	0	0	0	0	0	0	0	0	0
556000	759	599	578	555	718	679	671	785	644	845	556000	0	0	0	0	0	0	0	0	0	0
557000	718	592	583	546	746	640	635	797	625	783	557000	0	0	0	0	0	0	0	0	0	0
558000	693	574	554	562	771	708	682	714	619	821	558000	0	0	0	0	0	0	0	0	0	0
559000	751	501	494	459	807	669	605	726	732	800	559000	0	0	0	0	0	0	0	0	0	0
560000	687	651	532	449	639	719	640	686	681	682	560000	0	0	0	0	0	0	0	0	0	0
561000	726	567	642	486	661	692	647	755	662	717	561000	0	0	0	0	0	0	0	0	0	0
562000	674	644	472	545	621	685	649	730	656	849	562000	0	0	0	0	0	0	0	0	0	0
563000	663	553	586	553	703	652	688	758	739	832	563000	0	0	0	0	0	0	0	0	0	0
564000	658	616	717	572	642	672	682	805	731	771	564000	0	0	0	0	0	0	0	0	0	0
565000	732	680	654	562	621	737	687	822	746	786	565000	0	0	0	0	0	0	0	0	0	0
566000	725	661	545	531	696	690	680	718	810	802	566000	0	0	0	0	0	0	0	0	0	0
567000	716	696	510	430	746	720	679	805	677	849	567000	0	0	0	0	0	0	0	0	0	0
568000	669	640	513	474	725	704	689	885	739	825	568000	0	0	0	0	0	0	0	0	0	0
569000	802	623	535	517	830	642	690	827	557	659	569000	0	0	0	0	0	0	0	0	0	0
570000	689	674	526	509	762	625	680	762	681	774	570000	0	0	0	0	0	0	0	0	0	0
571000	727	737	576	519	737	724	690	759	757	814	571000	0	0	0	0	0	0	0	0	0	0
572000	587	686	441	464	737	606	725	763	734	693	572000	0	0	0	0	0	0	0	0	0	0
573000	679	678	518	476	617	610	689	712	798	791	573000	0	0	0	0	0	0	0	0	0	0
574000	657	636	452	562	700	664	669	743	734	761	574000	0	0	0	0	0	0	0	0	0	0
575000	633	656	551	570	741	626	677	795	796	798	575000	0	0	0	0	0	0	0	0	0	0
576000	671	659	495	618	781	651	637	781	760	795	576000	0	0	0	0	0	0	0	0	0	0
577000	683	640	575	567	700	641	633	811	719	783	577000	0	0	0	0	0	0	0	0	0	0
578000	692	648	564	481	752	619	678	757	740	688	578000	0	0	0	0	0	0	0	0	0	0
579000	720	586	538	582	750	712	720	860	781	766	579000	0	0	0	0	0	0	0	0	0	0
580000	868	691	540	605	779	643	724	886	770	850	580000	0	0	0	0	0	0	0	0	0	0
581000	764	563	551	508	693	604	677	892	800	720	581000	0	0	0	0	0	0	0	0	0	0
582000	694	569	457	560	711	551	625	758	761	767	582000	0	0	0	0	0	0	0	0	0	0
583000	722	673	561	606	750	724	671	745	698	726	583000	0	0	0	0	0	0	0	0	0	0
584000	723	670	570	620	753	772	694	774	754	821	584000	0	0	0	0	0	0	0	0	0	0
585000	697	559	597	614	808	659	688	771	807	748	585000	0	0	0	0	0	0	0	0	0	0
586000	852	618	566	596	777	618	747	834	811	757	586000	0	0	0	0	0	0	0	0	0	0
587000	707	628	569	581	854	667	716	796	775	779	587000	0	0	0	0	0	0	0	0	0	0
588000	632	610	543	550	667	721	661	799	595	722	588000	0	0	0	0	0	0	0	0	0	0
589000	702	594	639	596	677	693	651	838	677	655	589000	0	0	0	0	0	0	0	0	0	0
590000	692	619	669	589	727	704	659	835	685	703	590000	0	0	0	0	0	0	0	0	0	0
591000	746	723	577	598	668	678	675	788	675	752	591000	0	0	0	0	0	0	0	0	0	0
592000	671	699	583	687	648	712	692	832	793	829	592000	0	0	0	0	0	0	0	0	0	0
593000	692	709	588	550	686	754	666	812	789	882	593000	0	0	0	0	0	0	0	0	0	0
594000	617	691	562	584	760	680	593	713	810	836	594000	0	0	0	0	0	0	0	0	0	0
595000	677	695	535	495	775	686	514	780	940	814	595000	0	0	0	0	0	0	0	0	0	0
596000	645	665	579	596	686	666	528	719	762	865	596000	0	0	0	0	0	0	0	0	0	0
597000	742	688	542	589	739	728	629	734	818	852	597000	0	0	0	0	0	0	0	0	0	0
598000	724	697	624	607	848	685	699	732	687	908	598000	0	0	0	0	0	0	0	0	0	0
599000	747	687	567	535	745	727	727	750	733	795	599000	0	0	0	0	0	0	0	0	0	0
600000	734	717	625	468	647	603	625	761	578	765	600000	0	0	0	0	0	0	0	0	0	0
601000	732	699	594	534	683	607	605	777	590	770	601000	0	0	0	0	0	0	0	0	0	0
602000	753	768	642	586	730	629	669	869	614	723	602000	0	0	0	0	0	0	0	0	0	0
603000	713	716	588	605	566	745	708	801	590	707	603000	0	0	0	0	0	0	0	0	0	0
604000	751	585	725	622	676	770	589	826	703	611	604000	0	0	0	0	0	0	0	0	0	0
605000	735	711	622	590	654	720	673	821	678	800	605000	0	0	0	0	0	0	0	0	0	0
606000	720	625	678	513	694	719	636	892	700	722	606000	0	0	0	0	0	0	0	0	0	0
607000	702	685	529	514	689	735	694	744	760	689	607000	0	0	0	0	0	0	0	0	0	0
608000	684	607	499	578	692	734	674	885	740	769	608000	0	0	0	0	0	0	0	0	0	0
609000	733	685	537	580	623	754	634	813	794	687	609000	0	0	0	0	0	0	0	0	0	0
610000	667	654	605	650	691	692	646	796	708	728	610000	0	0	0	0	0	0	0	0	0	0
611000	676	681	504	655	744	706	705	804	752	738	611000	0	0	0	0	0	0	0	0	0	0
612000	659	622	466	575	655	644	734	730	817	795	612000	0	0	0	0	0	0	0	0	0	0
613000	684	733	517	541	791	662	736	803	776	762	613000	0	0	0	0	0	0	0	0	0	0
614000	687	674	505	564	702	690	643	846	726	924	614000	0	0	0	0	0	0	0	0	0	0
615000	735	714	554	485	803	680	697	821	842	740	615000	0	0	0	0	0	0	0	0	0	0
616000	697	640	635	551	767	632	708	786	773	753	616000	0	0	0	0	0	0	0	0	0	0
617000	777	672	627	602	729	748	614	773	751	876	617000	0	0	0	0	0	0	0	0	0	0
618000	762	747	570	551	820	682	665	809	883	784	618000	0	0	0	0	0	0	0	0	0	0
619000	703	683	543	645	703	757	614	811	759	775	619000	0	0	0	0	0	0	0	0	0	0
620000	694	752	628	660	701	726	720	887	755	808	620000	0	0	0	0	0	0	0	0	0	0
621000	673	740	606	622	784	758	768	848	673	756	621000	0	0	0	0	0	0	0	0	0	0
622000	727	716	518	640	850	715	693	869	678	722	622000	0	0	0	0	0	0	0	0	0	0
623000	794	694	677	546	763	623	716	749	717	765	623000	0	0	0	0	0	0	0	0	0	0
624000	649	749	662	633	804	715	733	821	721	776	624000	0	0	0	0	0	0	0	0	0	0
625000	679	634	579	606	696	677	746	854	770	727	625000	0	0	0	0	0	0	0	0	0	0
626000	711	731	616	637	723	706	676	838	895	713	626000	0	0	0	0	0	0	0	0	0	0
627000	561	672	592	716	797	778	779	789	800	791	627000	0	0	0	0	0	0	0	0	0	0
628000	698	784	581	729	684	596	687	775	702	829	628000	0	0	0	0	0	0	0	0	0	0
629000	799	748	552	597	801	663	720	766	767	871	629000	0	0	0	0	0	0	0	0	0	0
630000	748	677	551	675	737	669	620	747	714	781	630000	0	0	0	0	0	0	0	0	0	0
631000	727	728	617	541	853	683	713	794	642	767	631000	0	0	0	0	0	0	0	0	0	0
632000	644	735	632	577	736	690	647	851	719	735	632000	0	0	0	0	0	0	0	0	0	0
633000	754	655	638	540	740	633	724	835	666	863	633000	0	0	0	0	0	0	0	0	0	0
634000	689	747	548	691	790	703	756	834	658	796	634000	0	0	0	0	0	0	0	0	0	0
635000	726	701	595	658	812	742	752	799	799	805	635000	0	0	0	0	0	0	0	0	0	0
636000	682	698	531	703	738	705	668	822	644	799	636000	0	0	0	0	0	0	0	0	0	0
637000	716	779	576	628	718	702	593	838	710	834	637000	0	0	0	0	0	0	0	0	0	0
638000	734	709	576	767	708	728	671	817	645	797	638000	0	0	0	0	0	0	0	0	0	0
639000	733	776	553	715	791	694	688	819	618	701	639000	0	0	0	0	0	0	0	0	0	0
640000	650	711	549	786	753	691	670	789	739	765	640000	0	0	0	0	0	0	0	0	0	0
641000	672	699	631	734	813	676	583	786	762	717	641000	0	0	0	0	0	0	0	0	0	0
642000	712	797	616	590	730	737	725	737	605	741	642000	0	0	0	0	0	0	0	0	0	0
643000	674	717	684	629	759	721	709	786	597	636	643000	0	0	0	0	0	0	0	0	0	0
644000	666	670	593	623	673	767	734	786	653	652	644000	0	0	0	0	0	0	0	0	0	0
645000	770	745	645	698	649	752	728	836	771	703	645000	0	0	0	0	0	0	0	0	0	0
646000	660	663	577	676	745	638	683	847	822	802	646000	0	0	0	0	0	0	0	0	0	0
647000	746	724	527	676	806	649	717	691	807	665	647000	0	0	0	0	0	0	0	0	0	0
648000	742	665	585	748	775	702	672	827	750	652	648000	0	0	0	0	0	0	0	0	0	0
649000	670	726	528	693	791	702	726	718	695	773	649000	0	0	0	0	0	0	0	0	0	0
650000	623	781	510	563	754	697	727	703	745	803	650000	0	0	0	0	0	0	0	0	0	0
651000	617	752	514	687	755	782	735	824	793	827	651000	0	0	0	0	0	0	0	0	0	0
652000	623	740	610	766	799	725	806	710	801	835	652000	0	0	0	0	0	0	0	0	0	0
653000	656	745	621	825	743	677	741	787	664	800	653000	0	0	0	0	0	0	0	0	0	0
654000	706	733	547	767	876	721	673	862	740	793	654000	0	0	0	0	0	0	0	0	0	0
655000	680	776	631	751	823	693	708	859	775	744	655000	0	0	0	0	0	0	0	0	0	0
656000	676	721	622	646	780	696	623	854	761	756	656000	0	0	0	0	0	0	0	0	0	0
657000	688	717	530	645	761	694	673	856	688	827	657000	0	0	0	0	0	0	0	0	0	0
658000	620	719	485	715	757	648	833	901	719	746	658000	0	0	0	0	0	0	0	0	0	0
659000	627	784	562	668	691	633	698	909	695	845	659000	0	0	0	0	0	0	0	0	0	0
660000	680	657	576	651	764	654	713	880	739	909	660000	0	0	0	0	0	0	0	0	0	0
661000	803	710	479	648	769	627	708	984	696	785	661000	0	0	0	0	0	0	0	0	0	0
662000	649	679	615	724	777	633	698	868	682	779	662000	0	0	0	0	0	0	0	0	0	0
663000	626	727	504	658	786	625	732	847	669	787	663000	0	0	0	0	0	0	0	0	0	0
664000	653	712	599	614	741	636	754	860	667	833	664000	0	0	0	0	0	0	0	0	0	0
665000	699	779	585	686	596	667	820	801	732	747	665000	0	0	0	0	0	0	0	0	0	0
666000	680	777	619	721	905	747	703	815	687	807	666000	0	0	0	0	0	0	0	0	0	0
667000	699	755	636	645	792	680	729	811	657	757	667000	0	0	0	0	0	0	0	0	0	0
668000	696	735	597	710	776	699	756	855	574	837	668000	0	0	0	0	0	0	0	0	0	0
669000	733	694	584	657	835	667	785	819	594	825	669000	0	0	0	0	0	0	0	0	0	0
670000	654	640	690	694	824	681	732	795	613	827	670000	0	0	0	0	0	0	0	0	0	0
671000	726	625	618	593	722	730	765	844	574	728	671000	0	0	0	0	0	0	0	0	0	0
672000	600	677	714	690	797	727	701	849	594	739	672000	0	0	0	0	0	0	0	0	0	0
673000	661	673	658	730	862	654	718	752	632	662	673000	0	0	0	0	0	0	0	0	0	0
674000	689	787	729	667	831	668	827	841	705	772	674000	0	0	0	0	0	0	0	0	0	0
675000	691	764	570	614	796	665	862	912	607	742	675000	0	0	0	0	0	0	0	0	0	0
676000	645	819	551	682	750	684	806	875	657	765	676000	0	0	0	0	0	0	0	0	0	0
677000	650	759	468	604	805	654	838	895	629	766	677000	0	0	0	0	0	0	0	0	0	0
678000	646	784	499	680	757	676	747	751	765	758	678000	0	0	0	0	0	0	0	0	0	0
679000	654	725	549	675	856	613	793	801	688	732	679000	0	0	0	0	0	0	0	0	0	0
680000	638	699	612	639	802	557	772	844	686	685	680000	0	0	0	0	0	0	0	0	0	0
681000	795	695	599	680	874	671	703	883	664	692	681000	0	0	0	0	0	0	0	0	0	0
682000	635	750	579	765	649	638	678	838	792	771	682000	0	0	0	0	0	0	0	0	0	0
683000	675	755	568	658	653	635	685	880	654	786	683000	0	0	0	0	0	0	0	0	0	0
684000	716	753	610	696	651	662	710	851	695	829	684000	0	0	0	0	0	0	0	0	0	0
685000	708	785	604	716	744	654	768	895	731	890	685000	0	0	0	0	0	0	0	0	0	0
686000	570	723	566	675	560	645	647	787	735	836	686000	0	0	0	0	0	0	0	0	0	0
687000	676	868	511	617	496	695	693	812	787	819	687000	0	0	0	0	0	0	0	0	0	0
688000	610	835	529	697	636	742	696	807	730	864	688000	0	0	0	0	0	0	0	0	0	0
689000	605	766	657	682	659	680	669	814	731	821	689000	0	0	0	0	0	0	0	0	0	0
690000	668	716	673	666	662	614	626	928	756	839	690000	0	0	0	0	0	0	0	0	0	0
691000	636	755	530	664	798	695	679	822	807	842	691000	0	0	0	0	0	0	0	0	0	0
692000	628	679	573	688	777	709	642	893	676	716	692000	0	0	0	0	0	0	0	0	0	0
693000	632	797	566	662	708	698	609	834	661	706	693000	0	0	0	0	0	0	0	0	0	0
694000	646	765	614	761	794	730	672	855	733	735	694000	0	0	0	0	0	0	0	0	0	0
695000	692	768	583	640	812	656	632	831	748	787	695000	0	0	0	0	0	0	0	0	0	0
696000	677	727	529	737	731	587	699	856	612	703	696000	0	0	0	0	0	0	0	0	0	0
697000	650	762	622	723	807	638	663	919	677	720	697000	0	0	0	0	0	0	0	0	0	0
698000	672	767	731	677	766	662	706	809	748	745	698000	0	0	0	0	0	0	0	0	0	0
699000	657	694	657	752	725	599	676	837	782	860	699000	0	0	0	0	0	0	0	0	0	0
700000	714	669	703	699	701	671	764	759	762	841	700000	0	0	0	0	0	0	0	0	0	0
701000	664	646	720	670	802	751	802	742	807	769	701000	0	0	0	0	0	0	0	0	0	0
702000	731	704	683	672	744	678	728	821	762	868	702000	0	0	0	0	0	0	0	0	0	0
703000	705	707	548	515	740	632	745	786	642	810	703000	0	0	0	0	0	0	0	0	0	0
704000	697	721	659	608	699	634	725	816	779	759	704000	0	0	0	0	0	0	0	0	0	0
705000	647	706	571	665	707	663	703	820	776	787	705000	0	0	0	0	0	0	0	0	0	0
706000	725	819	626	664	807	545	811	824	778	779	706000	0	0	0	0	0	0	0	0	0	0
707000	738	806	608	600	829	605	703	820	835	794	707000	0	0	0	0	0	0	0	0	0	0
708000	786	815	614	706	774	607	771	785	857	645	708000	0	0	0	0	0	0	0	0	0	0
709000	686	721	598	729	706	611	758	884	792	747	709000	0	0	0	0	0	0	0	0	0	0
710000	697	771	592	645	697	747	739	836	789	758	710000	0	0	0	0	0	0	0	0	0	0
711000	687	699	651	635	732	625	693	915	817	561	711000	0	0	0	0	0	0	0	0	0	0
712000	720	696	557	611	789	736	755	813	820	780	712000	0	0	0	0	0	0	0	0	0	0
713000	651	727	564	738	750	819	635	833	747	785	713000	0	0	0	0	0	0	0	0	0	0
714000	675	768	553	794	797	735	772	817	740	748	714000	0	0	0	0	0	0	0	0	0	0
715000	602	758	576	668	778	656	676	910	790	730	715000	0	0	0	0	0	0	0	0	0	0
716000	655	732	603	739	883	709	826	829	712	681	716000	0	0	0	0	0	0	0	0	0	0
717000	696	746	592	689	767	746	785	859	788	752	717000	0	0	0	0	0	0	0	0	0	0
718000	650	692	581	710	814	749	737	868	674	759	718000	0	0	0	0	0	0	0	0	0	0
719000	688	711	618	688	758	683	786	905	581	776	719000	0	0	0	0	0	0	0	0	0	0
720000	716	712	578	683	856	729	701	853	664	801	720000	0	0	0	0	0	0	0	0	0	0
721000	600	741	562	634	773	696	766	891	757	805	721000	0	0	0	0	0	0	0	0	0	0
722000	594	752	626	666	894	757	729	833	738	837	722000	0	0	0	0	0	0	0	0	0	0
723000	537	770	557	677	805	729	709	852	829	651	723000	0	0	0	0	0	0	0	0	0	0
724000	682	742	514	638	787	636	725	873	767	875	724000	0	0	0	0	0	0	0	0	0	0
725000	649	727	557	724	738	734	754	837	739	846	725000	0	0	0	0	0	0	0	0	0	0
726000	664	735	564	829	808	662	833	868	777	797	726000	0	0	0	0	0	0	0	0	0	0
727000	672	738	584	760	771	763	734	840	770	713	727000	0	0	0	0	0	0	0	0	0	0
728000	648	696	551	641	773	799	762	824	751	867	728000	0	0	0	0	0	0	0	0	0	0
729000	733	695	525	656	650	707	660	828	842	811	729000	0	0	0	0	0	0	0	0	0	0
730000	704	818	522	619	718	719	720	835	887	778	730000	0	0	0	0	0	0	0	0	0	0
731000	681	768	587	794	687	688	773	849	865	716	731000	0	0	0	0	0	0	0	0	0	0
732000	646	773	592	709	678	648	721	851	801	805	732000	0	0	0	0	0	0	0	0	0	0
733000	682	816	514	653	841	621	785	820	771	792	733000	0	0	0	0	0	0	0	0	0	0
734000	690	778	486	631	765	623	781	859	783	740	734000	0	0	0	0	0	0	0	0	0	0
735000	746	795	589	592	683	588	720	792	729	786	735000	0	0	0	0	0	0	0	0	0	0
736000	639	771	525	614	705	681	771	821	746	922	736000	0	0	0	0	0	0	0	0	0	0
737000	629	683	565	700	793	578	813	878	800	836	737000	0	0	0	0	0	0	0	0	0	0
738000	605	821	544	740	772	654	732	859	722	826	738000	0	0	0	0	0	0	0	0	0	0
739000	658	710	488	777	747	644	743	936	724	784	739000	0	0	0	0	0	0	0	0	0	0
740000	696	717	608	722	765	585	589	866	750	770	740000	0	0	0	0	0	0	0	0	0	0
741000	762	783	712	632	751	640	627	776	773	772	741000	0	0	0	0	0	0	0	0	0	0
742000	699	827	610	639	629	491	731	821	698	690	742000	0	0	0	0	0	0	0	0	0	0
743000	693	843	614	659	680	586	682	780	671	743	743000	0	0	0	0	0	0	0	0	0	0
744000	759	747	674	695	706	614	700	865	702	776	744000	0	0	0	0	0	0	0	0	0	0
745000	668	796	602	694	670	556	757	844	633	795	745000	0	0	0	0	0	0	0	0	0	0
746000	712	798	551	691	805	595	788	881	743	849	746000	0	0	0	0	0	0	0	0	0	0
747000	657	846	650	664	809	647	746	795	677	831	747000	0	0	0	0	0	0	0	0	0	0
748000	669	853	633	761	727	635	749	812	805	889	748000	0	0	0	0	0	0	0	0	0	0
749000	682	754	631	756	653	635	768	779	698	903	749000	0	0	0	0	0	0	0	0	0	0
750000	633	728	602	759	742	583	685	814	744	907	750000	0	0	0	0	0	0	0	0	0	0
751000	712	701	525	794	708	665	663	902	780	939	751000	0	0	0	0	0	0	0	0	0	0
752000	693	770	619	835	749	636	679	814	613	770	752000	0	0	0	0	0	0	0	0	0	0
753000	788	702	659	702	751	633	774	865	638	870	753000	0	0	0	0	0	0	0	0	0	0
754000	724	766	660	719	724	640	697	800	717	831	754000	0	0	0	0	0	0	0	0	0	0
755000	794	710	594	759	664	647	731	726	710	844	755000	0	0	0	0	0	0	0	0	0	0
756000	730	749	644	744	717	636	745	797	665	954	756000	0	0	0	0	0	0	0	0	0	0
757000	631	746	588	704	739	615	763	832	787	761	757000	0	0	0	0	0	0	0	0	0	0
758000	698	792	626	676	778	703	663	760	674	790	758000	0	0	0	0	0	0	0	0	0	0
759000	725	830	635	781	738	670	700	887	748	679	759000	0	0	0	0	0	0	0	0	0	0
760000	694	860	703	758	736	683	633	802	703	837	760000	0	0	0	0	0	0	0	0	0	0
761000	689	812	618	845	733	643	580	818	726	773	761000	0	0	0	0	0	0	0	0	0	0
762000	672	751	615	702	787	586	643	845	692	716	762000	0	0	0	0	0	0	0	0	0	0
763000	590	685	636	732	750	645	755	818	592	730	763000	0	0	0	0	0	0	0	0	0	0
764000	612	831	729	809	842	639	691	910	706	776	764000	0	0	0	0	0	0	0	0	0	0
765000	693	814	695	724	777	577	761	888	732	876	765000	0	0	0	0	0	0	0	0	0	0
766000	704	813	670	712	731	560	693	923	723	810	766000	0	0	0	0	0	0	0	0	0	0
767000	700	844	671	716	866	593	707	865	704	797	767000	0	0	0	0	0	0	0	0	0	0
768000	713	875	648	772	862	601	664	950	641	906	768000	0	0	0	0	0	0	0	0	0	0
769000	749	753	603	678	761	633	659	894	704	986	769000	0	0	0	0	0	0	0	0	0	0
770000	779	763	622	634	710	610	684	888	663	820	770000	0	0	0	0	0	0	0	0	0	0
771000	726	791	589	593	772	681	641	879	747	882	771000	0	0	0	0	0	0	0	0	0	0
772000	711	753	656	693	855	588	593	869	704	901	772000	0	0	0	0	0	0	0	0	0	0
773000	753	762	691	728	754	610	610	907	664	872	773000	0	0	0	0	0	0	0	0	0	0
774000	666	819	641	644	791	538	610	830	671	883	774000	0	0	0	0	0	0	0	0	0	0
775000	741	773	614	651	818	499	605	896	633	915	775000	0	0	0	0	0	0	0	0	0	0
776000	763	736	645	614	845	510	634	876	655	902	776000	0	0	0	0	0	0	0	0	0	0
777000	728	833	595	571	742	579	708	848	670	808	777000	0	0	0	0	0	0	0	0	0	0
778000	650	775	692	726	654	621	682	859	686	815	778000	0	0	0	0	0	0	0	0	0	0
779000	706	857	640	608	731	555	601	779	691	899	779000	0	0	0	0	0	0	0	0	0	0
780000	763	757	634	697	653	554	647	713	582	978	780000	0	0	0	0	0	0	0	0	0	0
781000	751	712	594	773	666	645	674	857	706	772	781000	0	0	0	0	0	0	0	0	0	0
782000	724	689	580	738	693	570	633	842	752	719	782000	0	0	0	0	0	0	0	0	0	0
783000	717	832	598	742	768	601	705	908	690	790	783000	0	0	0	0	0	0	0	0	0	0
784000	679	757	629	721	763	594	614	753	743	830	784000	0	0	0	0	0	0	0	0	0	0
785000	667	761	559	750	787	559	655	799	805	840	785000	0	0	0	0	0	0	0	0	0	0
786000	667	804	677	818	653	522	656	753	779	730	786000	0	0	0	0	0	0	0	0	0	0
787000	728	761	616	736	752	589	665	816	753	850	787000	0	0	0	0	0	0	0	0	0	0
788000	704	830	669	781	699	589	742	881	778	901	788000	0	0	0	0	0	0	0	0	0	0
789000	715	847	686	765	761	631	755	907	663	855	789000	0	0	0	0	0	0	0	0	0	0
790000	744	762	576	659	775	669	681	859	669	723	790000	0	0	0	0	0	0	0	0	0	0
791000	737	773	679	759	814	593	672	894	712	698	791000	0	0	0	0	0	0	0	0	0	0
792000	681	840	665	891	834	629	702	765	748	812	792000	0	0	0	0	0	0	0	0	0	0
793000	705	763	678	836	765	623	818	838	688	816	793000	0	0	0	0	0	0	0	0	0	0
794000	770	726	675	834	821	657	618	904	705	849	794000	0	0	0	0	0	0	0	0	0	0
795000	759	839	650	780	881	776	635	827	715	854	795000	0	0	0	0	0	0	0	0	0	0
796000	757	806	594	875	759	683	561	847	694	847	796000	0	0	0	0	0	0	0	0	0	0
797000	720	765	685	807	842	607	625	841	676	991	797000	0	0	0	0	0	0	0	0	0	0
798000	758	732	673	825	765	613	591	842	672	892	798000	0	0	0	0	0	0	0	0	0	0
799000	808	771	679	817	747	609	658	885	722	846	799000	0	0	0	0	0	0	0	0	0	0
800000	729	796	544	841	689	586	558	884	641	862	800000	0	0	0	0	0	0	0	0	0	0
801000	823	780	634	779	596	595	688	865	668	840	801000	0	0	0	0	0	0	0	0	0	0
802000	766	748	615	822	706	572	620	897	702	847	802000	0	0	0	0	0	0	0	0	0	0
803000	774	718	582	820	750	659	631	846	641	941	803000	0	0	0	0	0	0	0	0	0	0
804000	844	771	609	820	715	632	650	809	679	826	804000	0	0	0	0	0	0	0	0	0	0
805000	784	791	651	809	819	722	634	813	715	793	805000	0	0	0	0	0	0	0	0	0	0
806000	765	858	615	873	771	605	597	759	683	898	806000	0	0	0	0	0	0	0	0	0	0
807000	742	849	616	807	697	627	661	847	753	826	807000	0	0	0	0	0	0	0	0	0	0
808000	728	889	679	783	654	711	581	792	712	784	808000	0	0	0	0	0	0	0	0	0	0
809000	707	885	635	770	842	657	645	775	681	822	809000	0	0	0	0	0	0	0	0	0	0
810000	774	878	655	813	744	631	629	761	816	782	810000	0	0	0	0	0	0	0	0	0	0
811000	782	820	668	714	733	687	714	764	731	819	811000	0	0	0	0	0	0	0	0	0	0
812000	774	759	676	838	763	784	674	763	656	761	812000	0	0	0	0	0	0	0	0	0	0
813000	639	858	706	762	821	691	664	795	712	751	813000	0	0	0	0	0	0	0	0	0	0
814000	715	835	684	758	762	673	736	824	795	772	814000	0	0	0	0	0	0	0	0	0	0
815000	814	730	752	754	840	642	699	850	677	748	815000	0	0	0	0	0	0	0	0	0	0
816000	784	764	687	804	720	594	775	845	642	778	816000	0	0	0	0	0	0	0	0	0	0
817000	825	702	682	729	775	615	773	740	737	762	817000	0	0	0	0	0	0	0	0	0	0
818000	763	832	650	724	781	607	700	818	757	809	818000	0	0	0	0	0	0	0	0	0	0
819000	740	824	726	778	794	636	717	861	723	904	819000	0	0	0	0	0	0	0	0	0	0
820000	797	787	715	792	788	598	697	917	748	924	820000	0	0	0	0	0	0	0	0	0	0
821000	748	772	707	764	834	653	729	946	701	815	821000	0	0	0	0	0	0	0	0	0	0
822000	680	883	690	780	745	634	616	958	728	700	822000	0	0	0	0	0	0	0	0	0	0
823000	746	835	844	685	812	638	671	1001	666	674	823000	0	0	0	0	0	0	0	0	0	0
824000	818	872	782	844	735	693	642	870	758	820	824000	0	0	0	0	0	0	0	0	0	0
825000	854	792	803	828	876	665	653	886	558	894	825000	0	0	0	0	0	0	0	0	0	0
826000	783	790	769	817	857	708	631	971	661	814	826000	0	0	0	0	0	0	0	0	0	0
827000	701	795	736	748	810	592	675	807	657	873	827000	0	0	0	0	0	0	0	0	0	0
828000	740	903	724	778	827	611	690	899	610	833	828000	0	0	0	0	0	0	0	0	0	0
829000	905	838	747	722	806	672	668	816	570	740	829000	0	0	0	0	0	0	0	0	0	0
830000	802	764	673	645	758	666	644	856	639	717	830000	0	0	0	0	0	0	0	0	0	0
831000	851	793	684	715	851	751	615	861	784	749	831000	0	0	0	0	0	0	0	0	0	0
832000	832	792	685	758	730	677	620	869	678	796	832000	0	0	0	0	0	0	0	0	0	0
833000	799	874	701	758	714	781	696	865	606	790	833000	0	0	0	0	0	0	0	0	0	0
834000	757	809	760	786	831	681	721	860	774	796	834000	0	0	0	0	0	0	0	0	0	0
835000	763	807	751	904	774	712	625	873	690	661	835000	0	0	0	0	0	0	0	0	0	0
836000	800	889	708	763	677	678	678	786	789	897	836000	0	0	0	0	0	0	0	0	0	0
837000	679	759	709	806	708	647	675	741	591	817	837000	0	0	0	0	0	0	0	0	0	0
838000	761	826	799	789	720	669	584	941	667	867	838000	0	0	0	0	0	0	0	0	0	0
839000	777	716	728	709	760	687	609	867	604	727	839000	0	0	0	0	0	0	0	0	0	0
840000	749	781	784	838	741	641	686	818	777	762	840000	0	0	0	0	0	0	0	0	0	0
841000	738	864	736	714	701	658	713	639	718	811	841000	0	0	0	0	0	0	0	0	0	0
842000	736	919	738	673	749	668	592	784	730	785	842000	0	0	0	0	0	0	0	0	0	0
843000	864	921	727	716	657	609	611	763	746	864	843000	0	0	0	0	0	0	0	0	0	0
844000	775	847	686	778	695	576	654	820	745	845	844000	0	0	0	0	0	0	0	0	0	0
845000	840	760	709	755	805	579	666	830	696	761	845000	0	0	0	0	0	0	0	0	0	0
846000	871	739	721	776	829	633	604	862	731	890	846000	0	0	0	0	0	0	0	0	0	0
847000	806	741	782	822	810	646	669	808	669	894	847000	0	0	0	0	0	0	0	0	0	0
848000	797	812	723	860	810	676	646	710	717	868	848000	0	0	0	0	0	0	0	0	0	0
849000	834	767	812	826	748	656	660	721	716	862	849000	0	0	0	0	0	0	0	0	0	0
850000	761	766	772	841	735	593	659	733	672	830	850000	0	0	0	0	0	0	0	0	0	0
851000	823	817	819	942	753	656	655	718	705	790	851000	0	0	0	0	0	0	0	0	0	0
852000	763	778	790	784	703	638	676	798	607	726	852000	0	0	0	0	0	0	0	0	0	0
853000	837	769	789	795	730	603	656	801	615	728	853000	0	0	0	0	0	0	0	0	0	0
854000	737	734	684	800	776	627	724	836	574	885	854000	0	0	0	0	0	0	0	0	0	0
855000	842	869	778	735	615	692	631	721	666	854	855000	0	0	0	0	0	0	0	0	0	0
856000	745	763	763	747	741	633	692	753	633	832	856000	0	0	0	0	0	0	0	0	0	0
857000	804	831	795	736	766	676	645	841	605	793	857000	0	0	0	0	0	0	0	0	0	0
858000	761	750	610	843	759	624	631	851	672	935	858000	0	0	0	0	0	0	0	0	0	0
859000	730	840	705	825	846	629	652	792	674	864	859000	0	0	0	0	0	0	0	0	0	0
860000	744	748	673	668	894	638	663	843	676	797	860000	0	0	0	0	0	0	0	0	0	0
861000	785	862	767	690	789	621	652	801	667	891	861000	0	0	0	0	0	0	0	0	0	0
862000	764	794	808	714	789	619	687	800	597	732	862000	0	0	0	0	0	0	0	0	0	0
863000	787	768	813	689	732	663	685	835	614	807	863000	0	0	0	0	0	0	0	0	0	0
864000	806	876	722	736	737	659	677	790	617	856	864000	0	0	0	0	0	0	0	0	0	0
865000	759	838	665	724	767	620	690	739	686	806	865000	0	0	0	0	0	0	0	0	0	0
866000	718	843	834	808	728	572	691	807	743	740	866000	0	0	0	0	0	0	0	0	0	0
867000	753	876	812	620	708	603	701	834	766	888	867000	0	0	0	0	0	0	0	0	0	0
868000	799	794	785	664	720	582	603	774	690	770	868000	0	0	0	0	0	0	0	0	0	0
869000	819	808	779	693	742	572	580	928	728	863	869000	0	0	0	0	0	0	0	0	0	0
870000	723	834	755	760	752	644	625	855	656	806	870000	0	0	0	0	0	0	0	0	0	0
871000	764	867	733	732	776	638	565	758	715	793	871000	0	0	0	0	0	0	0	0	0	0
872000	831	893	785	709	730	620	683	820	738	791	872000	0	0	0	0	0	0	0	0	0	0
873000	865	840	737	683	677	710	609	841	827	779	873000	0	0	0	0	0	0	0	0	0	0
874000	838	834	794	708	687	643	638	839	739	833	874000	0	0	0	0	0	0	0	0	0	0
875000	807	896	772	750	789	629	660	745	737	761	875000	0	0	0	0	0	0	0	0	0	0
876000	740	846	703	749	822	620	736	837	642	845	876000	0	0	0	0	0	0	0	0	0	0
877000	778	821	781	729	734	665	717	880	758	918	877000	0	0	0	0	0	0	0	0	0	0
878000	729	885	789	703	809	726	649	851	718	857	878000	0	0	0	0	0	0	0	0	0	0
879000	753	821	780	810	700	637	656	863	705	877	879000	0	0	0	0	0	0	0	0	0	0
880000	774	874	748	704	822	648	660	848	729	780	880000	0	0	0	0	0	0	0	0	0	0
881000	778	857	679	767	779	571	648	940	799	755	881000	0	0	0	0	0	0	0	0	0	0
882000	740	932	762	632	876	693	731	796	638	801	882000	0	0	0	0	0	0	0	0	0	0
883000	737	792	729	801	778	671	695	874	743	904	883000	0	0	0	0	0	0	0	0	0	0
884000	786	835	756	819	729	655	736	927	756	829	884000	0	0	0	0	0	0	0	0	0	0
885000	759	851	700	833	804	679	702	867	715	846	885000	0	0	0	0	0	0	0	0	0	0
886000	712	839	729	756	753	742	653	792	686	839	886000	0	0	0	0	0	0	0	0	0	0
887000	766	802	775	818	835	671	664	827	659	860	887000	0	0	0	0	0	0	0	0	0	0
888000	752	771	718	843	856	687	608	864	719	791	888000	0	0	0	0	0	0	0	0	0	0
889000	784	776	749	850	759	647	656	883	644	743	889000	0	0	0	0	0	0	0	0	0	0
890000	767	871	753	903	809	754	685	938	694	730	890000	0	0	0	0	0	0	0	0	0	0
891000	817	916	884	939	778	649	649	918	720	706	891000	0	0	0	0	0	0	0	0	0	0
892000	727	816	700	832	741	729	618	845	727	738	892000	0	0	0	0	0	0	0	0	0	0
893000	705	878	750	808	765	693	665	852	605	744	893000	0	0	0	0	0	0	0	0	0	0
894000	806	833	831	847	724	739	575	772	683	678	894000	0	0	0	0	0	0	0	0	0	0
895000	772	892	835	742	734	678	651	916	633	801	895000	0	0	0	0	0	0	0	0	0	0
896000	766	801	843	673	825	679	629	826	646	748	896000	0	0	0	0	0	0	0	0	0	0
897000	788	882	808	853	794	701	615	843	685	746	897000	0	0	0	0	0	0	0	0	0	0
898000	767	915	757	816	756	630	653	854	734	914	898000	0	0	0	0	0	0	0	0	0	0
899000	800	894	790	812	817	640	630	811	862	881	899000	0	0	0	0	0	0	0	0	0	0
900000	727	842	792	824	786	643	648	768	785	783	900000	0	0	0	0	0	0	0	0	0	0
901000	769	858	690	769	825	710	661	800	861	804	901000	0	0	0	0	0	0	0	0	0	0
902000	858	867	762	878	765	648	674	909	814	760	902000	0	0	0	0	0	0	0	0	0	0
903000	743	880	809	875	767	708	781	831	767	753	903000	0	0	0	0	0	0	0	0	0	0
904000	743	943	708	852	741	668	645	999	783	846	904000	0	0	0	0	0	0	0	0	0	0
905000	785	939	730	774	780	690	640	849	757	825	905000	0	0	0	0	0	0	0	0	0	0
906000	836	920	778	710	798	682	683	831	820	843	906000	0	0	0	0	0	0	0	0	0	0
907000	808	889	810	749	804	691	737	879	735	893	907000	0	0	0	0	0	0	0	0	0	0
908000	822	879	849	803	699	626	659	806	702	924	908000	0	0	0	0	0	0	0	0	0	0
909000	769	870	801	763	889	728	699	911	767	780	909000	0	0	0	0	0	0	0	0	0	0
910000	792	891	759	756	837	670	673	907	725	753	910000	0	0	0	0	0	0	0	0	0	0
911000	844	893	788	803	826	660	702	857	761	819	911000	0	0	0	0	0	0	0	0	0	0
912000	816	757	816	777	775	733	592	842	767	801	912000	0	0	0	0	0	0	0	0	0	0
913000	904	779	756	834	792	770	721	832	833	782	913000	0	0	0	0	0	0	0	0	0	0
914000	754	815	746	836	875	740	715	859	748	863	914000	0	0	0	0	0	0	0	0	0	0
915000	812	783	804	805	749	681	722	775	745	896	915000	0	0	0	0	0	0	0	0	0	0
916000	789	879	775	740	833	715	561	858	774	904	916000	0	0	0	0	0	0	0	0	0	0
917000	810	838	896	809	838	711	641	878	779	905	917000	0	0	0	0	0	0	0	0	0	0
918000	798	855	841	848	894	664	646	771	728	807	918000	0	0	0	0	0	0	0	0	0	0
919000	740	737	870	841	865	725	623	759	649	892	919000	0	0	0	0	0	0	0	0	0	0
920000	817	899	792	838	843	753	695	793	688	849	920000	0	0	0	0	0	0	0	0	0	0
921000	721	888	792	822	803	715	620	822	733	841	921000	0	0	0	0	0	0	0	0	0	0
922000	790	814	737	771	925	811	534	805	795	789	922000	0	0	0	0	0	0	0	0	0	0
923000	793	907	764	772	800	738	563	865	742	852	923000	0	0	0	0	0	0	0	0	0	0
924000	887	937	785	816	732	687	560	843	760	723	924000	0	0	0	0	0	0	0	0	0	0
925000	744	937	832	747	806	733	564	899	762	806	925000	0	0	0	0	0	0	0	0	0	0
926000	811	794	803	727	822	791	595	859	773	754	926000	0	0	0	0	0	0	0	0	0	0
927000	771	829	808	758	780	770	564	741	760	851	927000	0	0	0	0	0	0	0	0	0	0
928000	817	776	821	779	889	765	679	896	712	807	928000	0	0	0	0	0	0	0	0	0	0
929000	797	824	819	807	739	756	697	842	758	856	929000	0	0	0	0	0	0	0	0	0	0
930000	785	746	857	822	804	824	718	899	778	843	930000	0	0	0	0	0	0	0	0	0	0
931000	773	836	784	824	812	770	547	940	712	866	931000	0	0	0	0	0	0	0	0	0	0
932000	751	825	770	900	823	804	614	862	738	756	932000	0	0	0	0	0	0	0	0	0	0
933000	846	800	753	809	869	731	579	824	748	859	933000	0	0	0	0	0	0	0	0	0	0
934000	806	872	785	774	858	732	596	912	723	825	934000	0	0	0	0	0	0	0	0	0	0
935000	902	886	880	751	756	823	679	906	788	747	935000	0	0	0	0	0	0	0	0	0	0
936000	787	878	794	784	820	687	586	900	680	826	936000	0	0	0	0	0	0	0	0	0	0
937000	806	795	826	759	717	653	597	848	600	881	937000	0	0	0	0	0	0	0	0	0	0
938000	825	809	802	773	859	709	625	821	803	712	938000	0	0	0	0	0	0	0	0	0	0
939000	807	778	741	747	890	709	625	714	836	717	939000	0	0	0	0	0	0	0	0	0	0
940000	768	820	747	818	806	707	616	899	550	744	940000	0	0	0	0	0	0	0	0	0	0
941000	697	866	609	747	794	768	640	858	691	876	941000	0	0	0	0	0	0	0	0	0	0
942000	802	788	705	777	689	591	656	833	714	798	942000	0	0	0	0	0	0	0	0	0	0
943000	734	723	796	690	752	679	613	743	661	724	943000	0	0	0	0	0	0	0	0	0	0
944000	715	849	761	677	758	671	626	839	598	720	944000	0	0	0	0	0	0	0	0	0	0
945000	740	735	823	825	723	692	614	732	656	789	945000	0	0	0	0	0	0	0	0	0	0
946000	764	779	702	894	702	719	665	861	742	781	946000	0	0	0	0	0	0	0	0	0	0
947000	715	823	790	775	751	803	603	847	705	767	947000	0	0	0	0	0	0	0	0	0	0
948000	667	685	722	869	732	721	665	833	710	734	948000	0	0	0	0	0	0	0	0	0	0
949000	668	773	795	775	727	691	684	831	762	762	949000	0	0	0	0	0	0	0	0	0	0
950000	757	762	749	810	616	660	667	834	711	817	950000	0	0	0	0	0	0	0	0	0	0
951000	673	790	763	856	757	780	616	744	646	718	951000	0	0	0	0	0	0	0	0	0	0
952000	657	856	707	806	725	776	601	887	694	660	952000	0	0	0	0	0	0	0	0	0	0
953000	625	864	633	847	711	732	573	868	788	880	953000	0	0	0	0	0	0	0	0	0	0
954000	747	887	666	819	803	759	579	906	745	756	954000	0	0	0	0	0	0	0	0	0	0
955000	697	840	717	836	784	792	662	801	728	758	955000	0	0	0	0	0	0	0	0	0	0
956000	690	967	681	824	773	755	616	842	717	779	956000	0	0	0	0	0	0	0	0	0	0
957000	760	891	679	842	734	776	642	980	607	782	957000	0	0	0	0	0	0	0	0	0	0
958000	736	878	778	727	635	605	609	796	544	864	958000	0	0	0	0	0	0	0	0	0	0
959000	747	861	808	807	702	725	695	748	634	699	959000	0	0	0	0	0	0	0	0	0	0
960000	857	859	799	787	700	745	795	873	727	811	960000	0	0	0	0	0	0	0	0	0	0
961000	762	773	796	843	770	740	696	894	768	816	961000	0	0	0	0	0	0	0	0	0	0
962000	748	838	757	826	684	711	679	904	669	860	962000	0	0	0	0	0	0	0	0	0	0
963000	856	794	817	895	672	769	747	846	780	754	963000	0	0	0	0	0	0	0	0	0	0
964000	807	742	716	760	732	694	748	776	649	772	964000	0	0	0	0	0	0	0	0	0	0
965000	726	816	754	867	775	730	722	816	752	794	965000	0	0	0	0	0	0	0	0	0	0
966000	680	869	725	722	670	787	735	826	718	801	966000	0	0	0	0	0	0	0	0	0	0
967000	720	812	713	693	803	775	700	851	757	658	967000	0	0	0	0	0	0	0	0	0	0
968000	785	821	737	749	773	663	762	882	725	760	968000	0	0	0	0	0	0	0	0	0	0
969000	722	873	692	863	789	649	820	906	805	881	969000	0	0	0	0	0	0	0	0	0	0
970000	796	862	731	841	747	624	754	867	800	883	970000	0	0	0	0	0	0	0	0	0	0
971000	743	957	747	823	852	694	705	883	759	703	971000	0	0	0	0	0	0	0	0	0	0
972000	692	789	735	797	714	663	733	770	709	852	972000	0	0	0	0	0	0	0	0	0	0
973000	631	901	769	829	809	627	705	814	720	704	973000	0	0	0	0	0	0	0	0	0	0
974000	737	858	738	783	830	648	767	847	703	808	974000	0	0	0	0	0	0	0	0	0	0
975000	720	799	758	635	775	737	751	849	672	711	975000	0	0	0	0	0	0	0	0	0	0
976000	816	768	820	704	820	722	705	780	656	733	976000	0	0	0	0	0	0	0	0	0	0
977000	783	840	691	701	809	639	646	875	718	637	977000	0	0	0	0	0	0	0	0	0	0
978000	768	802	801	741	754	739	686	916	636	611	978000	0	0	0	0	0	0	0	0	0	0
979000	773	843	724	772	763	626	747	884	671	744	979000	0	0	0	0	0	0	0	0	0	0
980000	751	862	652	745	832	754	725	877	631	762	980000	0	0	0	0	0	0	0	0	0	0
981000	838	838	721	728	818	740	746	850	789	803	981000	0	0	0	0	0	0	0	0	0	0
982000	773	784	788	783	717	752	751	795	772	774	982000	0	0	0	0	0	0	0	0	0	0
983000	757	802	741	752	675	775	722	826	660	707	983000	0	0	0	0	0	0	0	0	0	0
984000	710	877	781	766	743	785	825	839	672	765	984000	0	0	0	0	0	0	0	0	0	0
985000	622	808	697	768	782	743	817	879	727	710	985000	0	0	0	0	0	0	0	0	0	0
986000	643	880	818	712	846	853	758	852	720	699	986000	0	0	0	0	0	0	0	0	0	0
987000	714	814	701	759	816	856	692	830	769	715	987000	0	0	0	0	0	0	0	0	0	0
988000	708	945	710	781	807	863	711	848	763	703	988000	0	0	0	0	0	0	0	0	0	0
989000	693	908	781	837	696	787	702	850	647	686	989000	0	0	0	0	0	0	0	0	0	0
990000	699	984	740	737	771	815	733	901	679	700	990000	0	0	0	0	0	0	0	0	0	0
991000	711	890	771	762	756	710	817	907	636	674	991000	0	0	0	0	0	0	0	0	0	0
992000	626	910	813	825	726	630	759	915	707	812	992000	0	0	0	0	0	0	0	0	0	0
993000	738	919	643	824	737	801	757	913	615	808	993000	0	0	0	0	0	0	0	0	0	0
994000	652	934	820	891	808	824	729	863	714	765	994000	0	0	0	0	0	0	0	0	0	0
995000	703	802	733	769	777	819	762	767	761	754	995000	0	0	0	0	0	0	0	0	0	0
996000	694	823	734	790	867	891	742	798	662	729	996000	0	0	0	0	0	0	0	0	0	0
997000	669	843	658	801	882	857	772	799	706	765	997000	0	0	0	0	0	0	0	0	0	0
998000	656	789	842	697	796	688	810	878	796	648	998000	0	0	0	0	0	0	0	0	0	0
999000	659	834	749	635	845	728	778	895	677	719	999000	0	0	0	0	0	0	0	0	0	0
1000000	0	1	1	0	1	0	1	0	0	1	1000000	0	0	0	0	0	0	0	0	0	0
