0	19	18	15	6	13	12	14	16	10	11
1000	6	10	4	2	4	3	2	6	2	2
2000	6	17	4	0	5	3	5	3	0	2
3000	4	6	6	0	1	4	1	0	2	1
4000	0	16	2	2	1	1	2	1	5	2
5000	1	16	0	2	1	5	3	0	7	2
6000	4	23	2	1	0	7	36	0	5	10
7000	9	9	0	4	2	6	15	0	5	1
8000	2	19	0	5	5	12	6	1	12	1
9000	2	4	0	0	6	8	18	2	3	5
10000	9	13	0	0	2	11	10	5	0	25
11000	0	6	0	0	6	3	3	1	2	15
12000	1	13	7	5	1	12	7	1	7	1
13000	0	7	0	4	0	8	2	2	0	5
14000	21	11	2	5	4	11	15	9	1	6
15000	16	20	5	2	3	2	8	1	2	5
16000	24	12	1	1	0	16	17	10	3	0
17000	19	26	0	1	4	20	6	24	5	2
18000	15	28	1	0	4	15	2	4	4	0
19000	13	8	6	1	2	10	5	6	15	7
20000	29	43	24	5	6	12	2	14	2	4
21000	40	64	16	7	6	12	4	19	18	3
22000	41	53	22	3	1	7	2	14	31	3
23000	35	40	29	9	3	4	17	12	12	6
24000	36	48	8	7	4	16	14	9	12	2
25000	26	50	5	4	7	7	19	17	18	3
26000	34	53	43	7	12	12	16	23	10	6
27000	37	71	17	1	5	9	21	14	6	0
28000	37	59	7	1	0	10	13	20	6	3
29000	36	93	13	0	4	16	10	16	9	0
30000	55	48	23	1	0	18	16	5	12	5
31000	67	46	25	0	1	20	14	5	3	3
32000	50	76	13	0	3	17	35	13	7	1
33000	53	60	14	3	1	11	16	7	5	5
34000	23	44	21	0	0	6	12	9	6	5
35000	59	69	1	0	0	12	12	7	6	6
36000	63	84	10	2	2	3	28	8	7	1
37000	60	86	7	1	1	20	29	22	16	1
38000	50	100	3	0	0	22	37	6	14	4
39000	68	114	5	0	2	8	21	22	7	1
40000	68	93	2	0	8	4	25	12	2	1
41000	24	73	9	3	0	18	16	12	6	2
42000	31	65	3	0	3	9	8	16	4	7
43000	37	91	6	0	9	14	9	32	2	1
44000	78	81	3	0	12	6	8	36	8	4
45000	55	62	20	0	11	5	4	36	4	10
46000	58	76	16	2	0	4	9	12	7	3
47000	77	71	6	1	4	17	10	30	6	2
48000	93	28	8	3	5	18	10	29	4	3
49000	153	28	17	0	4	33	41	30	10	7
50000	80	81	9	2	3	21	44	13	10	5
51000	118	52	12	0	1	12	17	23	13	7
52000	92	85	23	0	6	7	13	26	12	14
53000	88	97	15	1	11	18	39	17	8	17
54000	55	96	76	0	18	16	43	17	8	3
55000	61	89	48	5	3	11	28	21	3	9
56000	166	127	18	3	24	13	27	23	5	5
57000	145	87	32	0	5	32	18	37	7	5
58000	155	140	36	0	7	21	15	50	18	7
59000	146	130	30	0	9	25	15	40	3	2
60000	212	86	24	1	4	28	18	56	8	2
61000	221	71	32	0	1	26	44	57	8	7
62000	175	79	35	0	6	17	52	33	10	12
63000	141	62	15	3	7	16	41	29	10	7
64000	207	124	23	2	12	39	21	34	13	11
65000	171	82	37	0	1	29	38	39	24	11
66000	165	85	57	0	10	26	57	25	22	3
67000	153	105	37	1	1	19	38	26	3	1
68000	118	109	15	1	5	16	10	40	6	3
69000	130	149	10	0	5	18	9	50	10	8
70000	149	93	28	1	2	24	9	65	5	7
71000	143	106	31	0	7	18	17	62	10	2
72000	98	76	25	2	3	17	22	48	5	3
73000	120	69	25	2	2	12	26	56	8	1
74000	72	88	15	0	6	12	47	59	2	12
75000	166	136	24	0	2	15	39	61	7	9
76000	110	127	24	1	2	36	67	78	5	4
77000	120	103	20	6	2	14	21	22	4	5
78000	178	140	15	2	4	21	32	46	2	19
79000	156	146	23	0	10	24	44	16	4	11
80000	162	119	12	0	14	23	37	22	4	2
81000	153	98	16	1	6	41	26	27	7	10
82000	149	110	27	1	3	40	8	47	11	5
83000	185	115	21	2	16	35	21	53	7	1
84000	140	78	20	0	13	49	20	55	7	2
85000	157	125	18	2	2	24	32	37	24	3
86000	234	153	32	0	24	29	61	54	12	3
87000	203	119	23	3	7	46	44	60	11	4
88000	160	154	9	0	3	53	51	27	6	3
89000	172	184	8	1	5	25	50	33	15	4
90000	169	166	6	1	17	44	53	28	2	0
91000	176	172	10	2	23	32	108	33	8	6
92000	169	129	23	0	18	39	77	32	7	10
93000	118	124	24	2	4	26	63	29	3	2
94000	130	142	16	4	13	20	44	21	5	5
95000	239	133	16	0	4	43	80	26	0	6
96000	237	120	12	3	29	16	104	14	1	11
97000	221	142	6	13	28	40	127	35	4	7
98000	230	92	14	8	20	28	148	52	3	9
99000	253	140	9	0	11	30	136	89	5	19
100000	232	171	8	3	37	42	160	42	15	6
101000	130	134	9	6	26	28	217	22	15	3
102000	210	146	9	3	39	56	214	39	22	6
103000	159	225	12	2	57	22	208	25	10	4
104000	149	194	13	2	41	31	121	37	8	2
105000	191	243	23	1	18	35	149	43	8	14
106000	242	231	23	2	24	21	227	39	5	34
107000	256	198	22	1	28	24	201	92	8	19
108000	244	156	23	1	17	28	235	72	2	3
109000	250	131	22	10	22	24	200	51	10	6
110000	252	202	38	1	54	17	197	28	4	6
111000	292	162	24	1	27	11	156	44	6	5
112000	344	206	18	2	42	19	239	65	12	2
113000	285	197	18	5	29	26	251	64	12	5
114000	302	140	23	17	26	22	260	76	5	4
115000	406	159	25	3	32	30	192	81	8	2
116000	476	198	27	1	28	38	197	109	11	0
117000	465	150	27	0	39	28	136	81	10	5
118000	450	152	21	1	27	36	217	72	22	5
119000	414	206	30	0	35	10	227	95	31	9
120000	397	212	53	1	49	31	229	62	34	4
121000	362	209	40	0	10	32	272	63	19	4
122000	365	245	49	0	15	15	287	61	23	9
123000	419	267	27	0	26	19	237	72	19	15
124000	424	262	31	0	46	16	260	82	14	7
125000	293	250	26	0	62	28	309	68	11	7
126000	369	171	28	0	50	32	320	53	22	4
127000	432	209	63	3	37	34	304	44	24	7
128000	371	159	52	1	26	38	263	65	49	3
129000	385	158	36	0	10	41	291	53	39	17
130000	405	171	51	0	8	47	284	48	35	14
131000	353	197	68	0	24	53	327	55	43	2
132000	340	214	86	0	43	50	298	100	13	6
133000	350	256	78	1	71	56	277	98	20	23
134000	374	206	73	0	87	36	300	95	9	18
135000	327	211	70	0	52	41	278	91	8	22
136000	317	194	88	0	48	64	249	99	6	12
137000	359	149	63	0	73	53	275	96	13	14
138000	369	135	73	1	21	56	243	62	17	17
139000	312	191	64	0	24	30	288	93	14	7
140000	274	159	78	0	40	17	277	159	22	4
141000	408	191	94	0	45	33	290	137	22	7
142000	401	207	97	0	54	28	210	112	24	14
143000	280	191	102	0	47	28	335	106	25	19
144000	306	145	75	2	45	25	339	128	22	7
145000	244	182	98	0	38	45	367	135	17	14
146000	338	118	73	0	70	43	367	98	19	22
147000	268	222	53	0	68	58	296	84	24	22
148000	239	219	73	0	76	37	267	95	24	28
149000	280	212	94	0	52	64	285	79	20	11
150000	366	209	73	0	66	49	355	73	18	6
151000	342	203	84	2	52	77	374	107	31	10
152000	311	200	79	1	60	40	357	111	33	11
153000	292	206	64	1	92	98	337	128	31	20
154000	425	200	115	0	111	76	383	113	15	14
155000	424	232	86	0	99	73	326	111	16	15
156000	444	191	87	0	93	60	287	77	17	21
157000	416	193	94	2	121	40	343	61	12	14
158000	424	171	93	0	130	59	288	84	23	31
159000	454	145	104	0	183	31	266	93	26	39
160000	390	110	76	0	148	28	275	113	28	46
161000	281	148	76	0	129	49	377	141	49	35
162000	356	148	108	0	90	52	307	110	42	26
163000	422	181	102	0	84	80	244	81	46	40
164000	425	196	162	0	160	81	346	124	33	43
165000	531	155	124	0	158	72	327	139	21	26
166000	455	175	101	0	177	100	343	152	23	46
167000	424	172	110	0	175	114	239	132	24	48
168000	418	166	77	0	165	107	330	148	20	35
169000	371	175	99	0	122	76	360	93	32	39
170000	404	174	106	0	141	54	354	69	32	33
171000	510	176	126	2	213	74	249	117	26	57
172000	502	195	84	0	122	128	269	123	27	52
173000	565	170	114	0	132	101	285	124	27	43
174000	513	175	130	0	195	58	372	133	25	21
175000	526	160	109	2	210	70	325	120	22	44
176000	482	180	123	1	174	126	301	120	33	61
177000	502	218	136	4	250	144	366	119	28	41
178000	504	207	145	1	207	136	291	177	27	40
179000	437	209	101	0	246	97	289	169	37	28
180000	531	196	88	0	229	69	278	155	35	31
181000	501	230	89	0	178	92	297	131	44	55
182000	531	241	102	1	153	81	314	127	39	40
183000	474	191	115	0	154	66	286	109	26	87
184000	534	173	117	0	166	66	310	139	34	75
185000	523	216	106	0	224	65	273	183	38	80
186000	474	245	135	0	297	63	216	145	43	113
187000	369	222	118	0	246	51	266	136	29	89
188000	335	196	106	0	214	106	294	153	46	90
189000	421	178	162	0	208	84	292	141	31	64
190000	488	221	144	0	296	66	272	168	27	82
191000	519	225	133	0	256	81	230	188	22	86
192000	553	213	165	0	260	105	271	163	39	62
193000	515	195	155	0	204	83	242	124	45	90
194000	492	139	151	0	169	103	272	114	36	148
195000	471	182	178	0	138	127	305	133	30	116
196000	470	181	161	1	116	105	294	150	31	93
197000	460	197	140	0	138	68	252	139	50	104
198000	509	189	110	0	119	90	305	97	50	116
199000	528	229	132	0	213	127	270	120	54	116
200000	446	143	180	0	272	121	247	125	50	140
201000	493	191	162	0	262	78	287	148	65	138
202000	475	173	131	0	207	81	269	118	41	156
203000	515	180	167	1	221	109	288	120	44	178
204000	491	165	164	0	159	83	333	115	38	195
205000	544	167	149	6	134	90	284	112	37	137
206000	593	198	168	8	160	71	292	111	54	196
207000	546	204	248	4	168	84	286	110	46	167
208000	513	201	265	0	221	107	282	112	40	159
209000	507	213	335	3	205	98	301	122	19	149
210000	533	211	237	0	283	110	267	126	30	155
211000	478	190	233	0	237	99	294	119	37	170
212000	510	291	239	1	343	85	289	121	50	163
213000	400	282	229	0	318	72	293	81	46	171
214000	475	228	217	0	255	80	324	132	53	193
215000	519	235	238	1	287	100	339	124	39	155
216000	485	221	268	0	307	128	296	110	57	183
217000	511	168	249	0	261	113	299	140	40	184
218000	526	218	234	0	305	62	371	112	47	193
219000	467	224	178	1	311	86	375	123	47	193
220000	486	204	231	2	286	147	355	171	43	163
221000	562	188	169	2	364	110	422	170	40	139
222000	476	207	145	4	335	120	382	173	41	164
223000	413	207	219	0	291	133	359	205	56	178
224000	475	236	219	0	286	127	330	206	56	170
225000	501	208	222	1	277	107	313	246	49	159
226000	498	220	196	1	256	79	314	215	62	176
227000	449	247	173	0	270	89	309	192	62	167
228000	476	266	197	0	314	87	393	185	64	138
229000	509	242	216	0	316	97	310	182	53	168
230000	497	198	250	2	305	117	331	142	72	150
231000	556	181	227	0	309	107	293	141	62	149
232000	615	180	269	0	311	98	327	177	54	169
233000	512	172	309	7	335	113	270	162	54	200
234000	574	194	234	1	387	99	257	158	59	167
235000	368	181	285	2	333	103	305	168	53	163
236000	457	168	222	7	347	131	280	169	44	183
237000	399	178	261	4	399	178	259	147	45	242
238000	437	227	323	2	327	168	288	173	44	243
239000	461	227	262	6	335	150	251	214	47	292
240000	418	212	236	1	393	154	249	200	66	268
241000	493	217	264	0	348	201	258	231	56	236
242000	556	228	270	0	396	144	360	217	58	224
243000	472	257	249	1	251	159	349	215	51	169
244000	456	248	222	1	301	169	273	181	48	187
245000	497	217	199	0	379	180	302	221	41	226
246000	460	200	292	0	372	170	304	205	51	218
247000	401	199	263	0	410	144	307	212	55	188
248000	444	213	288	0	321	169	297	221	44	213
249000	456	252	248	1	381	175	317	163	38	196
250000	449	242	243	0	280	233	314	228	40	152
251000	457	227	277	0	251	217	284	209	77	115
252000	413	262	253	1	355	228	321	218	70	222
253000	457	293	256	6	342	217	350	130	62	248
254000	452	279	215	6	360	209	352	187	66	261
255000	355	238	272	6	365	262	345	205	73	228
256000	443	253	219	7	414	230	369	194	49	155
257000	511	235	167	3	341	254	354	191	70	112
258000	586	186	192	1	261	245	387	271	68	162
259000	610	224	212	1	261	235	362	206	77	196
260000	533	270	249	1	321	241	377	204	72	156
261000	546	248	236	2	279	264	325	243	51	154
262000	507	257	290	10	368	258	344	214	61	167
263000	509	177	356	1	461	279	391	249	78	147
264000	515	236	261	0	466	261	349	252	80	136
265000	471	269	228	0	393	227	435	288	60	124
266000	519	225	220	0	378	236	349	299	65	162
267000	505	228	216	0	386	232	315	224	51	161
268000	460	213	222	0	366	281	239	297	54	173
269000	487	230	271	1	366	228	294	284	56	222
270000	556	213	275	4	316	248	300	310	35	224
271000	447	231	242	4	442	191	395	291	46	205
272000	406	308	240	2	307	260	369	310	39	243
273000	497	297	303	0	346	263	287	236	47	207
274000	650	239	276	2	411	290	341	292	53	209
275000	484	248	255	1	364	298	380	284	60	281
276000	544	243	284	2	376	280	353	322	48	250
277000	614	236	249	4	386	295	371	309	51	295
278000	604	184	276	1	407	214	371	333	83	301
279000	598	239	288	2	350	234	299	332	59	285
280000	593	271	276	11	384	239	262	327	72	330
281000	489	289	291	2	493	232	290	386	63	354
282000	453	276	233	0	527	278	350	355	89	328
283000	488	220	263	2	499	306	342	363	57	299
284000	429	227	288	0	478	269	358	389	97	289
285000	384	223	302	1	359	244	339	365	58	234
286000	431	243	350	0	350	286	357	359	72	280
287000	472	234	293	0	330	304	253	304	67	323
288000	577	226	289	2	303	293	375	236	59	307
289000	593	250	315	2	401	284	394	302	75	301
290000	666	244	286	1	391	293	344	264	65	327
291000	553	218	283	0	396	276	353	285	67	328
292000	571	301	372	2	384	270	364	313	70	268
293000	585	287	340	2	333	205	378	365	95	325
294000	590	304	360	2	364	280	364	361	82	343
295000	626	314	354	4	390	303	394	324	83	297
296000	565	303	348	6	349	273	304	273	77	298
297000	657	269	307	9	387	271	282	300	98	346
298000	658	315	329	3	453	320	348	282	70	321
299000	613	338	315	2	411	313	310	288	88	303
300000	604	335	308	4	401	337	348	298	70	293
301000	563	307	354	10	347	266	356	320	63	294
302000	583	273	384	1	333	312	311	265	82	258
303000	542	285	344	0	339	348	305	315	57	302
304000	429	299	357	3	317	297	294	317	76	238
305000	435	314	297	0	309	273	407	347	74	264
306000	558	311	314	1	360	315	347	359	87	338
307000	631	313	331	7	347	361	397	325	77	294
308000	669	314	313	5	347	288	408	356	76	348
309000	676	354	353	11	441	350	431	326	64	273
310000	711	340	300	1	363	378	403	295	87	294
311000	502	378	319	2	375	286	341	226	65	280
312000	641	321	310	0	448	322	386	301	57	274
313000	687	325	367	7	480	277	400	308	48	337
314000	570	326	382	6	450	247	350	357	89	323
315000	573	312	291	1	480	283	383	261	72	376
316000	639	315	343	6	368	276	387	303	69	338
317000	666	322	334	1	380	232	365	316	82	394
318000	660	344	399	7	383	298	397	357	80	357
319000	576	392	390	17	470	295	350	346	51	327
320000	661	293	390	17	502	259	359	403	92	408
321000	570	349	353	17	401	332	361	334	79	302
322000	572	339	327	41	415	337	436	376	82	347
323000	518	366	359	22	464	395	411	378	80	335
324000	538	319	335	22	446	365	356	343	79	375
325000	579	286	308	24	404	333	408	310	73	398
326000	584	275	344	13	489	313	385	335	72	419
327000	586	267	335	35	442	312	388	392	113	407
328000	615	329	352	31	444	312	423	353	81	362
329000	690	338	387	28	422	338	484	414	91	376
330000	641	321	462	49	479	300	460	343	85	397
331000	575	343	394	40	515	330	405	404	93	399
332000	502	368	367	45	485	344	465	393	97	397
333000	415	308	391	89	523	364	486	379	106	351
334000	515	312	386	64	523	359	450	346	86	389
335000	594	287	377	64	488	305	478	405	77	349
336000	577	288	395	45	420	326	540	464	89	305
337000	548	305	404	71	346	377	475	434	92	296
338000	580	311	391	68	353	329	480	420	79	270
339000	599	349	320	82	397	299	466	341	100	315
340000	511	340	387	97	401	342	439	483	98	377
341000	767	377	443	135	437	346	420	450	82	372
342000	687	384	399	139	512	351	370	399	89	359
343000	730	403	353	106	515	385	472	407	126	407
344000	736	332	299	84	446	385	454	386	112	423
345000	626	348	382	64	551	430	467	395	108	411
346000	724	340	352	90	517	409	393	412	90	391
347000	683	321	345	112	544	435	407	393	115	386
348000	686	382	370	97	479	463	367	358	109	427
349000	600	292	384	104	567	334	449	324	123	397
350000	714	372	451	117	543	411	394	386	98	419
351000	669	348	385	106	508	392	415	444	133	504
352000	646	394	424	162	485	374	371	392	108	465
353000	677	363	363	153	523	424	407	409	92	507
354000	665	382	414	118	570	473	451	417	111	430
355000	649	377	378	164	596	460	496	437	110	444
356000	740	410	400	185	540	387	454	451	103	461
357000	609	393	412	149	506	383	394	480	68	476
358000	669	456	396	96	520	394	417	441	76	455
359000	613	471	442	188	502	430	487	413	58	444
360000	581	463	467	177	436	391	550	405	79	499
361000	501	404	361	116	426	461	565	426	76	526
362000	519	433	411	156	454	463	540	429	87	457
363000	655	395	430	124	378	492	518	368	65	537
364000	610	432	526	125	434	431	518	400	78	536
365000	527	469	461	149	414	457	438	322	82	538
366000	554	437	421	147	512	397	398	323	91	471
367000	554	343	446	130	418	436	519	425	102	495
368000	502	353	335	92	429	542	510	356	98	528
369000	399	420	367	104	345	584	541	400	91	439
370000	483	430	390	113	474	548	467	411	100	497
371000	563	472	388	162	526	462	550	410	117	596
372000	610	457	389	149	500	435	428	422	86	507
373000	652	503	422	155	460	462	421	418	93	507
374000	620	447	390	147	439	482	450	397	72	478
375000	631	508	448	202	472	523	401	449	80	589
376000	654	551	454	164	629	470	367	441	89	484
377000	684	541	403	179	488	428	409	465	101	608
378000	699	605	395	194	467	390	389	477	94	555
379000	596	517	425	171	598	410	450	429	98	549
380000	662	457	457	152	530	495	404	402	120	492
381000	607	494	532	207	530	547	385	438	86	486
382000	656	456	372	179	453	528	423	470	86	400
383000	591	490	407	282	555	546	372	501	87	456
384000	590	452	373	182	483	544	458	443	83	433
385000	650	432	458	189	463	495	440	433	88	473
386000	601	487	422	162	489	456	474	414	97	486
387000	648	519	401	171	426	498	486	407	81	554
388000	623	517	389	204	473	394	427	386	99	534
389000	646	506	369	184	513	345	376	437	83	525
390000	661	507	418	204	519	385	415	406	79	538
391000	634	517	398	244	527	527	498	413	90	489
392000	663	480	401	250	569	535	429	362	84	589
393000	708	396	395	184	524	633	459	359	105	595
394000	695	490	383	247	578	591	447	341	99	589
395000	672	504	392	234	617	536	444	469	96	573
396000	658	517	474	220	594	457	539	439	110	569
397000	581	466	478	247	597	480	553	411	95	570
398000	547	457	425	200	540	524	474	456	91	531
399000	651	454	385	189	560	471	402	479	94	559
400000	593	498	339	244	474	465	485	455	92	637
401000	639	546	418	154	536	412	454	474	100	646
402000	643	476	411	151	540	539	428	509	85	570
403000	605	550	399	128	388	513	544	539	86	527
404000	663	559	391	178	457	517	590	480	87	565
405000	767	516	433	202	476	468	516	461	105	568
406000	649	617	412	207	473	448	517	496	79	546
407000	620	614	471	172	503	462	572	501	95	600
408000	631	511	518	125	575	486	525	368	103	554
409000	636	511	469	172	514	500	540	398	112	595
410000	637	489	470	168	524	369	540	478	115	643
411000	678	538	455	189	560	408	493	485	101	658
412000	631	502	435	189	515	522	623	520	83	640
413000	654	456	453	215	650	494	550	521	85	649
414000	591	490	429	166	599	521	578	472	102	610
415000	577	522	429	195	560	407	481	516	114	564
416000	682	607	466	177	573	530	484	526	88	589
417000	690	604	366	209	628	531	463	503	74	577
418000	666	502	472	173	602	457	437	521	90	577
419000	536	502	466	166	583	433	460	447	71	551
420000	607	625	480	193	506	527	489	420	86	584
421000	584	528	416	238	581	500	486	460	88	600
422000	701	581	495	241	607	496	528	382	101	525
423000	703	550	486	273	576	417	546	370	93	661
424000	715	490	501	316	524	411	552	404	107	595
425000	766	482	492	270	626	540	497	392	83	578
426000	727	588	442	267	615	473	532	441	79	605
427000	634	567	365	231	673	434	515	475	79	553
428000	651	531	356	264	609	487	469	491	74	612
429000	679	466	446	220	655	491	570	412	108	610
430000	630	469	438	258	615	592	508	395	103	529
431000	576	431	526	275	604	555	578	399	104	639
432000	635	496	437	259	641	428	557	356	101	551
433000	615	474	444	214	505	490	554	456	113	594
434000	679	502	439	228	427	456	544	399	104	523
435000	655	510	454	206	582	432	480	447	73	600
436000	664	536	412	219	562	519	520	410	90	596
437000	692	494	481	180	512	431	476	375	87	622
438000	624	527	409	205	516	485	558	450	104	585
439000	686	546	405	216	469	456	609	423	101	637
440000	784	577	367	228	477	446	641	433	102	571
441000	658	497	424	248	483	511	501	437	120	639
442000	634	525	445	214	548	458	510	469	108	585
443000	792	500	434	269	483	431	598	457	102	559
444000	774	502	457	241	477	477	606	448	117	578
445000	600	568	496	258	534	469	590	444	100	517
446000	698	584	439	235	477	448	553	400	106	524
447000	573	515	429	277	494	478	580	421	112	522
448000	622	526	391	318	529	549	575	455	84	562
449000	638	524	427	348	597	535	580	417	102	558
450000	676	478	447	298	486	534	648	434	104	607
451000	698	630	373	328	483	575	587	413	91	679
452000	625	647	444	334	497	589	617	524	124	662
453000	640	539	415	432	566	580	638	478	125	661
454000	621	580	382	386	546	581	570	491	96	655
455000	651	521	428	357	578	522	638	468	85	651
456000	665	634	487	208	625	505	631	475	89	617
457000	714	511	372	235	680	506	675	367	82	621
458000	671	480	264	323	565	496	670	516	121	623
459000	667	514	342	407	574	473	612	571	120	512
460000	624	400	408	417	587	471	634	482	100	650
461000	553	490	446	368	591	533	680	481	121	630
462000	680	397	433	319	503	547	650	513	101	648
463000	647	466	472	327	461	582	743	495	112	654
464000	631	434	456	329	472	600	699	483	93	662
465000	668	494	430	330	533	492	735	484	109	586
466000	732	510	457	308	545	653	593	476	81	549
467000	716	482	436	330	596	559	772	467	80	609
468000	750	524	433	333	548	620	704	495	80	642
469000	725	490	509	361	585	572	714	487	104	727
470000	765	417	480	321	504	570	689	598	85	652
471000	784	464	491	346	450	466	806	521	82	666
472000	761	493	392	361	571	538	751	530	79	598
473000	740	483	395	334	616	502	702	491	107	663
474000	754	499	449	436	581	565	736	504	93	587
475000	666	469	432	417	593	641	648	519	76	681
476000	730	543	422	353	555	578	640	455	75	689
477000	645	557	448	341	580	511	673	407	85	629
478000	752	549	508	295	551	540	700	488	98	662
479000	702	546	451	418	529	636	695	459	73	676
480000	706	575	531	281	657	651	720	428	83	635
481000	666	562	474	361	520	617	736	432	68	617
482000	683	514	485	345	517	664	670	491	50	633
483000	632	455	479	323	514	582	684	438	48	621
484000	698	561	575	402	479	581	740	477	69	606
485000	686	513	532	310	491	657	637	448	96	542
486000	701	596	548	369	508	669	689	437	92	528
487000	643	620	486	393	500	613	679	348	90	658
488000	637	605	507	427	488	647	694	404	93	590
489000	693	597	491	372	547	631	677	456	146	549
490000	597	463	488	415	496	558	801	495	120	615
491000	672	575	481	339	566	557	689	509	93	612
492000	614	558	493	361	504	645	672	480	77	574
493000	690	574	541	353	503	551	705	470	91	534
494000	666	544	449	375	517	614	739	446	87	556
495000	721	497	502	362	602	545	687	424	103	608
496000	653	498	515	369	542	688	671	469	99	555
497000	641	476	517	307	486	646	789	519	95	644
498000	672	477	504	313	469	754	728	565	104	612
499000	760	477	495	364	478	637	747	484	83	610
500000	734	531	461	393	478	608	739	465	94	570
501000	770	549	422	367	453	592	735	484	113	591
502000	776	467	542	327	554	685	626	503	98	611
503000	729	488	517	247	623	606	628	436	122	604
504000	718	521	465	375	436	621	686	489	119	611
505000	770	531	492	386	509	642	654	475	107	603
506000	759	497	493	368	508	671	702	431	81	588
507000	822	571	439	324	624	624	669	427	101	599
508000	718	613	400	381	537	567	776	422	82	607
509000	771	617	501	323	547	594	635	417	92	582
510000	716	522	480	412	554	625	739	439	129	597
511000	704	442	443	332	622	598	671	457	104	544
512000	745	537	469	277	467	682	650	503	124	580
513000	746	532	513	253	544	615	697	466	123	625
514000	704	531	466	343	533	584	704	444	111	600
515000	747	513	487	395	515	556	735	452	107	674
516000	726	561	421	346	449	643	655	472	111	650
517000	653	575	406	268	439	645	550	418	96	559
518000	664	488	396	393	300	646	589	404	88	714
519000	736	571	435	403	456	611	599	457	102	727
520000	793	530	450	384	441	727	629	503	108	661
521000	716	477	461	396	466	691	583	419	101	657
522000	622	426	437	355	455	610	585	415	117	696
523000	659	491	409	343	547	664	636	445	112	675
524000	863	439	446	325	502	553	570	486	116	603
525000	740	476	382	398	516	654	552	455	133	655
526000	778	484	422	346	558	653	674	501	125	689
527000	695	587	402	405	665	536	691	504	113	650
528000	824	492	388	354	622	631	674	482	136	686
529000	717	440	412	352	609	648	663	515	121	558
530000	595	454	422	357	553	642	677	534	100	549
531000	690	468	432	324	418	648	669	553	131	584
532000	752	438	423	301	449	615	655	567	135	606
533000	706	396	436	335	488	678	700	532	142	601
534000	654	483	446	373	384	566	643	472	140	653
535000	705	505	396	352	486	641	640	436	132	660
536000	642	537	437	339	446	592	681	414	118	649
537000	634	498	460	358	533	653	648	457	100	453
538000	757	440	449	372	519	570	658	459	122	527
539000	661	504	407	350	590	634	628	435	136	567
540000	698	506	431	368	643	611	550	417	90	544
541000	685	532	404	334	633	526	644	544	96	529
542000	664	526	407	388	648	598	616	518	104	534
543000	770	533	428	391	578	669	639	540	86	629
544000	835	620	413	404	520	702	696	545	103	583
545000	815	492	405	412	682	710	768	499	89	578
546000	804	523	423	407	603	634	779	540	101	627
547000	763	501	412	451	657	700	786	569	126	584
548000	762	456	366	533	699	669	761	425	120	668
549000	818	481	384	504	716	730	756	482	117	661
550000	639	450	340	454	568	688	731	497	104	672
551000	727	445	390	413	596	626	754	454	109	617
552000	775	479	412	424	586	582	694	416	100	619
553000	725	525	461	431	575	608	679	446	116	686
554000	751	487	425	481	567	672	671	469	102	663
555000	849	541	439	469	539	639	694	503	105	684
556000	750	504	460	404	694	621	620	447	96	670
557000	705	476	499	411	611	587	617	506	99	632
558000	859	529	413	395	515	545	650	484	80	589
559000	756	484	471	509	555	647	626	494	119	678
560000	735	542	455	490	487	653	549	499	107	538
561000	730	533	482	482	562	608	714	679	116	507
562000	722	442	509	391	623	534	644	555	94	591
563000	802	470	433	443	594	617	581	584	98	599
564000	771	500	503	407	569	634	542	546	101	582
565000	756	503	491	383	582	628	637	571	114	617
566000	823	432	458	401	594	649	530	556	101	623
567000	824	507	437	432	587	631	587	543	118	644
568000	685	439	503	432	526	647	549	588	106	622
569000	764	493	495	427	569	695	621	604	110	699
570000	847	511	482	377	733	665	611	565	107	645
571000	891	452	460	360	652	643	620	543	114	696
572000	717	518	464	343	586	641	625	575	113	567
573000	709	514	381	419	571	543	678	587	85	569
574000	801	534	449	437	586	598	599	592	99	598
575000	812	559	452	410	514	642	641	588	106	696
576000	885	509	357	432	600	723	573	546	90	564
577000	776	505	426	468	462	649	634	585	89	604
578000	861	482	424	414	491	562	664	582	113	531
579000	733	546	445	461	620	585	633	480	101	575
580000	684	454	381	438	676	619	613	591	71	551
581000	786	551	342	393	546	584	571	551	64	549
582000	656	571	447	392	626	644	603	545	79	625
583000	778	545	445	363	629	562	640	558	75	652
584000	684	485	449	430	606	625	610	550	95	602
585000	757	532	470	383	586	679	564	577	80	618
586000	802	577	457	371	519	662	592	628	96	620
587000	764	471	497	439	587	616	579	555	84	637
588000	838	490	441	456	571	623	491	535	72	520
589000	738	445	469	514	701	574	565	610	78	559
590000	852	539	422	476	658	589	534	629	94	678
591000	856	511	482	523	596	622	538	600	64	608
592000	882	431	442	495	642	607	558	603	82	649
593000	736	446	487	539	650	597	521	632	78	640
594000	751	505	361	465	684	589	604	620	94	548
595000	697	509	431	456	682	610	587	550	105	647
596000	713	490	355	482	573	673	689	569	94	639
597000	767	413	429	401	623	607	512	623	90	654
598000	689	443	384	447	572	629	537	574	89	598
599000	706	521	501	390	557	576	436	551	68	575
600000	816	597	451	421	582	572	462	603	95	632
601000	760	492	461	441	616	561	515	618	63	570
602000	687	492	435	423	649	564	479	639	80	654
603000	811	531	409	384	687	524	461	643	68	558
604000	797	519	366	407	605	523	521	613	56	604
605000	849	489	367	415	596	537	499	570	72	561
606000	783	519	453	427	588	582	543	612	76	628
607000	787	549	479	412	627	566	501	608	62	584
608000	713	534	452	387	639	641	529	622	69	537
609000	723	479	432	328	670	654	521	773	46	548
610000	705	508	423	348	649	655	554	670	53	507
611000	739	458	514	453	715	500	569	615	57	637
612000	865	512	471	404	591	580	481	539	68	627
613000	809	504	448	429	644	602	519	610	72	576
614000	842	487	551	398	575	689	520	602	88	594
615000	792	487	456	365	608	708	467	681	59	496
616000	768	531	477	396	659	694	507	629	68	577
617000	771	507	470	419	634	644	512	595	72	616
618000	792	547	545	387	613	594	442	631	74	589
619000	825	436	455	379	634	655	400	694	72	610
620000	747	423	416	365	549	660	531	652	79	511
621000	692	532	468	413	712	603	466	569	73	577
622000	716	564	456	340	581	628	476	642	53	653
623000	831	541	445	375	704	596	534	678	68	597
624000	769	487	543	387	752	587	495	661	68	634
625000	778	466	522	431	687	567	478	695	65	631
626000	835	530	549	425	645	644	535	690	63	668
627000	768	533	510	421	676	522	464	741	63	691
628000	824	534	600	395	654	610	531	696	81	680
629000	856	569	533	433	651	632	513	688	49	661
630000	718	481	586	503	667	644	562	681	75	680
631000	764	518	499	495	662	629	507	644	74	627
632000	818	484	623	398	672	531	607	599	77	572
633000	705	531	534	409	745	527	520	640	101	631
634000	740	532	513	417	723	517	542	665	78	646
635000	755	531	473	465	714	519	576	643	69	641
636000	819	505	554	425	650	504	589	701	79	647
637000	822	499	544	450	587	571	588	794	99	648
638000	796	463	589	471	602	568	662	694	82	592
639000	803	561	541	378	658	560	532	643	80	682
640000	812	505	611	401	699	511	559	696	63	567
641000	760	517	663	452	663	599	530	692	76	497
642000	770	449	586	460	600	591	605	687	111	558
643000	781	484	511	440	696	551	529	757	95	695
644000	844	487	504	403	634	642	611	675	103	660
645000	920	503	514	377	716	559	609	771	100	642
646000	930	446	510	399	712	667	630	685	81	645
647000	823	524	523	378	710	640	659	747	116	691
648000	894	542	561	386	741	567	620	639	95	610
649000	797	519	551	402	705	538	603	728	79	617
650000	739	538	646	385	673	598	493	689	89	721
651000	771	496	490	416	724	593	610	773	83	658
652000	805	475	477	419	670	483	572	747	81	644
653000	817	517	578	344	737	585	582	793	69	667
654000	841	510	537	349	693	581	605	673	63	694
655000	785	492	548	379	647	594	561	660	94	595
656000	759	517	556	418	691	593	579	651	91	604
657000	885	416	636	428	732	678	563	705	98	494
658000	815	506	588	399	763	612	532	617	103	579
659000	760	480	521	430	844	636	523	738	110	576
660000	763	486	598	420	701	611	528	627	92	639
661000	743	498	609	383	795	623	543	651	100	650
662000	712	476	633	389	669	602	622	768	65	634
663000	806	500	501	345	804	483	581	701	55	576
664000	743	523	513	342	720	586	591	669	100	691
665000	737	474	574	374	682	538	501	676	71	723
666000	738	638	513	430	697	527	564	713	62	655
667000	790	487	593	346	717	456	502	649	57	689
668000	875	477	518	373	712	520	570	794	71	724
669000	830	518	662	382	674	441	576	729	75	695
670000	703	546	493	359	701	493	557	800	48	632
671000	811	478	613	381	659	579	581	714	77	644
672000	782	461	498	357	677	472	531	663	82	675
673000	757	410	537	420	550	475	593	716	74	723
674000	757	473	556	377	625	513	549	690	109	733
675000	836	485	604	407	698	611	579	736	88	738
676000	855	505	559	378	681	608	574	741	77	691
677000	852	539	584	398	619	561	566	756	63	744
678000	846	471	644	396	674	586	638	734	59	703
679000	864	483	612	370	652	658	615	709	81	639
680000	761	545	574	337	669	625	608	775	53	703
681000	768	544	558	345	647	580	607	694	62	703
682000	746	444	555	344	661	632	625	737	83	653
683000	840	452	583	372	677	617	607	697	77	691
684000	825	494	564	350	589	550	658	758	82	645
685000	828	534	445	386	559	471	582	675	65	619
686000	733	511	518	426	664	530	576	637	67	542
687000	765	549	500	433	667	557	640	591	92	549
688000	718	574	596	464	727	518	568	551	79	590
689000	780	565	599	450	725	556	595	564	69	499
690000	782	529	524	409	671	577	525	601	51	630
691000	845	449	540	395	663	601	542	667	75	653
692000	831	532	530	369	680	583	542	677	58	664
693000	853	558	585	332	696	575	648	679	81	613
694000	861	583	545	374	679	570	589	682	60	638
695000	830	530	529	337	808	704	641	616	72	603
696000	834	515	614	336	781	598	537	633	64	695
697000	727	580	578	351	756	625	691	606	62	684
698000	804	586	538	362	689	631	616	640	80	661
699000	744	583	496	347	630	612	788	727	94	770
700000	745	598	518	444	686	553	644	632	86	614
701000	764	566	570	373	773	549	705	682	97	625
702000	711	527	585	410	653	573	541	639	66	608
703000	752	613	494	399	743	675	662	726	74	624
704000	845	647	457	441	818	650	718	627	61	531
705000	826	603	492	437	705	578	747	655	80	636
706000	876	519	491	476	670	636	645	681	57	666
707000	805	549	502	439	697	631	670	576	73	713
708000	851	591	530	416	739	680	586	703	51	657
709000	718	523	494	397	756	546	515	659	54	748
710000	732	562	577	376	737	570	535	622	81	680
711000	683	573	541	345	699	522	666	683	115	737
712000	733	594	563	392	762	597	608	699	73	657
713000	781	547	472	363	625	615	611	742	76	690
714000	860	605	537	362	747	644	641	724	47	693
715000	910	608	583	352	725	603	520	630	61	650
716000	848	555	553	393	739	616	608	665	73	659
717000	743	564	555	413	687	554	647	643	88	594
718000	833	490	522	299	634	595	548	633	92	683
719000	760	572	526	345	651	548	627	615	89	647
720000	741	590	474	383	664	527	573	718	97	755
721000	832	630	536	331	679	538	649	635	96	661
722000	933	629	548	313	657	532	594	658	77	683
723000	865	519	615	250	697	536	569	594	72	691
724000	883	601	539	357	682	492	541	641	69	699
725000	791	535	648	346	651	650	566	616	76	671
726000	820	625	478	374	677	585	545	699	78	646
727000	776	621	533	380	655	495	445	577	82	661
728000	889	582	458	318	630	570	489	604	98	714
729000	805	600	536	357	737	667	503	662	91	637
730000	791	560	622	328	712	595	551	733	98	577
731000	771	444	624	311	776	534	523	735	101	548
732000	896	428	574	347	754	561	518	619	122	605
733000	871	559	555	314	617	544	528	650	113	662
734000	791	484	544	314	709	623	499	726	74	663
735000	814	485	629	330	718	609	516	719	70	699
736000	850	575	482	345	707	584	506	672	59	720
737000	863	562	530	385	723	588	461	605	64	666
738000	823	623	504	284	659	521	569	578	69	700
739000	787	646	513	322	683	561	552	610	90	681
740000	785	572	499	267	688	593	503	626	111	707
741000	820	531	569	380	655	509	531	691	95	649
742000	863	510	524	325	710	584	599	668	89	702
743000	781	518	477	318	586	502	553	601	69	718
744000	820	587	558	306	629	599	531	570	80	732
745000	777	516	557	312	695	602	488	481	81	774
746000	838	441	565	275	648	613	553	555	95	647
747000	907	573	604	313	741	598	474	576	116	655
748000	837	511	582	288	697	609	576	582	89	676
749000	811	467	543	352	712	682	488	641	99	533
750000	859	488	505	308	670	609	526	641	78	653
751000	784	567	491	340	686	624	499	681	101	622
752000	879	522	616	320	582	636	474	659	94	609
753000	819	617	544	374	695	587	486	556	89	635
754000	737	606	546	349	735	520	511	627	95	574
755000	831	548	446	276	631	649	511	689	101	659
756000	795	501	396	289	680	498	565	638	103	717
757000	753	495	454	290	751	554	516	653	110	658
758000	759	531	448	307	745	598	560	684	95	520
759000	814	630	583	328	708	512	586	706	90	561
760000	781	561	545	280	615	568	513	653	85	622
761000	793	555	564	349	641	533	600	694	92	612
762000	773	541	533	292	637	663	596	718	99	692
763000	752	536	618	302	601	583	406	695	58	657
764000	819	522	546	330	710	636	533	672	101	594
765000	890	495	445	282	719	618	638	749	113	650
766000	824	528	500	308	726	593	687	697	92	632
767000	870	590	536	331	686	592	555	651	87	670
768000	831	511	595	279	811	587	572	656	88	692
769000	883	578	598	261	736	543	601	654	97	705
770000	854	564	572	320	785	536	623	645	98	640
771000	879	510	567	321	769	604	641	700	101	567
772000	837	472	589	299	730	567	585	641	114	623
773000	919	516	622	304	711	569	626	657	97	608
774000	914	505	716	331	734	544	610	607	98	562
775000	866	618	563	285	762	612	657	621	115	699
776000	784	592	600	317	771	502	657	578	122	621
777000	847	592	581	280	669	511	604	525	95	694
778000	805	534	591	290	712	582	630	700	80	579
779000	903	494	608	298	630	451	581	725	94	642
780000	879	522	595	335	601	507	651	742	108	616
781000	850	472	540	270	681	554	642	682	89	615
782000	852	555	606	263	721	514	633	692	87	650
783000	884	521	532	279	755	560	634	672	94	567
784000	712	506	606	273	767	585	668	640	103	643
785000	797	479	637	299	742	556	569	654	134	634
786000	766	507	692	295	695	592	606	679	119	688
787000	830	460	599	277	646	537	588	662	141	683
788000	788	534	648	241	703	557	647	675	135	664
789000	885	526	576	322	743	545	613	641	105	564
790000	831	564	550	338	718	551	611	638	88	589
791000	818	554	579	283	645	604	687	717	101	664
792000	849	528	642	227	703	565	661	759	124	618
793000	808	509	610	233	656	679	652	737	118	642
794000	929	508	551	259	586	614	532	678	92	704
795000	778	539	525	306	703	584	634	689	94	657
796000	808	476	548	281	718	623	590	669	97	679
797000	761	493	619	264	814	686	627	686	101	577
798000	808	481	587	304	811	597	529	721	102	553
799000	869	508	644	223	734	715	639	738	96	542
800000	880	589	587	300	737	734	635	676	124	549
801000	759	527	634	304	711	681	601	708	111	567
802000	797	531	615	368	784	607	580	714	99	635
803000	827	521	573	327	785	672	494	780	115	679
804000	877	537	576	361	794	709	540	678	132	594
805000	853	473	603	310	701	657	571	682	132	693
806000	857	546	669	301	817	702	669	706	138	751
807000	740	531	577	361	796	638	584	747	134	678
808000	831	544	539	328	778	741	553	677	121	638
809000	812	507	573	335	746	679	518	779	165	548
810000	752	495	570	320	686	755	535	658	144	509
811000	836	643	564	326	624	738	592	558	154	540
812000	851	557	561	326	724	748	578	547	147	683
813000	883	543	612	325	792	794	534	564	155	701
814000	889	533	631	260	719	779	637	647	134	719
815000	873	525	607	282	728	697	516	693	119	623
816000	849	585	607	344	673	751	618	715	136	513
817000	867	605	675	334	702	667	623	671	110	535
818000	887	637	653	306	715	552	592	678	107	534
819000	895	559	609	299	805	615	579	739	99	595
820000	902	660	614	280	785	643	535	615	106	625
821000	875	483	602	295	763	621	601	662	96	641
822000	845	549	539	284	701	589	612	706	136	498
823000	714	558	589	275	684	700	546	748	118	562
824000	851	643	594	322	763	692	606	754	120	618
825000	802	582	640	319	698	652	643	729	118	550
826000	809	575	548	301	701	653	664	659	92	587
827000	812	594	580	256	748	608	688	635	134	583
828000	798	524	535	246	738	653	635	670	140	525
829000	661	578	563	230	696	748	682	659	138	649
830000	869	665	625	246	694	652	785	668	133	604
831000	896	543	642	224	669	623	731	734	93	672
832000	931	544	647	277	757	672	627	694	102	628
833000	822	608	654	251	685	665	772	718	136	564
834000	862	570	575	268	695	633	731	615	156	614
835000	878	633	621	278	769	587	697	725	185	649
836000	846	601	625	280	808	665	646	713	141	590
837000	840	651	604	308	752	672	635	677	154	592
838000	849	615	567	338	580	739	688	617	150	665
839000	799	680	613	283	746	749	713	648	147	627
840000	776	590	700	301	776	599	690	761	135	596
841000	819	616	615	326	653	691	708	734	141	667
842000	916	562	609	335	626	617	746	716	136	639
843000	832	608	660	251	734	650	707	712	140	672
844000	805	618	607	255	705	619	606	656	151	562
845000	821	608	648	199	701	672	597	719	170	615
846000	847	549	656	253	743	657	626	719	149	682
847000	666	544	607	274	749	670	746	726	154	683
848000	801	572	665	288	724	647	724	678	139	689
849000	805	564	617	282	753	658	760	669	123	686
850000	815	586	606	286	712	655	790	678	153	648
851000	803	565	656	290	745	659	674	722	129	738
852000	953	639	630	254	693	714	661	676	135	727
853000	985	568	676	318	662	705	673	709	121	736
854000	923	552	612	321	689	713	656	690	130	730
855000	879	540	587	310	777	702	661	744	146	645
856000	866	467	531	285	765	681	646	701	142	773
857000	925	549	578	295	826	760	642	693	150	677
858000	836	608	655	271	776	724	595	698	149	671
859000	854	594	627	261	804	691	618	706	139	647
860000	768	586	627	279	740	816	723	700	136	612
861000	833	656	615	288	753	651	659	699	117	669
862000	925	609	583	319	687	624	738	728	143	613
863000	924	620	600	299	717	700	741	664	103	642
864000	868	628	667	265	623	741	749	654	149	738
865000	866	541	617	288	707	727	694	754	135	688
866000	831	550	679	265	734	761	795	773	119	677
867000	816	484	658	228	649	695	775	704	150	677
868000	884	560	551	253	650	692	758	738	97	665
869000	821	549	585	250	675	604	709	804	126	639
870000	926	549	622	284	718	632	806	737	123	655
871000	941	597	665	276	725	688	718	701	131	706
872000	935	610	652	289	676	620	743	763	140	656
873000	847	601	644	249	689	613	694	812	152	701
874000	897	549	629	284	701	690	714	771	101	634
875000	962	493	653	281	626	667	744	743	145	777
876000	791	547	584	302	651	626	712	665	135	685
877000	850	524	533	295	782	668	640	754	119	725
878000	842	587	599	298	719	784	714	691	115	671
879000	803	605	648	313	594	698	664	707	108	693
880000	816	580	650	332	711	773	620	752	133	644
881000	968	579	672	316	778	687	706	843	119	611
882000	933	492	632	342	731	648	662	628	112	622
883000	864	505	649	320	593	662	609	721	100	584
884000	864	553	643	310	664	665	722	734	114	676
885000	888	523	681	304	685	681	711	730	100	743
886000	869	640	714	288	665	672	700	741	124	744
887000	864	552	655	299	732	629	756	814	130	680
888000	822	554	599	311	740	755	738	737	142	610
889000	888	548	658	266	682	720	706	816	145	608
890000	931	566	567	279	760	687	670	735	138	618
891000	900	578	670	313	798	659	757	631	137	565
892000	851	634	618	359	758	721	734	715	114	667
893000	822	586	673	324	734	639	645	738	116	678
894000	885	499	690	350	775	697	734	686	106	714
895000	818	494	619	313	663	802	690	714	110	619
896000	887	581	599	310	716	738	664	803	84	660
897000	936	565	636	300	692	674	709	769	82	694
898000	864	578	626	313	734	739	713	799	99	631
899000	821	646	709	358	748	712	632	695	111	767
900000	848	578	697	316	717	713	697	804	141	717
901000	866	501	665	305	681	721	668	759	112	746
902000	893	598	641	296	697	641	720	768	129	716
903000	800	552	623	306	702	731	663	799	123	696
904000	900	581	747	322	751	675	696	713	109	752
905000	915	611	646	360	770	652	666	780	121	692
906000	887	603	630	350	746	697	678	681	125	680
907000	858	609	703	330	751	709	693	717	129	712
908000	938	590	667	273	795	693	652	764	109	621
909000	827	602	616	284	785	592	725	722	111	686
910000	907	578	641	313	804	664	615	713	126	747
911000	848	650	648	305	714	673	744	755	125	683
912000	776	601	687	297	700	629	635	709	151	638
913000	722	573	736	399	744	554	639	741	120	610
914000	888	541	664	358	681	597	653	724	99	628
915000	868	541	706	326	701	642	695	659	123	649
916000	908	547	690	316	654	580	557	708	128	723
917000	873	589	670	338	740	606	693	801	133	704
918000	905	650	621	372	694	629	605	803	137	704
919000	903	569	615	337	665	715	601	758	117	762
920000	711	639	696	354	693	644	662	744	122	646
921000	894	587	831	377	711	662	666	763	112	733
922000	797	624	700	382	742	661	635	744	93	737
923000	829	580	702	368	627	629	649	767	139	709
924000	928	641	615	413	729	579	710	703	125	592
925000	880	664	636	380	655	536	725	734	115	652
926000	871	600	680	411	767	559	691	806	120	713
927000	824	589	703	347	683	562	723	619	108	690
928000	823	555	650	366	719	498	647	635	97	686
929000	858	656	602	383	677	525	657	645	101	702
930000	847	545	718	348	753	604	666	621	127	684
931000	931	548	730	371	807	624	695	583	125	682
932000	826	593	729	391	841	518	629	735	116	726
933000	880	576	830	360	723	604	706	634	131	700
934000	818	604	770	324	725	648	642	777	129	672
935000	984	561	728	304	684	565	704	748	101	650
936000	927	520	731	364	710	653	705	683	101	629
937000	943	579	782	364	749	625	719	675	125	581
938000	891	608	720	346	843	627	630	640	121	656
939000	884	605	842	314	795	560	718	674	119	632
940000	890	535	830	303	740	598	677	656	117	726
941000	860	568	770	323	664	506	710	683	121	712
942000	891	599	724	326	754	620	707	728	133	708
943000	868	527	756	295	780	600	698	680	120	582
944000	1005	525	726	296	743	619	674	648	121	652
945000	842	500	676	351	781	533	641	747	92	621
946000	875	507	657	352	725	548	667	746	78	740
947000	858	406	669	379	745	616	651	796	86	709
948000	891	516	768	387	658	657	673	732	118	706
949000	845	500	803	418	715	657	689	641	88	675
950000	865	499	687	376	665	661	703	598	90	691
951000	846	473	786	372	682	618	799	622	102	663
952000	922	578	746	423	700	592	701	676	98	607
953000	819	521	746	456	740	560	743	712	116	671
954000	833	515	676	412	719	602	777	674	137	620
955000	914	536	712	391	668	561	743	689	119	589
956000	896	531	618	417	653	601	744	797	104	633
957000	807	539	777	380	645	575	702	731	103	656
958000	900	534	710	367	712	527	773	682	99	636
959000	781	529	794	368	655	547	728	739	110	651
960000	925	522	735	359	680	647	714	732	99	689
961000	872	494	738	442	718	658	684	734	81	656
962000	842	456	789	376	596	582	746	628	84	571
963000	934	577	869	377	633	472	636	662	89	601
964000	914	482	752	386	702	571	780	763	88	593
965000	901	534	798	366	740	529	840	824	94	577
966000	925	490	802	388	702	536	721	880	98	680
967000	811	557	820	360	702	557	821	703	106	557
968000	939	477	707	406	699	555	828	715	94	699
969000	836	515	721	403	769	503	733	757	98	657
970000	867	591	751	398	670	524	776	763	97	679
971000	778	531	800	405	772	584	837	793	99	716
972000	776	536	659	402	679	556	705	711	99	702
973000	822	572	854	368	755	629	662	742	124	626
974000	837	649	702	376	690	548	648	651	159	720
975000	796	578	848	397	682	631	642	736	152	690
976000	890	459	811	454	675	617	806	778	139	679
977000	880	531	797	424	681	559	637	746	137	634
978000	835	517	676	392	797	560	771	709	142	673
979000	861	699	718	375	776	553	788	780	118	705
980000	818	563	736	427	707	512	844	637	120	632
981000	774	448	716	403	762	607	846	743	133	697
982000	879	549	868	328	668	558	785	729	138	597
983000	896	575	763	406	653	587	887	714	118	680
984000	905	612	877	375	617	479	800	762	149	603
985000	694	589	830	336	747	539	807	768	114	591
986000	778	670	755	365	732	623	806	772	149	707
987000	848	623	835	407	658	642	793	672	129	779
988000	877	645	828	468	695	625	813	711	100	664
989000	750	531	770	443	696	519	809	780	108	615
990000	926	559	749	458	661	504	779	749	102	648
991000	875	542	798	518	650	615	768	742	131	641
992000	849	520	774	423	706	603	749	764	114	616
993000	718	587	750	402	691	605	745	700	103	568
994000	716	566	771	485	592	546	791	670	97	584
995000	858	511	857	437	624	641	778	722	100	543
996000	818	480	973	392	632	522	805	691	103	529
997000	871	496	838	437	760	541	756	738	109	585
998000	900	559	847	419	623	572	794	710	116	569
999000	780	544	876	334	737	596	854	681	139	648
1000000	2	1	1	0	1	0	0	1	0	0
