0	19	18	15	6	13	12	14	16	10	11	0	11	22	16	9	10	12	11	9	8	7
1000	6	10	4	2	4	3	2	6	2	2	1000	10	11	2	0	1	2	3	5	1	1
2000	6	17	4	0	5	3	5	3	0	2	2000	2	6	4	6	5	5	3	6	1	4
3000	4	6	6	0	1	4	1	0	2	1	3000	2	6	3	0	0	2	0	3	2	5
4000	0	16	2	2	1	1	2	1	5	2	4000	2	9	5	1	1	1	0	3	3	7
5000	1	16	0	2	1	5	3	0	7	2	5000	3	15	1	3	1	3	1	0	1	4
6000	4	23	2	1	0	7	36	0	5	10	6000	2	10	6	2	2	9	14	4	1	8
7000	9	9	0	4	2	6	15	0	5	1	7000	3	8	1	3	2	6	15	2	1	1
8000	2	19	0	5	5	12	6	1	12	1	8000	7	9	1	2	3	14	14	0	7	4
9000	2	4	0	0	6	8	18	2	3	5	9000	1	4	0	0	4	13	5	1	3	16
10000	9	13	0	0	2	11	10	5	0	25	10000	1	12	0	2	2	8	11	1	0	6
11000	0	6	0	0	6	3	3	1	2	15	11000	0	3	1	1	6	9	11	1	7	9
12000	1	13	7	5	1	12	7	1	7	1	12000	1	13	10	4	0	13	9	3	11	4
13000	0	7	0	4	0	8	2	2	0	5	13000	1	10	0	6	0	6	3	5	5	6
14000	21	11	2	5	4	11	15	9	1	6	14000	12	14	2	8	8	18	5	8	7	3
15000	16	20	5	2	3	2	8	1	2	5	15000	11	24	2	1	1	17	9	1	3	5
16000	24	12	1	1	0	16	17	10	3	0	16000	18	7	2	1	3	19	12	11	4	0
17000	19	26	0	1	4	20	6	24	5	2	17000	5	32	1	2	2	21	7	2	9	2
18000	15	28	1	0	4	15	2	4	4	0	18000	6	12	2	1	5	26	3	4	4	0
19000	13	8	6	1	2	10	5	6	15	7	19000	15	2	11	6	3	18	1	6	13	3
20000	29	43	24	5	6	12	2	14	2	4	20000	26	19	14	4	5	6	1	13	25	11
21000	40	64	16	7	6	12	4	19	18	3	21000	12	43	15	5	3	15	1	6	34	2
22000	41	53	22	3	1	7	2	14	31	3	22000	16	42	18	6	1	12	5	6	65	4
23000	35	40	29	9	3	4	17	12	12	6	23000	20	35	30	5	0	19	26	4	42	4
24000	36	48	8	7	4	16	14	9	12	2	24000	26	27	7	5	1	19	11	5	39	3
25000	26	50	5	4	7	7	19	17	18	3	25000	15	38	6	3	4	11	14	8	52	5
26000	34	53	43	7	12	12	16	23	10	6	26000	14	37	20	0	7	17	18	6	29	6
27000	37	71	17	1	5	9	21	14	6	0	27000	19	39	19	2	8	14	22	11	19	0
28000	37	59	7	1	0	10	13	20	6	3	28000	27	47	16	1	3	7	12	5	34	0
29000	36	93	13	0	4	16	10	16	9	0	29000	25	56	8	0	3	11	11	8	14	0
30000	55	48	23	1	0	18	16	5	12	5	30000	12	38	6	1	1	18	9	8	14	2
31000	67	46	25	0	1	20	14	5	3	3	31000	38	34	38	0	1	21	2	4	28	2
32000	50	76	13	0	3	17	35	13	7	1	32000	22	41	12	2	3	23	28	6	40	2
33000	53	60	14	3	1	11	16	7	5	5	33000	16	61	12	0	4	24	10	11	27	7
34000	23	44	21	0	0	6	12	9	6	5	34000	17	31	13	0	4	7	8	3	12	2
35000	59	69	1	0	0	12	12	7	6	6	35000	23	25	4	1	4	24	14	6	28	5
36000	63	84	10	2	2	3	28	8	7	1	36000	13	42	3	0	3	15	15	2	24	3
37000	60	86	7	1	1	20	29	22	16	1	37000	21	31	8	0	1	34	18	13	49	5
38000	50	100	3	0	0	22	37	6	14	4	38000	32	65	4	1	1	30	20	3	43	6
39000	68	114	5	0	2	8	21	22	7	1	39000	47	65	8	2	6	17	3	14	27	1
40000	68	93	2	0	8	4	25	12	2	1	40000	40	92	8	1	7	5	11	6	27	1
41000	24	73	9	3	0	18	16	12	6	2	41000	12	74	7	5	2	16	8	4	25	1
42000	31	65	3	0	3	9	8	16	4	7	42000	11	61	5	2	6	5	5	4	27	5
43000	37	91	6	0	9	14	9	32	2	1	43000	34	60	6	1	9	12	10	12	33	6
44000	78	81	3	0	12	6	8	36	8	4	44000	30	52	3	2	7	3	9	7	32	4
45000	55	62	20	0	11	5	4	36	4	10	45000	44	52	3	1	14	9	9	6	16	2
46000	58	76	16	2	0	4	9	12	7	3	46000	54	40	11	3	5	7	9	1	15	7
47000	77	71	6	1	4	17	10	30	6	2	47000	31	33	16	0	6	27	7	13	20	4
48000	93	28	8	3	5	18	10	29	4	3	48000	57	31	10	0	3	38	9	20	12	1
49000	153	28	17	0	4	33	41	30	10	7	49000	87	24	16	0	5	41	18	14	34	8
50000	80	81	9	2	3	21	44	13	10	5	50000	53	54	11	1	7	39	20	3	31	11
51000	118	52	12	0	1	12	17	23	13	7	51000	45	56	19	0	0	16	14	2	52	9
52000	92	85	23	0	6	7	13	26	12	14	52000	68	49	21	1	1	23	17	8	26	24
53000	88	97	15	1	11	18	39	17	8	17	53000	83	66	17	1	17	31	26	4	52	11
54000	55	96	76	0	18	16	43	17	8	3	54000	49	47	35	1	25	27	34	10	54	6
55000	61	89	48	5	3	11	28	21	3	9	55000	39	61	36	0	5	17	41	4	23	3
56000	166	127	18	3	24	13	27	23	5	5	56000	95	91	38	0	18	31	31	5	29	10
57000	145	87	32	0	5	32	18	37	7	5	57000	86	66	61	0	4	54	15	9	56	8
58000	155	140	36	0	7	21	15	50	18	7	58000	80	85	57	0	4	62	18	16	55	19
59000	146	130	30	0	9	25	15	40	3	2	59000	79	82	71	0	4	50	9	21	30	7
60000	212	86	24	1	4	28	18	56	8	2	60000	98	69	54	0	6	51	13	28	27	5
61000	221	71	32	0	1	26	44	57	8	7	61000	92	40	31	1	2	40	33	24	32	10
62000	175	79	35	0	6	17	52	33	10	12	62000	109	55	44	0	2	46	46	9	76	7
63000	141	62	15	3	7	16	41	29	10	7	63000	66	68	35	2	4	32	28	6	31	6
64000	207	124	23	2	12	39	21	34	13	11	64000	131	96	49	0	2	50	14	11	36	11
65000	171	82	37	0	1	29	38	39	24	11	65000	129	73	77	0	2	53	34	15	43	13
66000	165	85	57	0	10	26	57	25	22	3	66000	86	75	57	0	8	48	54	9	41	6
67000	153	105	37	1	1	19	38	26	3	1	67000	73	74	53	1	1	39	24	10	31	1
68000	118	109	15	1	5	16	10	40	6	3	68000	60	105	42	0	3	33	15	15	36	2
69000	130	149	10	0	5	18	9	50	10	8	69000	105	140	33	0	4	25	13	20	64	2
70000	149	93	28	1	2	24	9	65	5	7	70000	69	86	41	0	2	39	12	23	34	9
71000	143	106	31	0	7	18	17	62	10	2	71000	81	71	30	1	1	13	10	20	38	1
72000	98	76	25	2	3	17	22	48	5	3	72000	72	63	26	0	2	24	25	19	55	5
73000	120	69	25	2	2	12	26	56	8	1	73000	64	67	57	0	1	13	18	13	36	3
74000	72	88	15	0	6	12	47	59	2	12	74000	54	102	32	0	1	16	44	32	40	12
75000	166	136	24	0	2	15	39	61	7	9	75000	85	120	30	0	2	20	47	30	22	12
76000	110	127	24	1	2	36	67	78	5	4	76000	69	116	68	3	3	52	65	17	27	5
77000	120	103	20	6	2	14	21	22	4	5	77000	56	79	38	6	6	16	22	4	14	14
78000	178	140	15	2	4	21	32	46	2	19	78000	62	128	59	0	4	52	28	17	44	23
79000	156	146	23	0	10	24	44	16	4	11	79000	83	128	43	1	11	29	33	24	25	9
80000	162	119	12	0	14	23	37	22	4	2	80000	62	130	48	0	7	37	44	10	31	1
81000	153	98	16	1	6	41	26	27	7	10	81000	96	103	54	0	12	45	25	8	17	11
82000	149	110	27	1	3	40	8	47	11	5	82000	80	75	39	2	4	37	6	19	33	3
83000	185	115	21	2	16	35	21	53	7	1	83000	102	96	63	2	5	18	13	17	56	5
84000	140	78	20	0	13	49	20	55	7	2	84000	80	65	41	0	7	38	25	29	40	4
85000	157	125	18	2	2	24	32	37	24	3	85000	100	101	27	0	3	15	45	20	72	3
86000	234	153	32	0	24	29	61	54	12	3	86000	119	125	58	1	18	34	36	23	46	3
87000	203	119	23	3	7	46	44	60	11	4	87000	124	96	77	0	12	39	60	27	46	2
88000	160	154	9	0	3	53	51	27	6	3	88000	86	135	56	0	3	38	39	19	34	4
89000	172	184	8	1	5	25	50	33	15	4	89000	98	161	35	0	9	19	54	15	42	6
90000	169	166	6	1	17	44	53	28	2	0	90000	83	186	43	0	14	27	85	8	29	0
91000	176	172	10	2	23	32	108	33	8	6	91000	83	167	83	4	24	25	105	30	22	10
92000	169	129	23	0	18	39	77	32	7	10	92000	75	137	137	1	28	22	72	16	7	9
93000	118	124	24	2	4	26	63	29	3	2	93000	64	80	139	3	6	22	71	11	13	1
94000	130	142	16	4	13	20	44	21	5	5	94000	55	126	71	1	5	12	57	11	30	3
95000	239	133	16	0	4	43	80	26	0	6	95000	99	96	50	3	5	28	61	9	29	8
96000	237	120	12	3	29	16	104	14	1	11	96000	104	81	55	2	24	19	80	13	12	10
97000	221	142	6	13	28	40	127	35	4	7	97000	121	115	43	10	28	48	140	25	14	6
98000	230	92	14	8	20	28	148	52	3	9	98000	139	94	61	4	19	22	144	31	14	4
99000	253	140	9	0	11	30	136	89	5	19	99000	148	139	81	2	11	35	133	57	40	15
100000	232	171	8	3	37	42	160	42	15	6	100000	97	160	64	5	21	37	125	36	42	11
101000	130	134	9	6	26	28	217	22	15	3	101000	98	128	66	7	17	47	156	30	73	14
102000	210	146	9	3	39	56	214	39	22	6	102000	130	119	117	3	25	43	203	31	46	6
103000	159	225	12	2	57	22	208	25	10	4	103000	109	197	163	1	45	33	163	20	46	7
104000	149	194	13	2	41	31	121	37	8	2	104000	82	214	95	0	26	20	136	45	33	7
105000	191	243	23	1	18	35	149	43	8	14	105000	120	202	83	1	23	56	146	52	14	24
106000	242	231	23	2	24	21	227	39	5	34	106000	144	197	106	1	21	30	212	48	11	17
107000	256	198	22	1	28	24	201	92	8	19	107000	140	165	103	0	18	51	158	53	18	18
108000	244	156	23	1	17	28	235	72	2	3	108000	148	119	120	2	6	54	156	43	35	6
109000	250	131	22	10	22	24	200	51	10	6	109000	154	134	124	3	12	38	164	50	37	5
110000	252	202	38	1	54	17	197	28	4	6	110000	166	192	152	3	25	17	212	36	39	1
111000	292	162	24	1	27	11	156	44	6	5	111000	172	209	161	0	19	27	180	29	36	12
112000	344	206	18	2	42	19	239	65	12	2	112000	191	251	115	0	27	30	217	48	50	6
113000	285	197	18	5	29	26	251	64	12	5	113000	160	221	81	2	24	41	218	65	84	3
114000	302	140	23	17	26	22	260	76	5	4	114000	184	158	104	2	21	25	293	100	78	4
115000	406	159	25	3	32	30	192	81	8	2	115000	190	222	103	2	13	44	212	58	42	4
116000	476	198	27	1	28	38	197	109	11	0	116000	226	220	109	3	12	57	193	90	42	2
117000	465	150	27	0	39	28	136	81	10	5	117000	242	206	122	0	34	42	143	77	39	2
118000	450	152	21	1	27	36	217	72	22	5	118000	213	174	134	1	31	52	148	50	64	8
119000	414	206	30	0	35	10	227	95	31	9	119000	210	229	116	1	47	19	181	48	64	6
120000	397	212	53	1	49	31	229	62	34	4	120000	245	251	171	0	48	43	275	63	102	1
121000	362	209	40	0	10	32	272	63	19	4	121000	200	252	133	0	12	23	263	93	112	7
122000	365	245	49	0	15	15	287	61	23	9	122000	166	291	129	1	13	23	301	97	104	4
123000	419	267	27	0	26	19	237	72	19	15	123000	224	314	132	0	15	43	205	91	82	10
124000	424	262	31	0	46	16	260	82	14	7	124000	236	287	123	0	45	38	251	128	53	18
125000	293	250	26	0	62	28	309	68	11	7	125000	167	270	185	0	60	34	269	88	39	6
126000	369	171	28	0	50	32	320	53	22	4	126000	212	195	138	1	51	67	378	65	43	5
127000	432	209	63	3	37	34	304	44	24	7	127000	224	207	138	3	31	66	263	57	81	8
128000	371	159	52	1	26	38	263	65	49	3	128000	189	197	204	0	35	43	264	98	127	12
129000	385	158	36	0	10	41	291	53	39	17	129000	186	191	181	0	13	77	328	80	87	21
130000	405	171	51	0	8	47	284	48	35	14	130000	214	202	199	0	12	58	348	86	108	23
131000	353	197	68	0	24	53	327	55	43	2	131000	222	216	163	3	44	58	344	95	158	2
132000	340	214	86	0	43	50	298	100	13	6	132000	221	265	231	4	43	61	297	111	108	12
133000	350	256	78	1	71	56	277	98	20	23	133000	249	276	218	0	31	40	255	146	101	16
134000	374	206	73	0	87	36	300	95	9	18	134000	233	307	222	1	67	59	294	140	59	30
135000	327	211	70	0	52	41	278	91	8	22	135000	184	214	186	0	61	32	284	149	58	15
136000	317	194	88	0	48	64	249	99	6	12	136000	223	250	219	0	46	41	283	166	87	11
137000	359	149	63	0	73	53	275	96	13	14	137000	246	215	144	1	64	62	295	137	58	16
138000	369	135	73	1	21	56	243	62	17	17	138000	208	249	189	0	49	74	287	111	115	13
139000	312	191	64	0	24	30	288	93	14	7	139000	193	209	144	0	32	35	329	165	94	10
140000	274	159	78	0	40	17	277	159	22	4	140000	172	216	225	1	54	26	374	262	153	10
141000	408	191	94	0	45	33	290	137	22	7	141000	241	243	233	0	70	45	319	278	167	13
142000	401	207	97	0	54	28	210	112	24	14	142000	227	270	180	0	43	62	280	168	159	30
143000	280	191	102	0	47	28	335	106	25	19	143000	172	211	219	0	38	47	352	175	136	14
144000	306	145	75	2	45	25	339	128	22	7	144000	180	225	183	3	31	36	335	155	129	8
145000	244	182	98	0	38	45	367	135	17	14	145000	147	231	273	1	22	69	334	190	168	17
146000	338	118	73	0	70	43	367	98	19	22	146000	206	216	159	1	70	85	361	148	226	8
147000	268	222	53	0	68	58	296	84	24	22	147000	193	254	161	0	57	55	274	144	236	16
148000	239	219	73	0	76	37	267	95	24	28	148000	150	314	224	1	54	51	271	171	201	20
149000	280	212	94	0	52	64	285	79	20	11	149000	158	335	239	0	71	63	303	158	218	23
150000	366	209	73	0	66	49	355	73	18	6	150000	189	313	286	0	70	63	391	138	182	8
151000	342	203	84	2	52	77	374	107	31	10	151000	188	313	246	1	44	88	396	171	155	16
152000	311	200	79	1	60	40	357	111	33	11	152000	151	318	203	0	55	55	490	152	165	15
153000	292	206	64	1	92	98	337	128	31	20	153000	174	352	249	4	87	71	423	135	225	17
154000	425	200	115	0	111	76	383	113	15	14	154000	300	411	293	1	90	103	437	171	180	7
155000	424	232	86	0	99	73	326	111	16	15	155000	279	344	229	0	58	62	393	138	143	17
156000	444	191	87	0	93	60	287	77	17	21	156000	282	371	229	0	81	64	386	93	237	30
157000	416	193	94	2	121	40	343	61	12	14	157000	291	403	262	1	81	62	383	67	174	27
158000	424	171	93	0	130	59	288	84	23	31	158000	296	380	263	0	125	55	305	104	203	32
159000	454	145	104	0	183	31	266	93	26	39	159000	252	266	225	0	102	28	285	94	230	37
160000	390	110	76	0	148	28	275	113	28	46	160000	220	239	265	0	114	36	295	148	249	47
161000	281	148	76	0	129	49	377	141	49	35	161000	173	288	254	0	95	33	406	166	251	38
162000	356	148	108	0	90	52	307	110	42	26	162000	240	331	255	0	93	41	367	132	243	22
163000	422	181	102	0	84	80	244	81	46	40	163000	243	361	278	0	95	63	311	143	286	32
164000	425	196	162	0	160	81	346	124	33	43	164000	238	364	320	0	135	52	359	170	309	51
165000	531	155	124	0	158	72	327	139	21	26	165000	257	342	339	0	146	58	371	203	214	36
166000	455	175	101	0	177	100	343	152	23	46	166000	221	396	238	0	167	79	376	221	256	46
167000	424	172	110	0	175	114	239	132	24	48	167000	218	265	221	0	138	133	296	197	259	41
168000	418	166	77	0	165	107	330	148	20	35	168000	251	356	233	1	143	97	333	232	274	71
169000	371	175	99	0	122	76	360	93	32	39	169000	216	368	225	0	124	82	321	154	238	73
170000	404	174	106	0	141	54	354	69	32	33	170000	219	436	260	1	156	66	324	91	208	68
171000	510	176	126	2	213	74	249	117	26	57	171000	274	397	264	3	165	98	306	123	235	80
172000	502	195	84	0	122	128	269	123	27	52	172000	238	390	203	0	135	120	319	205	178	66
173000	565	170	114	0	132	101	285	124	27	43	173000	287	352	206	0	109	105	348	171	197	43
174000	513	175	130	0	195	58	372	133	25	21	174000	241	343	292	0	203	94	354	161	238	34
175000	526	160	109	2	210	70	325	120	22	44	175000	289	403	302	1	233	80	355	195	345	35
176000	482	180	123	1	174	126	301	120	33	61	176000	281	376	257	1	161	140	396	194	352	66
177000	502	218	136	4	250	144	366	119	28	41	177000	275	400	280	3	245	192	417	203	228	82
178000	504	207	145	1	207	136	291	177	27	40	178000	301	432	300	2	204	226	381	235	284	37
179000	437	209	101	0	246	97	289	169	37	28	179000	248	369	273	1	210	138	357	236	270	37
180000	531	196	88	0	229	69	278	155	35	31	180000	247	336	222	0	182	107	393	218	231	48
181000	501	230	89	0	178	92	297	131	44	55	181000	248	412	169	0	200	101	359	182	278	80
182000	531	241	102	1	153	81	314	127	39	40	182000	308	447	260	0	183	109	352	155	317	97
183000	474	191	115	0	154	66	286	109	26	87	183000	293	421	324	0	149	131	372	143	320	115
184000	534	173	117	0	166	66	310	139	34	75	184000	317	472	234	1	128	100	332	226	340	93
185000	523	216	106	0	224	65	273	183	38	80	185000	275	494	246	2	188	169	336	253	302	70
186000	474	245	135	0	297	63	216	145	43	113	186000	270	469	325	0	236	100	314	186	282	145
187000	369	222	118	0	246	51	266	136	29	89	187000	189	462	297	0	166	102	324	158	246	162
188000	335	196	106	0	214	106	294	153	46	90	188000	208	410	322	0	188	180	378	241	339	121
189000	421	178	162	0	208	84	292	141	31	64	189000	212	305	347	0	240	185	390	214	301	91
190000	488	221	144	0	296	66	272	168	27	82	190000	240	341	294	0	244	144	437	265	287	108
191000	519	225	133	0	256	81	230	188	22	86	191000	228	474	355	0	264	142	336	253	296	96
192000	553	213	165	0	260	105	271	163	39	62	192000	295	418	280	1	210	180	493	229	269	75
193000	515	195	155	0	204	83	242	124	45	90	193000	313	371	298	0	231	216	308	215	312	144
194000	492	139	151	0	169	103	272	114	36	148	194000	243	320	274	0	218	258	341	178	341	183
195000	471	182	178	0	138	127	305	133	30	116	195000	248	423	244	0	168	237	392	221	322	111
196000	470	181	161	1	116	105	294	150	31	93	196000	276	382	191	1	135	218	382	233	329	151
197000	460	197	140	0	138	68	252	139	50	104	197000	269	367	204	4	171	199	424	229	275	139
198000	509	189	110	0	119	90	305	97	50	116	198000	259	376	215	0	145	198	378	180	328	163
199000	528	229	132	0	213	127	270	120	54	116	199000	267	434	236	0	236	179	363	212	366	145
200000	446	143	180	0	272	121	247	125	50	140	200000	240	392	204	0	316	169	437	274	306	160
201000	493	191	162	0	262	78	287	148	65	138	201000	268	387	267	0	283	173	400	262	363	159
202000	475	173	131	0	207	81	269	118	41	156	202000	249	413	193	3	252	172	425	231	319	174
203000	515	180	167	1	221	109	288	120	44	178	203000	263	417	253	1	197	227	459	271	355	188
204000	491	165	164	0	159	83	333	115	38	195	204000	254	380	254	1	197	221	451	199	317	204
205000	544	167	149	6	134	90	284	112	37	137	205000	281	433	231	6	165	214	353	199	271	158
206000	593	198	168	8	160	71	292	111	54	196	206000	356	452	228	4	189	149	427	248	327	213
207000	546	204	248	4	168	84	286	110	46	167	207000	282	450	274	1	198	211	470	226	307	178
208000	513	201	265	0	221	107	282	112	40	159	208000	284	379	306	0	242	252	451	235	262	188
209000	507	213	335	3	205	98	301	122	19	149	209000	319	489	428	5	231	212	503	225	269	176
210000	533	211	237	0	283	110	267	126	30	155	210000	291	481	337	0	270	204	458	250	264	213
211000	478	190	233	0	237	99	294	119	37	170	211000	320	406	313	0	267	136	390	252	331	208
212000	510	291	239	1	343	85	289	121	50	163	212000	356	469	249	0	337	179	500	207	325	193
213000	400	282	229	0	318	72	293	81	46	171	213000	253	370	234	0	318	129	488	183	400	226
214000	475	228	217	0	255	80	324	132	53	193	214000	268	342	283	0	226	207	527	254	355	228
215000	519	235	238	1	287	100	339	124	39	155	215000	339	396	281	0	236	173	471	253	319	194
216000	485	221	268	0	307	128	296	110	57	183	216000	335	420	371	0	280	206	419	263	272	185
217000	511	168	249	0	261	113	299	140	40	184	217000	322	403	319	0	256	218	495	281	309	165
218000	526	218	234	0	305	62	371	112	47	193	218000	334	407	322	0	253	197	487	198	316	255
219000	467	224	178	1	311	86	375	123	47	193	219000	282	429	265	1	270	181	466	281	313	207
220000	486	204	231	2	286	147	355	171	43	163	220000	276	377	262	1	269	273	450	297	312	249
221000	562	188	169	2	364	110	422	170	40	139	221000	305	365	230	4	317	246	492	315	315	188
222000	476	207	145	4	335	120	382	173	41	164	222000	301	449	284	4	339	210	459	296	275	236
223000	413	207	219	0	291	133	359	205	56	178	223000	252	470	363	0	260	208	455	338	348	250
224000	475	236	219	0	286	127	330	206	56	170	224000	311	542	297	1	257	224	298	383	367	196
225000	501	208	222	1	277	107	313	246	49	159	225000	329	403	359	1	227	189	381	475	317	171
226000	498	220	196	1	256	79	314	215	62	176	226000	294	421	294	0	266	126	409	391	334	172
227000	449	247	173	0	270	89	309	192	62	167	227000	242	539	273	0	287	151	358	401	340	156
228000	476	266	197	0	314	87	393	185	64	138	228000	262	497	298	0	254	134	481	466	342	139
229000	509	242	216	0	316	97	310	182	53	168	229000	272	480	303	0	294	162	417	400	434	185
230000	497	198	250	2	305	117	331	142	72	150	230000	239	475	319	2	351	166	470	334	388	169
231000	556	181	227	0	309	107	293	141	62	149	231000	272	457	308	0	299	173	436	322	425	153
232000	615	180	269	0	311	98	327	177	54	169	232000	293	447	344	1	323	166	484	417	382	182
233000	512	172	309	7	335	113	270	162	54	200	233000	270	423	427	7	400	185	441	341	373	149
234000	574	194	234	1	387	99	257	158	59	167	234000	221	456	395	0	368	169	409	375	405	183
235000	368	181	285	2	333	103	305	168	53	163	235000	228	502	326	0	333	164	470	368	301	197
236000	457	168	222	7	347	131	280	169	44	183	236000	223	493	306	4	333	225	413	345	255	194
237000	399	178	261	4	399	178	259	147	45	242	237000	207	489	306	4	382	255	416	352	278	221
238000	437	227	323	2	327	168	288	173	44	243	238000	268	558	402	1	334	284	397	302	331	237
239000	461	227	262	6	335	150	251	214	47	292	239000	267	528	349	5	381	233	448	337	339	265
240000	418	212	236	1	393	154	249	200	66	268	240000	229	497	289	0	414	307	441	424	371	217
241000	493	217	264	0	348	201	258	231	56	236	241000	225	496	331	0	393	358	409	436	423	171
242000	556	228	270	0	396	144	360	217	58	224	242000	240	507	367	0	362	276	534	405	457	207
243000	472	257	249	1	251	159	349	215	51	169	243000	223	473	344	0	265	308	563	350	413	172
244000	456	248	222	1	301	169	273	181	48	187	244000	191	505	315	2	327	251	547	366	388	176
245000	497	217	199	0	379	180	302	221	41	226	245000	231	498	332	0	365	302	485	358	328	203
246000	460	200	292	0	372	170	304	205	51	218	246000	229	497	332	0	309	340	404	390	347	177
247000	401	199	263	0	410	144	307	212	55	188	247000	211	439	334	0	378	311	448	398	451	198
248000	444	213	288	0	321	169	297	221	44	213	248000	249	453	346	0	286	296	465	427	430	209
249000	456	252	248	1	381	175	317	163	38	196	249000	239	476	338	0	306	345	534	361	411	197
250000	449	242	243	0	280	233	314	228	40	152	250000	225	440	334	0	315	462	529	406	360	151
251000	457	227	277	0	251	217	284	209	77	115	251000	218	541	317	0	281	451	457	337	387	115
252000	413	262	253	1	355	228	321	218	70	222	252000	210	421	308	1	423	364	472	271	387	207
253000	457	293	256	6	342	217	350	130	62	248	253000	233	511	337	2	371	395	478	225	432	242
254000	452	279	215	6	360	209	352	187	66	261	254000	199	438	344	5	393	315	517	320	400	215
255000	355	238	272	6	365	262	345	205	73	228	255000	214	461	250	2	346	422	505	318	377	205
256000	443	253	219	7	414	230	369	194	49	155	256000	253	454	209	1	425	451	534	375	260	172
257000	511	235	167	3	341	254	354	191	70	112	257000	323	467	172	4	354	405	503	444	320	104
258000	586	186	192	1	261	245	387	271	68	162	258000	318	368	228	1	300	399	491	405	333	188
259000	610	224	212	1	261	235	362	206	77	196	259000	319	385	314	6	353	448	463	483	355	216
260000	533	270	249	1	321	241	377	204	72	156	260000	294	378	295	1	350	447	559	357	426	169
261000	546	248	236	2	279	264	325	243	51	154	261000	330	486	289	0	341	458	560	394	405	210
262000	507	257	290	10	368	258	344	214	61	167	262000	254	484	374	1	386	519	539	384	418	186
263000	509	177	356	1	461	279	391	249	78	147	263000	277	393	433	0	451	544	510	384	430	176
264000	515	236	261	0	466	261	349	252	80	136	264000	287	445	350	1	485	520	459	396	438	140
265000	471	269	228	0	393	227	435	288	60	124	265000	211	458	365	1	402	375	587	379	418	146
266000	519	225	220	0	378	236	349	299	65	162	266000	231	390	351	1	385	471	528	372	371	154
267000	505	228	216	0	386	232	315	224	51	161	267000	246	387	363	2	433	403	484	380	401	150
268000	460	213	222	0	366	281	239	297	54	173	268000	201	393	349	1	365	463	447	440	369	168
269000	487	230	271	1	366	228	294	284	56	222	269000	235	398	385	1	409	465	463	378	304	197
270000	556	213	275	4	316	248	300	310	35	224	270000	267	475	383	5	324	427	521	361	300	223
271000	447	231	242	4	442	191	395	291	46	205	271000	212	473	415	3	402	406	582	339	340	189
272000	406	308	240	2	307	260	369	310	39	243	272000	232	460	420	1	401	471	514	377	364	156
273000	497	297	303	0	346	263	287	236	47	207	273000	276	472	490	1	418	522	483	347	403	169
274000	650	239	276	2	411	290	341	292	53	209	274000	272	403	445	1	387	484	418	346	376	176
275000	484	248	255	1	364	298	380	284	60	281	275000	253	381	434	0	321	434	489	329	399	228
276000	544	243	284	2	376	280	353	322	48	250	276000	296	430	444	3	401	484	436	327	364	236
277000	614	236	249	4	386	295	371	309	51	295	277000	302	354	398	0	397	558	428	391	331	233
278000	604	184	276	1	407	214	371	333	83	301	278000	248	346	443	3	453	431	473	322	416	248
279000	598	239	288	2	350	234	299	332	59	285	279000	282	370	399	0	383	436	453	388	404	255
280000	593	271	276	11	384	239	262	327	72	330	280000	294	323	435	2	459	444	365	378	458	243
281000	489	289	291	2	493	232	290	386	63	354	281000	245	382	440	1	555	524	397	406	399	244
282000	453	276	233	0	527	278	350	355	89	328	282000	210	399	351	0	536	500	452	377	457	197
283000	488	220	263	2	499	306	342	363	57	299	283000	252	342	384	0	535	567	439	352	399	201
284000	429	227	288	0	478	269	358	389	97	289	284000	261	353	434	1	500	504	478	410	384	201
285000	384	223	302	1	359	244	339	365	58	234	285000	233	426	423	0	373	566	510	361	399	174
286000	431	243	350	0	350	286	357	359	72	280	286000	222	454	484	0	341	569	466	366	400	185
287000	472	234	293	0	330	304	253	304	67	323	287000	262	428	455	0	366	542	342	344	387	187
288000	577	226	289	2	303	293	375	236	59	307	288000	255	411	443	0	335	558	473	301	399	175
289000	593	250	315	2	401	284	394	302	75	301	289000	286	399	396	0	460	600	496	325	419	191
290000	666	244	286	1	391	293	344	264	65	327	290000	327	375	453	0	519	601	480	335	481	232
291000	553	218	283	0	396	276	353	285	67	328	291000	284	374	439	0	490	550	441	302	405	184
292000	571	301	372	2	384	270	364	313	70	268	292000	251	418	572	0	452	540	442	365	416	168
293000	585	287	340	2	333	205	378	365	95	325	293000	298	353	471	3	418	463	483	398	423	220
294000	590	304	360	2	364	280	364	361	82	343	294000	336	380	511	0	450	548	535	365	435	211
295000	626	314	354	4	390	303	394	324	83	297	295000	275	378	429	0	414	544	498	413	386	215
296000	565	303	348	6	349	273	304	273	77	298	296000	314	438	508	7	446	486	459	334	407	252
297000	657	269	307	9	387	271	282	300	98	346	297000	313	422	396	8	433	504	429	337	473	278
298000	658	315	329	3	453	320	348	282	70	321	298000	346	431	432	3	505	543	473	297	453	240
299000	613	338	315	2	411	313	310	288	88	303	299000	297	418	451	4	556	543	422	344	457	258
300000	604	335	308	4	401	337	348	298	70	293	300000	338	451	446	5	481	580	457	374	473	229
301000	563	307	354	10	347	266	356	320	63	294	301000	298	377	481	6	445	493	447	442	470	200
302000	583	273	384	1	333	312	311	265	82	258	302000	335	416	515	2	501	489	428	378	453	200
303000	542	285	344	0	339	348	305	315	57	302	303000	286	441	555	1	431	549	363	412	414	234
304000	429	299	357	3	317	297	294	317	76	238	304000	250	446	513	2	460	486	406	415	458	193
305000	435	314	297	0	309	273	407	347	74	264	305000	202	422	482	1	470	469	485	432	505	234
306000	558	311	314	1	360	315	347	359	87	338	306000	289	409	534	4	477	552	396	435	438	293
307000	631	313	331	7	347	361	397	325	77	294	307000	341	392	517	2	418	590	487	381	392	232
308000	669	314	313	5	347	288	408	356	76	348	308000	326	396	471	1	371	559	449	360	448	241
309000	676	354	353	11	441	350	431	326	64	273	309000	374	481	533	1	483	587	513	432	348	213
310000	711	340	300	1	363	378	403	295	87	294	310000	374	433	558	1	454	544	524	313	409	233
311000	502	378	319	2	375	286	341	226	65	280	311000	308	428	554	1	437	450	452	264	409	257
312000	641	321	310	0	448	322	386	301	57	274	312000	329	442	483	2	553	548	536	394	324	263
313000	687	325	367	7	480	277	400	308	48	337	313000	362	477	550	6	531	503	497	362	325	277
314000	570	326	382	6	450	247	350	357	89	323	314000	319	405	571	6	485	434	506	383	430	288
315000	573	312	291	1	480	283	383	261	72	376	315000	339	432	445	7	507	456	495	323	350	257
316000	639	315	343	6	368	276	387	303	69	338	316000	369	469	468	5	431	424	547	335	380	290
317000	666	322	334	1	380	232	365	316	82	394	317000	313	407	506	3	440	377	506	364	344	306
318000	660	344	399	7	383	298	397	357	80	357	318000	296	425	568	7	468	432	478	423	471	259
319000	576	392	390	17	470	295	350	346	51	327	319000	289	434	597	10	571	373	458	361	361	272
320000	661	293	390	17	502	259	359	403	92	408	320000	283	456	561	9	542	384	497	439	399	274
321000	570	349	353	17	401	332	361	334	79	302	321000	276	464	502	6	566	475	462	412	428	261
322000	572	339	327	41	415	337	436	376	82	347	322000	280	399	486	18	568	485	504	432	363	261
323000	518	366	359	22	464	395	411	378	80	335	323000	245	493	507	15	579	600	510	411	361	231
324000	538	319	335	22	446	365	356	343	79	375	324000	307	503	533	8	505	617	499	414	361	274
325000	579	286	308	24	404	333	408	310	73	398	325000	303	478	473	11	497	600	510	425	439	241
326000	584	275	344	13	489	313	385	335	72	419	326000	271	399	505	10	567	611	460	375	366	259
327000	586	267	335	35	442	312	388	392	113	407	327000	272	370	489	12	545	568	500	470	449	268
328000	615	329	352	31	444	312	423	353	81	362	328000	344	428	477	8	510	505	507	412	376	218
329000	690	338	387	28	422	338	484	414	91	376	329000	332	391	476	10	642	544	610	421	463	180
330000	641	321	462	49	479	300	460	343	85	397	330000	336	405	636	18	561	502	637	353	353	208
331000	575	343	394	40	515	330	405	404	93	399	331000	360	380	546	18	580	506	563	439	487	208
332000	502	368	367	45	485	344	465	393	97	397	332000	282	381	471	16	524	458	692	404	506	233
333000	415	308	391	89	523	364	486	379	106	351	333000	262	425	509	38	634	600	671	392	509	195
334000	515	312	386	64	523	359	450	346	86	389	334000	248	364	478	39	505	520	549	377	471	255
335000	594	287	377	64	488	305	478	405	77	349	335000	271	321	478	25	514	483	602	475	468	248
336000	577	288	395	45	420	326	540	464	89	305	336000	348	262	528	29	416	444	640	494	467	192
337000	548	305	404	71	346	377	475	434	92	296	337000	385	366	563	32	433	456	541	386	491	175
338000	580	311	391	68	353	329	480	420	79	270	338000	356	355	496	23	395	475	536	400	443	169
339000	599	349	320	82	397	299	466	341	100	315	339000	399	430	447	32	390	431	526	366	572	182
340000	511	340	387	97	401	342	439	483	98	377	340000	280	436	487	28	409	493	551	430	458	213
341000	767	377	443	135	437	346	420	450	82	372	341000	401	466	562	51	511	454	541	431	304	197
342000	687	384	399	139	512	351	370	399	89	359	342000	389	528	543	57	506	494	546	401	365	238
343000	730	403	353	106	515	385	472	407	126	407	343000	387	455	560	33	545	542	573	463	501	205
344000	736	332	299	84	446	385	454	386	112	423	344000	417	433	486	31	473	567	573	407	586	235
345000	626	348	382	64	551	430	467	395	108	411	345000	396	492	525	39	508	609	540	430	614	192
346000	724	340	352	90	517	409	393	412	90	391	346000	395	465	515	28	510	527	483	457	575	191
347000	683	321	345	112	544	435	407	393	115	386	347000	401	421	489	26	578	565	505	339	597	195
348000	686	382	370	97	479	463	367	358	109	427	348000	370	419	529	33	534	536	494	294	451	166
349000	600	292	384	104	567	334	449	324	123	397	349000	332	399	520	35	606	439	556	330	582	180
350000	714	372	451	117	543	411	394	386	98	419	350000	360	391	637	36	543	542	528	358	487	184
351000	669	348	385	106	508	392	415	444	133	504	351000	353	351	597	47	541	553	474	361	491	188
352000	646	394	424	162	485	374	371	392	108	465	352000	346	437	526	38	481	537	422	411	595	215
353000	677	363	363	153	523	424	407	409	92	507	353000	366	400	600	36	533	544	472	354	510	222
354000	665	382	414	118	570	473	451	417	111	430	354000	363	454	585	38	517	620	462	392	544	186
355000	649	377	378	164	596	460	496	437	110	444	355000	377	411	570	40	585	592	516	437	490	203
356000	740	410	400	185	540	387	454	451	103	461	356000	401	415	601	43	548	495	526	447	592	202
357000	609	393	412	149	506	383	394	480	68	476	357000	406	351	587	66	546	545	414	430	447	244
358000	669	456	396	96	520	394	417	441	76	455	358000	329	475	524	46	521	445	503	459	378	227
359000	613	471	442	188	502	430	487	413	58	444	359000	362	440	553	41	467	537	508	411	436	238
360000	581	463	467	177	436	391	550	405	79	499	360000	382	395	624	53	447	457	481	374	549	255
361000	501	404	361	116	426	461	565	426	76	526	361000	284	340	529	32	416	576	545	410	531	255
362000	519	433	411	156	454	463	540	429	87	457	362000	320	393	569	48	429	584	622	404	480	229
363000	655	395	430	124	378	492	518	368	65	537	363000	324	464	588	38	372	571	647	380	403	250
364000	610	432	526	125	434	431	518	400	78	536	364000	340	384	626	28	409	550	609	391	438	283
365000	527	469	461	149	414	457	438	322	82	538	365000	260	430	559	48	435	651	524	319	471	268
366000	554	437	421	147	512	397	398	323	91	471	366000	270	435	550	27	483	493	509	360	491	220
367000	554	343	446	130	418	436	519	425	102	495	367000	270	377	548	45	427	616	605	405	482	270
368000	502	353	335	92	429	542	510	356	98	528	368000	281	328	506	29	455	682	603	337	473	283
369000	399	420	367	104	345	584	541	400	91	439	369000	229	403	531	40	342	623	648	351	476	215
370000	483	430	390	113	474	548	467	411	100	497	370000	270	371	539	60	454	643	648	406	552	229
371000	563	472	388	162	526	462	550	410	117	596	371000	304	415	513	69	478	558	636	406	472	281
372000	610	457	389	149	500	435	428	422	86	507	372000	373	490	605	37	425	576	555	406	546	276
373000	652	503	422	155	460	462	421	418	93	507	373000	377	473	548	31	411	579	536	356	496	262
374000	620	447	390	147	439	482	450	397	72	478	374000	324	527	563	53	377	600	545	311	481	259
375000	631	508	448	202	472	523	401	449	80	589	375000	399	568	572	60	496	578	503	371	441	267
376000	654	551	454	164	629	470	367	441	89	484	376000	376	484	540	69	573	503	439	394	504	271
377000	684	541	403	179	488	428	409	465	101	608	377000	370	453	499	96	483	515	548	477	569	294
378000	699	605	395	194	467	390	389	477	94	555	378000	362	483	501	88	521	495	500	471	534	269
379000	596	517	425	171	598	410	450	429	98	549	379000	373	480	538	55	514	439	583	405	518	276
380000	662	457	457	152	530	495	404	402	120	492	380000	329	472	557	65	602	588	462	400	592	266
381000	607	494	532	207	530	547	385	438	86	486	381000	398	508	576	100	595	593	447	422	519	289
382000	656	456	372	179	453	528	423	470	86	400	382000	362	432	441	91	532	583	525	416	510	241
383000	591	490	407	282	555	546	372	501	87	456	383000	344	449	449	114	536	557	565	397	498	266
384000	590	452	373	182	483	544	458	443	83	433	384000	336	419	427	95	570	551	597	429	477	246
385000	650	432	458	189	463	495	440	433	88	473	385000	327	435	515	83	476	560	524	380	528	231
386000	601	487	422	162	489	456	474	414	97	486	386000	326	428	565	87	537	579	476	360	601	270
387000	648	519	401	171	426	498	486	407	81	554	387000	364	478	537	102	447	584	560	317	515	290
388000	623	517	389	204	473	394	427	386	99	534	388000	326	365	512	120	470	494	461	361	567	300
389000	646	506	369	184	513	345	376	437	83	525	389000	359	423	587	80	429	376	398	419	582	331
390000	661	507	418	204	519	385	415	406	79	538	390000	327	460	501	97	563	450	504	398	477	334
391000	634	517	398	244	527	527	498	413	90	489	391000	379	487	460	135	577	541	477	419	518	325
392000	663	480	401	250	569	535	429	362	84	589	392000	424	448	422	156	521	561	517	369	472	320
393000	708	396	395	184	524	633	459	359	105	595	393000	386	456	522	130	551	638	433	326	456	351
394000	695	490	383	247	578	591	447	341	99	589	394000	402	462	436	134	595	653	442	304	520	364
395000	672	504	392	234	617	536	444	469	96	573	395000	437	415	505	167	567	593	489	385	531	304
396000	658	517	474	220	594	457	539	439	110	569	396000	462	412	487	144	596	531	542	408	504	285
397000	581	466	478	247	597	480	553	411	95	570	397000	361	416	514	162	528	592	618	416	501	316
398000	547	457	425	200	540	524	474	456	91	531	398000	310	392	546	136	568	646	559	444	448	279
399000	651	454	385	189	560	471	402	479	94	559	399000	389	320	524	145	558	532	540	416	417	281
400000	593	498	339	244	474	465	485	455	92	637	400000	284	422	437	138	461	502	519	351	466	349
401000	639	546	418	154	536	412	454	474	100	646	401000	373	420	463	126	518	480	520	447	523	348
402000	643	476	411	151	540	539	428	509	85	570	402000	329	345	467	145	497	598	481	405	477	368
403000	605	550	399	128	388	513	544	539	86	527	403000	335	384	506	135	484	598	571	398	508	342
404000	663	559	391	178	457	517	590	480	87	565	404000	368	329	533	167	463	631	628	402	556	352
405000	767	516	433	202	476	468	516	461	105	568	405000	438	312	582	195	450	550	659	438	463	291
406000	649	617	412	207	473	448	517	496	79	546	406000	390	324	500	173	475	609	620	451	535	314
407000	620	614	471	172	503	462	572	501	95	600	407000	368	349	565	150	488	576	599	447	555	311
408000	631	511	518	125	575	486	525	368	103	554	408000	359	321	647	136	529	636	615	375	522	241
409000	636	511	469	172	514	500	540	398	112	595	409000	426	261	583	203	497	605	612	409	451	286
410000	637	489	470	168	524	369	540	478	115	643	410000	415	251	549	181	554	540	590	496	508	347
411000	678	538	455	189	560	408	493	485	101	658	411000	388	331	532	185	524	486	511	395	528	296
412000	631	502	435	189	515	522	623	520	83	640	412000	407	306	533	231	566	592	597	433	432	322
413000	654	456	453	215	650	494	550	521	85	649	413000	375	252	502	181	607	545	498	456	446	335
414000	591	490	429	166	599	521	578	472	102	610	414000	344	332	427	225	609	548	518	442	519	316
415000	577	522	429	195	560	407	481	516	114	564	415000	324	305	431	190	500	433	513	436	561	347
416000	682	607	466	177	573	530	484	526	88	589	416000	413	343	546	176	543	558	589	412	516	390
417000	690	604	366	209	628	531	463	503	74	577	417000	413	332	493	228	505	610	580	459	548	378
418000	666	502	472	173	602	457	437	521	90	577	418000	352	277	481	172	579	573	504	458	609	371
419000	536	502	466	166	583	433	460	447	71	551	419000	350	258	550	209	499	504	532	441	456	362
420000	607	625	480	193	506	527	489	420	86	584	420000	340	332	531	179	530	520	466	397	529	364
421000	584	528	416	238	581	500	486	460	88	600	421000	310	332	520	272	570	512	499	382	441	366
422000	701	581	495	241	607	496	528	382	101	525	422000	374	349	527	284	555	549	559	393	534	313
423000	703	550	486	273	576	417	546	370	93	661	423000	382	304	542	317	566	490	567	366	608	408
424000	715	490	501	316	524	411	552	404	107	595	424000	429	352	579	281	498	447	502	352	521	328
425000	766	482	492	270	626	540	497	392	83	578	425000	438	371	476	261	530	608	613	410	463	383
426000	727	588	442	267	615	473	532	441	79	605	426000	439	400	432	322	553	555	588	408	443	376
427000	634	567	365	231	673	434	515	475	79	553	427000	396	382	377	268	581	517	595	403	482	357
428000	651	531	356	264	609	487	469	491	74	612	428000	293	382	432	308	598	615	644	398	477	395
429000	679	466	446	220	655	491	570	412	108	610	429000	372	338	453	280	544	586	621	366	553	370
430000	630	469	438	258	615	592	508	395	103	529	430000	300	303	507	288	587	641	596	322	629	360
431000	576	431	526	275	604	555	578	399	104	639	431000	361	325	616	289	571	631	632	371	659	331
432000	635	496	437	259	641	428	557	356	101	551	432000	364	280	485	292	523	569	618	336	598	331
433000	615	474	444	214	505	490	554	456	113	594	433000	387	297	584	310	513	611	633	377	633	321
434000	679	502	439	228	427	456	544	399	104	523	434000	401	313	605	268	526	611	614	360	542	277
435000	655	510	454	206	582	432	480	447	73	600	435000	387	352	537	260	600	625	539	387	511	293
436000	664	536	412	219	562	519	520	410	90	596	436000	361	325	500	272	537	663	481	359	408	301
437000	692	494	481	180	512	431	476	375	87	622	437000	394	335	561	234	530	568	455	343	544	321
438000	624	527	409	205	516	485	558	450	104	585	438000	366	330	511	287	528	583	547	400	494	333
439000	686	546	405	216	469	456	609	423	101	637	439000	359	316	463	321	511	508	643	384	571	317
440000	784	577	367	228	477	446	641	433	102	571	440000	421	320	441	321	472	570	639	471	542	309
441000	658	497	424	248	483	511	501	437	120	639	441000	350	351	534	367	509	607	566	423	532	293
442000	634	525	445	214	548	458	510	469	108	585	442000	361	310	591	272	463	508	471	397	572	268
443000	792	500	434	269	483	431	598	457	102	559	443000	405	351	550	293	488	455	510	381	486	333
444000	774	502	457	241	477	477	606	448	117	578	444000	386	327	533	294	453	532	495	461	664	284
445000	600	568	496	258	534	469	590	444	100	517	445000	342	348	610	272	456	599	558	469	593	265
446000	698	584	439	235	477	448	553	400	106	524	446000	350	389	558	326	486	560	598	399	534	250
447000	573	515	429	277	494	478	580	421	112	522	447000	347	340	490	371	461	594	472	399	613	252
448000	622	526	391	318	529	549	575	455	84	562	448000	343	358	554	396	434	554	534	349	581	371
449000	638	524	427	348	597	535	580	417	102	558	449000	340	342	532	422	416	636	651	352	601	331
450000	676	478	447	298	486	534	648	434	104	607	450000	365	382	547	379	483	635	631	389	588	323
451000	698	630	373	328	483	575	587	413	91	679	451000	385	395	527	421	462	601	602	357	529	336
452000	625	647	444	334	497	589	617	524	124	662	452000	326	440	596	463	481	648	621	419	525	350
453000	640	539	415	432	566	580	638	478	125	661	453000	343	342	510	494	522	545	661	379	548	401
454000	621	580	382	386	546	581	570	491	96	655	454000	367	372	568	458	544	532	624	347	452	343
455000	651	521	428	357	578	522	638	468	85	651	455000	329	368	609	405	578	536	652	371	473	353
456000	665	634	487	208	625	505	631	475	89	617	456000	342	447	576	239	644	478	639	343	506	402
457000	714	511	372	235	680	506	675	367	82	621	457000	402	404	494	296	585	573	646	381	547	403
458000	671	480	264	323	565	496	670	516	121	623	458000	308	373	377	367	530	489	659	416	482	423
459000	667	514	342	407	574	473	612	571	120	512	459000	369	337	450	440	472	459	578	422	584	332
460000	624	400	408	417	587	471	634	482	100	650	460000	366	345	584	489	490	523	619	410	467	427
461000	553	490	446	368	591	533	680	481	121	630	461000	341	354	560	478	526	533	599	379	491	396
462000	680	397	433	319	503	547	650	513	101	648	462000	332	334	586	438	479	584	556	408	496	407
463000	647	466	472	327	461	582	743	495	112	654	463000	352	383	542	439	488	538	692	453	452	469
464000	631	434	456	329	472	600	699	483	93	662	464000	382	331	535	413	469	584	661	436	503	430
465000	668	494	430	330	533	492	735	484	109	586	465000	329	355	549	460	506	529	668	431	507	464
466000	732	510	457	308	545	653	593	476	81	549	466000	389	377	523	443	504	633	575	418	473	435
467000	716	482	436	330	596	559	772	467	80	609	467000	399	384	560	441	547	547	667	383	438	404
468000	750	524	433	333	548	620	704	495	80	642	468000	399	387	591	438	526	527	658	372	560	422
469000	725	490	509	361	585	572	714	487	104	727	469000	372	376	650	407	572	580	712	383	499	469
470000	765	417	480	321	504	570	689	598	85	652	470000	368	408	536	421	496	524	579	497	497	484
471000	784	464	491	346	450	466	806	521	82	666	471000	388	368	518	459	466	447	748	404	524	406
472000	761	493	392	361	571	538	751	530	79	598	472000	400	398	501	430	538	478	624	419	458	374
473000	740	483	395	334	616	502	702	491	107	663	473000	440	363	491	448	633	410	663	406	494	384
474000	754	499	449	436	581	565	736	504	93	587	474000	416	346	558	430	531	505	664	402	560	379
475000	666	469	432	417	593	641	648	519	76	681	475000	370	301	497	466	476	577	668	431	579	360
476000	730	543	422	353	555	578	640	455	75	689	476000	418	395	520	422	487	541	591	430	582	408
477000	645	557	448	341	580	511	673	407	85	629	477000	350	378	619	422	505	503	672	403	545	376
478000	752	549	508	295	551	540	700	488	98	662	478000	409	448	631	334	477	510	711	433	548	417
479000	702	546	451	418	529	636	695	459	73	676	479000	364	401	585	491	579	594	674	444	495	356
480000	706	575	531	281	657	651	720	428	83	635	480000	360	460	613	424	674	535	693	409	622	438
481000	666	562	474	361	520	617	736	432	68	617	481000	373	485	568	428	570	494	689	407	499	412
482000	683	514	485	345	517	664	670	491	50	633	482000	356	475	631	417	544	600	683	386	495	448
483000	632	455	479	323	514	582	684	438	48	621	483000	351	398	640	413	524	526	675	379	471	449
484000	698	561	575	402	479	581	740	477	69	606	484000	357	475	595	496	502	554	677	441	474	396
485000	686	513	532	310	491	657	637	448	96	542	485000	389	447	636	461	485	578	566	383	592	389
486000	701	596	548	369	508	669	689	437	92	528	486000	400	494	624	536	441	630	671	361	623	397
487000	643	620	486	393	500	613	679	348	90	658	487000	421	442	570	501	427	608	654	342	639	380
488000	637	605	507	427	488	647	694	404	93	590	488000	380	453	599	523	459	587	607	354	661	393
489000	693	597	491	372	547	631	677	456	146	549	489000	403	475	533	529	488	577	697	389	715	418
490000	597	463	488	415	496	558	801	495	120	615	490000	357	390	620	537	570	508	751	378	658	413
491000	672	575	481	339	566	557	689	509	93	612	491000	397	466	686	485	590	575	640	396	612	369
492000	614	558	493	361	504	645	672	480	77	574	492000	361	472	603	434	504	598	633	403	570	414
493000	690	574	541	353	503	551	705	470	91	534	493000	344	465	600	486	555	503	652	324	547	408
494000	666	544	449	375	517	614	739	446	87	556	494000	345	477	596	476	523	574	635	359	589	413
495000	721	497	502	362	602	545	687	424	103	608	495000	361	421	681	404	568	504	712	389	594	456
496000	653	498	515	369	542	688	671	469	99	555	496000	367	404	666	424	504	551	686	404	607	401
497000	641	476	517	307	486	646	789	519	95	644	497000	378	456	644	377	436	576	745	381	565	436
498000	672	477	504	313	469	754	728	565	104	612	498000	388	379	575	384	491	592	724	411	525	399
499000	760	477	495	364	478	637	747	484	83	610	499000	384	394	590	362	516	501	659	369	592	412
500000	734	531	461	393	478	608	739	465	94	570	500000	356	382	535	416	439	536	656	432	555	394
501000	770	549	422	367	453	592	735	484	113	591	501000	401	410	480	383	404	493	690	426	605	435
502000	776	467	542	327	554	685	626	503	98	611	502000	427	356	545	356	482	509	584	416	515	413
503000	729	488	517	247	623	606	628	436	122	604	503000	405	368	609	369	611	457	592	400	639	475
504000	718	521	465	375	436	621	686	489	119	611	504000	409	399	663	411	450	445	729	414	673	528
505000	770	531	492	386	509	642	654	475	107	603	505000	392	405	459	454	467	461	695	463	559	550
506000	759	497	493	368	508	671	702	431	81	588	506000	458	435	478	446	542	500	721	438	557	493
507000	822	571	439	324	624	624	669	427	101	599	507000	407	391	544	369	608	505	730	355	550	488
508000	718	613	400	381	537	567	776	422	82	607	508000	387	434	567	468	561	439	762	404	497	519
509000	771	617	501	323	547	594	635	417	92	582	509000	461	416	648	405	509	436	664	403	574	505
510000	716	522	480	412	554	625	739	439	129	597	510000	367	391	644	427	540	471	739	401	627	504
511000	704	442	443	332	622	598	671	457	104	544	511000	403	321	623	356	542	501	691	388	615	487
512000	745	537	469	277	467	682	650	503	124	580	512000	445	414	659	359	456	504	699	394	615	526
513000	746	532	513	253	544	615	697	466	123	625	513000	429	454	700	308	479	519	759	442	546	543
514000	704	531	466	343	533	584	704	444	111	600	514000	401	399	674	475	457	455	716	379	649	484
515000	747	513	487	395	515	556	735	452	107	674	515000	350	372	579	485	461	374	713	387	573	542
516000	726	561	421	346	449	643	655	472	111	650	516000	371	472	543	384	438	440	651	407	679	476
517000	653	575	406	268	439	645	550	418	96	559	517000	365	513	603	411	355	434	642	406	728	467
518000	664	488	396	393	300	646	589	404	88	714	518000	383	417	545	471	341	462	651	373	727	615
519000	736	571	435	403	456	611	599	457	102	727	519000	387	433	622	474	452	528	591	425	666	508
520000	793	530	450	384	441	727	629	503	108	661	520000	373	476	644	515	409	542	676	381	623	486
521000	716	477	461	396	466	691	583	419	101	657	521000	388	366	665	509	410	500	652	382	539	433
522000	622	426	437	355	455	610	585	415	117	696	522000	410	323	601	453	419	468	557	419	599	487
523000	659	491	409	343	547	664	636	445	112	675	523000	390	369	698	462	495	455	641	450	668	531
524000	863	439	446	325	502	553	570	486	116	603	524000	456	487	594	425	521	433	622	425	638	466
525000	740	476	382	398	516	654	552	455	133	655	525000	452	426	569	468	480	475	581	416	623	458
526000	778	484	422	346	558	653	674	501	125	689	526000	483	501	637	365	539	441	678	503	673	476
527000	695	587	402	405	665	536	691	504	113	650	527000	424	457	654	434	649	401	730	486	593	408
528000	824	492	388	354	622	631	674	482	136	686	528000	488	330	609	429	658	470	696	426	599	521
529000	717	440	412	352	609	648	663	515	121	558	529000	399	332	610	423	594	464	690	528	562	457
530000	595	454	422	357	553	642	677	534	100	549	530000	354	331	539	375	508	467	698	451	526	469
531000	690	468	432	324	418	648	669	553	131	584	531000	368	370	579	426	446	491	630	486	623	457
532000	752	438	423	301	449	615	655	567	135	606	532000	379	364	645	455	465	483	643	524	648	492
533000	706	396	436	335	488	678	700	532	142	601	533000	357	326	589	404	438	492	645	459	675	504
534000	654	483	446	373	384	566	643	472	140	653	534000	392	422	644	465	377	475	677	432	589	560
535000	705	505	396	352	486	641	640	436	132	660	535000	422	403	632	465	482	530	639	478	615	548
536000	642	537	437	339	446	592	681	414	118	649	536000	390	393	640	443	500	474	632	489	524	487
537000	634	498	460	358	533	653	648	457	100	453	537000	391	341	637	404	528	507	641	450	527	397
538000	757	440	449	372	519	570	658	459	122	527	538000	453	353	674	502	525	458	572	463	576	474
539000	661	504	407	350	590	634	628	435	136	567	539000	401	383	586	452	547	566	651	493	574	457
540000	698	506	431	368	643	611	550	417	90	544	540000	334	442	577	480	642	499	633	435	564	395
541000	685	532	404	334	633	526	644	544	96	529	541000	442	378	590	514	648	420	593	434	559	400
542000	664	526	407	388	648	598	616	518	104	534	542000	376	393	605	578	670	455	586	428	566	375
543000	770	533	428	391	578	669	639	540	86	629	543000	440	456	536	623	581	518	663	446	557	419
544000	835	620	413	404	520	702	696	545	103	583	544000	502	477	578	590	438	539	669	500	593	356
545000	815	492	405	412	682	710	768	499	89	578	545000	451	504	604	633	585	555	691	537	568	399
546000	804	523	423	407	603	634	779	540	101	627	546000	399	428	554	553	558	492	684	458	650	378
547000	763	501	412	451	657	700	786	569	126	584	547000	446	483	606	653	575	539	684	502	638	412
548000	762	456	366	533	699	669	761	425	120	668	548000	476	418	599	729	700	500	652	453	622	500
549000	818	481	384	504	716	730	756	482	117	661	549000	428	406	510	674	710	600	737	508	580	494
550000	639	450	340	454	568	688	731	497	104	672	550000	384	410	537	692	525	542	731	472	663	435
551000	727	445	390	413	596	626	754	454	109	617	551000	362	461	533	621	613	552	736	511	636	483
552000	775	479	412	424	586	582	694	416	100	619	552000	438	451	621	689	560	541	655	440	605	484
553000	725	525	461	431	575	608	679	446	116	686	553000	403	560	634	616	612	495	633	463	604	500
554000	751	487	425	481	567	672	671	469	102	663	554000	426	428	622	642	593	633	671	435	711	464
555000	849	541	439	469	539	639	694	503	105	684	555000	490	572	601	678	560	599	710	484	642	491
556000	750	504	460	404	694	621	620	447	96	670	556000	460	492	642	567	572	543	596	492	595	495
557000	705	476	499	411	611	587	617	506	99	632	557000	407	474	639	589	589	509	671	481	597	418
558000	859	529	413	395	515	545	650	484	80	589	558000	476	492	622	617	515	576	684	422	580	429
559000	756	484	471	509	555	647	626	494	119	678	559000	469	458	702	782	559	607	667	495	637	516
560000	735	542	455	490	487	653	549	499	107	538	560000	474	515	686	685	538	592	630	473	643	371
561000	730	533	482	482	562	608	714	679	116	507	561000	444	512	698	675	532	555	712	551	614	397
562000	722	442	509	391	623	534	644	555	94	591	562000	528	415	690	627	619	493	731	478	672	453
563000	802	470	433	443	594	617	581	584	98	599	563000	452	531	675	622	607	506	672	480	550	436
564000	771	500	503	407	569	634	542	546	101	582	564000	474	470	641	611	583	586	585	464	572	450
565000	756	503	491	383	582	628	637	571	114	617	565000	460	482	647	648	528	609	698	449	545	461
566000	823	432	458	401	594	649	530	556	101	623	566000	532	428	649	554	574	533	572	466	559	455
567000	824	507	437	432	587	631	587	543	118	644	567000	498	493	737	591	551	564	634	482	648	494
568000	685	439	503	432	526	647	549	588	106	622	568000	410	506	749	594	527	514	640	463	630	455
569000	764	493	495	427	569	695	621	604	110	699	569000	460	558	678	576	565	599	639	461	699	512
570000	847	511	482	377	733	665	611	565	107	645	570000	502	522	628	624	646	584	566	425	670	495
571000	891	452	460	360	652	643	620	543	114	696	571000	524	521	717	567	607	543	585	480	637	527
572000	717	518	464	343	586	641	625	575	113	567	572000	461	493	635	542	590	537	711	412	625	485
573000	709	514	381	419	571	543	678	587	85	569	573000	403	488	673	592	567	558	811	495	531	504
574000	801	534	449	437	586	598	599	592	99	598	574000	476	512	674	583	627	553	759	512	646	499
575000	812	559	452	410	514	642	641	588	106	696	575000	489	538	682	500	557	515	657	523	660	493
576000	885	509	357	432	600	723	573	546	90	564	576000	478	480	601	550	587	645	722	404	742	418
577000	776	505	426	468	462	649	634	585	89	604	577000	425	513	598	589	466	633	789	418	694	434
578000	861	482	424	414	491	562	664	582	113	531	578000	511	521	598	550	523	512	763	389	711	414
579000	733	546	445	461	620	585	633	480	101	575	579000	450	483	707	670	597	562	708	439	605	435
580000	684	454	381	438	676	619	613	591	71	551	580000	439	494	652	667	643	616	678	438	551	455
581000	786	551	342	393	546	584	571	551	64	549	581000	416	620	594	599	532	527	679	470	544	417
582000	656	571	447	392	626	644	603	545	79	625	582000	395	621	612	572	579	608	702	476	645	435
583000	778	545	445	363	629	562	640	558	75	652	583000	464	554	730	514	589	612	811	466	640	472
584000	684	485	449	430	606	625	610	550	95	602	584000	415	519	625	625	618	587	752	450	595	417
585000	757	532	470	383	586	679	564	577	80	618	585000	413	492	695	490	547	615	742	513	552	411
586000	802	577	457	371	519	662	592	628	96	620	586000	488	618	648	537	520	531	784	466	647	458
587000	764	471	497	439	587	616	579	555	84	637	587000	523	509	721	699	556	587	628	490	590	438
588000	838	490	441	456	571	623	491	535	72	520	588000	500	524	660	682	662	679	679	404	606	441
589000	738	445	469	514	701	574	565	610	78	559	589000	443	561	678	797	705	587	732	436	642	409
590000	852	539	422	476	658	589	534	629	94	678	590000	455	540	671	661	699	570	744	464	612	467
591000	856	511	482	523	596	622	538	600	64	608	591000	495	583	685	626	631	613	683	571	654	470
592000	882	431	442	495	642	607	558	603	82	649	592000	509	462	582	648	668	589	678	587	713	447
593000	736	446	487	539	650	597	521	632	78	640	593000	462	546	658	608	677	583	633	525	603	402
594000	751	505	361	465	684	589	604	620	94	548	594000	434	565	630	659	659	604	718	504	671	408
595000	697	509	431	456	682	610	587	550	105	647	595000	468	544	642	661	692	607	737	486	657	480
596000	713	490	355	482	573	673	689	569	94	639	596000	507	518	561	591	651	569	721	472	684	463
597000	767	413	429	401	623	607	512	623	90	654	597000	501	487	643	618	667	609	737	492	621	493
598000	689	443	384	447	572	629	537	574	89	598	598000	485	573	629	666	620	629	746	509	616	478
599000	706	521	501	390	557	576	436	551	68	575	599000	460	632	674	630	699	499	658	462	567	448
600000	816	597	451	421	582	572	462	603	95	632	600000	514	688	746	641	648	485	697	445	612	452
601000	760	492	461	441	616	561	515	618	63	570	601000	532	634	755	610	709	517	586	499	558	385
602000	687	492	435	423	649	564	479	639	80	654	602000	476	583	646	605	718	555	729	457	574	472
603000	811	531	409	384	687	524	461	643	68	558	603000	522	542	654	572	699	596	704	515	560	448
604000	797	519	366	407	605	523	521	613	56	604	604000	487	614	666	589	585	422	672	518	651	431
605000	849	489	367	415	596	537	499	570	72	561	605000	512	586	672	604	646	512	599	449	680	409
606000	783	519	453	427	588	582	543	612	76	628	606000	461	649	646	588	555	512	772	503	644	472
607000	787	549	479	412	627	566	501	608	62	584	607000	479	612	620	559	650	569	756	420	546	454
608000	713	534	452	387	639	641	529	622	69	537	608000	463	598	681	627	642	531	774	479	516	435
609000	723	479	432	328	670	654	521	773	46	548	609000	466	641	626	529	674	513	682	518	488	412
610000	705	508	423	348	649	655	554	670	53	507	610000	451	656	583	493	660	508	673	544	607	426
611000	739	458	514	453	715	500	569	615	57	637	611000	500	597	637	630	736	419	698	483	651	465
612000	865	512	471	404	591	580	481	539	68	627	612000	528	622	669	602	664	468	679	448	619	479
613000	809	504	448	429	644	602	519	610	72	576	613000	537	645	587	697	618	515	663	518	546	391
614000	842	487	551	398	575	689	520	602	88	594	614000	501	640	702	615	590	512	729	532	516	395
615000	792	487	456	365	608	708	467	681	59	496	615000	467	650	615	580	566	510	694	588	609	395
616000	768	531	477	396	659	694	507	629	68	577	616000	569	641	635	565	672	512	688	508	667	403
617000	771	507	470	419	634	644	512	595	72	616	617000	519	603	735	545	632	537	845	471	626	363
618000	792	547	545	387	613	594	442	631	74	589	618000	456	603	808	523	608	470	647	472	697	420
619000	825	436	455	379	634	655	400	694	72	610	619000	483	527	614	626	622	500	657	532	701	412
620000	747	423	416	365	549	660	531	652	79	511	620000	417	585	600	496	604	576	650	510	711	419
621000	692	532	468	413	712	603	466	569	73	577	621000	442	649	614	540	671	460	631	504	682	377
622000	716	564	456	340	581	628	476	642	53	653	622000	489	676	558	469	578	585	644	584	607	435
623000	831	541	445	375	704	596	534	678	68	597	623000	494	642	631	500	715	541	780	584	542	355
624000	769	487	543	387	752	587	495	661	68	634	624000	510	585	636	492	655	475	682	577	562	412
625000	778	466	522	431	687	567	478	695	65	631	625000	483	600	627	551	668	533	613	612	550	426
626000	835	530	549	425	645	644	535	690	63	668	626000	440	607	641	566	594	474	746	562	563	488
627000	768	533	510	421	676	522	464	741	63	691	627000	450	773	700	644	601	451	675	567	570	467
628000	824	534	600	395	654	610	531	696	81	680	628000	486	692	765	492	730	476	734	552	657	450
629000	856	569	533	433	651	632	513	688	49	661	629000	510	690	669	573	629	535	750	531	574	481
630000	718	481	586	503	667	644	562	681	75	680	630000	472	580	669	636	632	627	847	536	683	444
631000	764	518	499	495	662	629	507	644	74	627	631000	476	751	637	676	695	568	749	503	707	408
632000	818	484	623	398	672	531	607	599	77	572	632000	492	710	721	634	730	507	803	505	601	442
633000	705	531	534	409	745	527	520	640	101	631	633000	469	706	652	674	762	537	718	545	633	377
634000	740	532	513	417	723	517	542	665	78	646	634000	475	634	586	576	709	434	719	509	685	400
635000	755	531	473	465	714	519	576	643	69	641	635000	459	600	590	601	712	499	683	463	585	396
636000	819	505	554	425	650	504	589	701	79	647	636000	478	652	671	700	669	539	774	497	688	450
637000	822	499	544	450	587	571	588	794	99	648	637000	443	661	696	652	619	479	716	545	684	463
638000	796	463	589	471	602	568	662	694	82	592	638000	390	642	742	721	601	516	830	527	630	462
639000	803	561	541	378	658	560	532	643	80	682	639000	453	626	626	645	689	578	654	478	608	464
640000	812	505	611	401	699	511	559	696	63	567	640000	457	632	773	684	718	589	667	491	649	394
641000	760	517	663	452	663	599	530	692	76	497	641000	503	706	787	702	689	593	659	492	637	357
642000	770	449	586	460	600	591	605	687	111	558	642000	469	601	641	584	613	642	700	474	535	513
643000	781	484	511	440	696	551	529	757	95	695	643000	456	690	680	630	629	523	727	611	559	447
644000	844	487	504	403	634	642	611	675	103	660	644000	448	621	619	633	637	565	706	546	588	449
645000	920	503	514	377	716	559	609	771	100	642	645000	559	611	607	688	713	579	710	566	660	446
646000	930	446	510	399	712	667	630	685	81	645	646000	511	493	588	550	733	689	755	543	610	508
647000	823	524	523	378	710	640	659	747	116	691	647000	486	587	681	493	750	548	723	559	674	494
648000	894	542	561	386	741	567	620	639	95	610	648000	486	547	645	542	776	589	781	514	676	395
649000	797	519	551	402	705	538	603	728	79	617	649000	482	652	677	568	776	514	751	560	768	501
650000	739	538	646	385	673	598	493	689	89	721	650000	438	690	605	593	689	591	662	502	689	450
651000	771	496	490	416	724	593	610	773	83	658	651000	455	598	466	705	717	528	671	605	589	457
652000	805	475	477	419	670	483	572	747	81	644	652000	479	564	577	694	695	548	619	581	621	482
653000	817	517	578	344	737	585	582	793	69	667	653000	490	715	618	670	740	560	689	621	520	479
654000	841	510	537	349	693	581	605	673	63	694	654000	503	657	570	702	602	614	677	543	543	445
655000	785	492	548	379	647	594	561	660	94	595	655000	477	615	577	621	754	653	706	540	569	477
656000	759	517	556	418	691	593	579	651	91	604	656000	509	703	670	742	694	626	695	481	671	421
657000	885	416	636	428	732	678	563	705	98	494	657000	491	522	728	695	757	647	665	572	661	370
658000	815	506	588	399	763	612	532	617	103	579	658000	480	668	726	630	803	655	689	539	586	443
659000	760	480	521	430	844	636	523	738	110	576	659000	468	660	683	612	811	557	668	543	681	439
660000	763	486	598	420	701	611	528	627	92	639	660000	516	597	729	702	750	660	730	425	568	481
661000	743	498	609	383	795	623	543	651	100	650	661000	449	627	768	722	750	608	731	539	619	497
662000	712	476	633	389	669	602	622	768	65	634	662000	442	576	654	598	756	619	809	568	519	469
663000	806	500	501	345	804	483	581	701	55	576	663000	462	570	549	547	805	569	701	554	526	432
664000	743	523	513	342	720	586	591	669	100	691	664000	439	646	581	620	690	651	777	545	593	509
665000	737	474	574	374	682	538	501	676	71	723	665000	464	633	730	723	706	570	665	526	623	548
666000	738	638	513	430	697	527	564	713	62	655	666000	474	669	625	687	776	578	688	549	545	556
667000	790	487	593	346	717	456	502	649	57	689	667000	474	590	612	658	725	529	738	513	642	571
668000	875	477	518	373	712	520	570	794	71	724	668000	493	547	573	718	726	529	727	566	626	590
669000	830	518	662	382	674	441	576	729	75	695	669000	490	637	676	760	690	511	796	540	701	559
670000	703	546	493	359	701	493	557	800	48	632	670000	436	622	625	650	798	553	793	650	681	509
671000	811	478	613	381	659	579	581	714	77	644	671000	435	520	677	680	784	598	725	525	708	545
672000	782	461	498	357	677	472	531	663	82	675	672000	422	488	647	759	665	516	664	469	623	560
673000	757	410	537	420	550	475	593	716	74	723	673000	435	604	620	653	660	483	798	492	574	565
674000	757	473	556	377	625	513	549	690	109	733	674000	439	649	681	651	723	665	715	542	635	629
675000	836	485	604	407	698	611	579	736	88	738	675000	439	607	695	684	792	611	683	550	612	619
676000	855	505	559	378	681	608	574	741	77	691	676000	465	641	659	639	714	588	686	518	629	611
677000	852	539	584	398	619	561	566	756	63	744	677000	523	653	702	639	589	602	666	478	664	597
678000	846	471	644	396	674	586	638	734	59	703	678000	481	648	747	643	729	614	696	557	566	531
679000	864	483	612	370	652	658	615	709	81	639	679000	496	647	733	674	744	643	742	528	592	453
680000	761	545	574	337	669	625	608	775	53	703	680000	459	665	622	716	742	632	683	554	629	569
681000	768	544	558	345	647	580	607	694	62	703	681000	419	637	648	778	623	565	765	571	633	599
682000	746	444	555	344	661	632	625	737	83	653	682000	462	588	646	681	705	554	748	559	642	558
683000	840	452	583	372	677	617	607	697	77	691	683000	478	555	740	670	693	552	795	533	685	615
684000	825	494	564	350	589	550	658	758	82	645	684000	544	648	727	769	653	507	738	611	570	517
685000	828	534	445	386	559	471	582	675	65	619	685000	479	631	485	757	596	498	797	565	533	621
686000	733	511	518	426	664	530	576	637	67	542	686000	471	639	592	793	643	570	684	550	538	491
687000	765	549	500	433	667	557	640	591	92	549	687000	483	663	642	811	605	600	725	528	627	443
688000	718	574	596	464	727	518	568	551	79	590	688000	430	658	738	728	755	484	727	434	567	585
689000	780	565	599	450	725	556	595	564	69	499	689000	489	640	695	838	683	569	843	531	545	509
690000	782	529	524	409	671	577	525	601	51	630	690000	448	689	642	732	709	588	776	466	545	606
691000	845	449	540	395	663	601	542	667	75	653	691000	492	627	711	723	687	636	751	508	558	667
692000	831	532	530	369	680	583	542	677	58	664	692000	541	613	655	692	790	571	816	635	644	573
693000	853	558	585	332	696	575	648	679	81	613	693000	536	696	696	630	691	571	843	639	640	593
694000	861	583	545	374	679	570	589	682	60	638	694000	515	632	697	557	756	574	691	564	651	563
695000	830	530	529	337	808	704	641	616	72	603	695000	512	615	707	637	809	702	798	500	762	494
696000	834	515	614	336	781	598	537	633	64	695	696000	486	623	670	680	775	564	730	492	770	600
697000	727	580	578	351	756	625	691	606	62	684	697000	472	700	688	731	847	527	847	496	722	596
698000	804	586	538	362	689	631	616	640	80	661	698000	484	669	616	644	709	621	821	510	751	595
699000	744	583	496	347	630	612	788	727	94	770	699000	502	752	624	599	752	604	890	619	698	638
700000	745	598	518	444	686	553	644	632	86	614	700000	402	621	563	721	725	587	759	615	731	565
701000	764	566	570	373	773	549	705	682	97	625	701000	426	780	740	672	761	547	797	505	710	593
702000	711	527	585	410	653	573	541	639	66	608	702000	493	668	696	715	700	588	776	515	611	503
703000	752	613	494	399	743	675	662	726	74	624	703000	449	684	605	719	807	634	790	580	644	558
704000	845	647	457	441	818	650	718	627	61	531	704000	538	779	607	785	805	635	833	519	724	546
705000	826	603	492	437	705	578	747	655	80	636	705000	548	698	609	732	833	741	810	558	678	492
706000	876	519	491	476	670	636	645	681	57	666	706000	478	681	604	854	721	711	796	509	721	538
707000	805	549	502	439	697	631	670	576	73	713	707000	457	620	558	753	718	681	867	513	583	617
708000	851	591	530	416	739	680	586	703	51	657	708000	544	695	670	671	796	692	682	519	526	626
709000	718	523	494	397	756	546	515	659	54	748	709000	421	590	640	656	769	603	613	439	595	637
710000	732	562	577	376	737	570	535	622	81	680	710000	492	650	644	673	784	578	682	532	720	619
711000	683	573	541	345	699	522	666	683	115	737	711000	442	643	663	640	838	509	796	532	664	628
712000	733	594	563	392	762	597	608	699	73	657	712000	428	696	685	634	738	517	732	547	726	483
713000	781	547	472	363	625	615	611	742	76	690	713000	440	524	602	596	752	559	757	492	624	585
714000	860	605	537	362	747	644	641	724	47	693	714000	576	672	540	657	795	651	761	514	665	585
715000	910	608	583	352	725	603	520	630	61	650	715000	562	631	579	620	775	567	722	532	647	521
716000	848	555	553	393	739	616	608	665	73	659	716000	514	648	661	659	728	518	705	562	627	514
717000	743	564	555	413	687	554	647	643	88	594	717000	459	690	633	654	765	511	786	528	628	518
718000	833	490	522	299	634	595	548	633	92	683	718000	538	656	644	654	693	608	665	575	693	508
719000	760	572	526	345	651	548	627	615	89	647	719000	435	650	622	555	828	492	795	464	615	605
720000	741	590	474	383	664	527	573	718	97	755	720000	508	645	669	641	751	625	783	545	571	623
721000	832	630	536	331	679	538	649	635	96	661	721000	498	772	714	658	673	529	792	535	591	594
722000	933	629	548	313	657	532	594	658	77	683	722000	566	759	750	657	704	534	761	493	640	603
723000	865	519	615	250	697	536	569	594	72	691	723000	531	618	784	583	730	497	789	518	550	645
724000	883	601	539	357	682	492	541	641	69	699	724000	567	637	702	706	782	549	794	492	579	647
725000	791	535	648	346	651	650	566	616	76	671	725000	533	596	748	672	735	608	714	517	640	578
726000	820	625	478	374	677	585	545	699	78	646	726000	498	626	658	761	734	602	760	582	664	622
727000	776	621	533	380	655	495	445	577	82	661	727000	523	728	665	706	700	536	647	498	721	554
728000	889	582	458	318	630	570	489	604	98	714	728000	606	678	654	741	655	515	715	495	605	630
729000	805	600	536	357	737	667	503	662	91	637	729000	500	693	648	688	788	578	750	491	654	551
730000	791	560	622	328	712	595	551	733	98	577	730000	447	625	707	650	755	601	759	615	625	564
731000	771	444	624	311	776	534	523	735	101	548	731000	516	475	703	677	742	572	811	535	621	519
732000	896	428	574	347	754	561	518	619	122	605	732000	573	505	724	635	843	602	771	556	622	579
733000	871	559	555	314	617	544	528	650	113	662	733000	493	637	661	737	714	622	761	532	589	555
734000	791	484	544	314	709	623	499	726	74	663	734000	529	610	691	613	834	624	681	567	474	609
735000	814	485	629	330	718	609	516	719	70	699	735000	469	561	718	696	772	532	639	583	535	584
736000	850	575	482	345	707	584	506	672	59	720	736000	494	670	559	658	795	622	776	568	506	639
737000	863	562	530	385	723	588	461	605	64	666	737000	455	640	705	831	831	491	779	548	515	616
738000	823	623	504	284	659	521	569	578	69	700	738000	465	657	636	581	707	494	828	500	514	648
739000	787	646	513	322	683	561	552	610	90	681	739000	486	681	656	665	778	547	829	540	622	622
740000	785	572	499	267	688	593	503	626	111	707	740000	436	576	654	631	871	599	770	579	666	635
741000	820	531	569	380	655	509	531	691	95	649	741000	464	542	738	648	856	509	788	669	582	527
742000	863	510	524	325	710	584	599	668	89	702	742000	431	529	646	585	839	512	786	615	552	558
743000	781	518	477	318	586	502	553	601	69	718	743000	458	564	652	572	722	464	724	582	564	640
744000	820	587	558	306	629	599	531	570	80	732	744000	414	583	641	590	823	580	770	568	607	664
745000	777	516	557	312	695	602	488	481	81	774	745000	434	602	603	649	789	558	693	474	570	649
746000	838	441	565	275	648	613	553	555	95	647	746000	476	568	600	625	742	569	733	499	657	587
747000	907	573	604	313	741	598	474	576	116	655	747000	541	650	678	617	776	562	633	535	645	641
748000	837	511	582	288	697	609	576	582	89	676	748000	455	577	640	711	774	582	694	512	638	672
749000	811	467	543	352	712	682	488	641	99	533	749000	490	486	632	679	809	709	718	590	639	509
750000	859	488	505	308	670	609	526	641	78	653	750000	426	607	638	659	818	621	762	469	603	580
751000	784	567	491	340	686	624	499	681	101	622	751000	440	587	654	726	773	649	643	527	590	566
752000	879	522	616	320	582	636	474	659	94	609	752000	474	559	664	653	663	604	707	562	696	604
753000	819	617	544	374	695	587	486	556	89	635	753000	431	595	595	677	761	544	680	521	740	636
754000	737	606	546	349	735	520	511	627	95	574	754000	474	542	638	640	787	416	691	541	675	582
755000	831	548	446	276	631	649	511	689	101	659	755000	471	593	579	610	678	555	646	497	744	633
756000	795	501	396	289	680	498	565	638	103	717	756000	507	554	467	713	770	463	707	542	691	650
757000	753	495	454	290	751	554	516	653	110	658	757000	475	587	544	692	845	573	626	566	686	603
758000	759	531	448	307	745	598	560	684	95	520	758000	424	629	581	795	816	573	830	557	714	495
759000	814	630	583	328	708	512	586	706	90	561	759000	453	690	587	697	803	538	808	600	691	537
760000	781	561	545	280	615	568	513	653	85	622	760000	512	643	593	759	738	539	632	519	488	621
761000	793	555	564	349	641	533	600	694	92	612	761000	489	527	678	745	844	492	708	531	664	637
762000	773	541	533	292	637	663	596	718	99	692	762000	512	610	619	656	708	606	731	603	670	653
763000	752	536	618	302	601	583	406	695	58	657	763000	469	604	675	747	658	522	619	549	636	632
764000	819	522	546	330	710	636	533	672	101	594	764000	439	553	619	757	804	497	727	525	740	573
765000	890	495	445	282	719	618	638	749	113	650	765000	468	568	560	741	764	640	773	574	638	692
766000	824	528	500	308	726	593	687	697	92	632	766000	509	591	515	714	810	639	802	566	607	615
767000	870	590	536	331	686	592	555	651	87	670	767000	529	622	550	716	754	635	716	588	636	684
768000	831	511	595	279	811	587	572	656	88	692	768000	490	584	754	684	804	570	668	570	690	675
769000	883	578	598	261	736	543	601	654	97	705	769000	517	607	702	655	734	535	795	556	703	634
770000	854	564	572	320	785	536	623	645	98	640	770000	542	687	646	794	773	527	763	479	657	663
771000	879	510	567	321	769	604	641	700	101	567	771000	526	583	636	728	786	568	767	438	714	577
772000	837	472	589	299	730	567	585	641	114	623	772000	485	524	667	764	750	557	719	460	704	610
773000	919	516	622	304	711	569	626	657	97	608	773000	527	540	611	755	744	465	822	491	622	583
774000	914	505	716	331	734	544	610	607	98	562	774000	469	592	733	790	805	483	739	522	644	626
775000	866	618	563	285	762	612	657	621	115	699	775000	493	666	667	695	806	560	763	550	733	639
776000	784	592	600	317	771	502	657	578	122	621	776000	460	757	708	677	774	473	750	392	640	586
777000	847	592	581	280	669	511	604	525	95	694	777000	467	684	648	628	719	467	765	404	651	649
778000	805	534	591	290	712	582	630	700	80	579	778000	460	589	672	700	804	531	720	494	690	554
779000	903	494	608	298	630	451	581	725	94	642	779000	527	615	683	676	833	466	753	527	709	550
780000	879	522	595	335	601	507	651	742	108	616	780000	516	590	648	716	782	532	733	537	650	546
781000	850	472	540	270	681	554	642	682	89	615	781000	513	525	648	679	783	483	731	522	632	526
782000	852	555	606	263	721	514	633	692	87	650	782000	507	601	661	744	800	501	773	485	725	634
783000	884	521	532	279	755	560	634	672	94	567	783000	475	606	658	610	913	512	780	519	633	642
784000	712	506	606	273	767	585	668	640	103	643	784000	406	558	636	626	775	548	850	509	680	581
785000	797	479	637	299	742	556	569	654	134	634	785000	464	595	742	599	805	543	715	503	686	662
786000	766	507	692	295	695	592	606	679	119	688	786000	493	600	781	693	761	557	838	534	714	679
787000	830	460	599	277	646	537	588	662	141	683	787000	476	563	668	703	707	481	815	523	682	710
788000	788	534	648	241	703	557	647	675	135	664	788000	430	599	612	739	763	529	805	538	715	606
789000	885	526	576	322	743	545	613	641	105	564	789000	514	652	708	776	863	510	761	573	803	572
790000	831	564	550	338	718	551	611	638	88	589	790000	524	666	591	788	852	526	778	501	741	554
791000	818	554	579	283	645	604	687	717	101	664	791000	490	667	604	746	757	515	796	531	711	614
792000	849	528	642	227	703	565	661	759	124	618	792000	449	658	674	710	744	500	812	551	637	609
793000	808	509	610	233	656	679	652	737	118	642	793000	474	608	694	684	755	651	765	560	750	706
794000	929	508	551	259	586	614	532	678	92	704	794000	492	676	687	567	735	547	708	555	705	698
795000	778	539	525	306	703	584	634	689	94	657	795000	488	621	622	736	728	574	804	563	705	655
796000	808	476	548	281	718	623	590	669	97	679	796000	469	634	654	700	804	569	694	459	706	652
797000	761	493	619	264	814	686	627	686	101	577	797000	445	667	652	690	792	621	681	529	716	546
798000	808	481	587	304	811	597	529	721	102	553	798000	464	631	675	685	868	555	723	517	799	472
799000	869	508	644	223	734	715	639	738	96	542	799000	493	649	722	680	833	611	702	541	639	555
800000	880	589	587	300	737	734	635	676	124	549	800000	479	722	639	665	786	581	841	500	703	547
801000	759	527	634	304	711	681	601	708	111	567	801000	523	667	582	763	710	587	764	530	608	609
802000	797	531	615	368	784	607	580	714	99	635	802000	450	652	640	755	784	541	733	604	677	681
803000	827	521	573	327	785	672	494	780	115	679	803000	480	652	736	736	793	455	675	623	708	697
804000	877	537	576	361	794	709	540	678	132	594	804000	500	651	735	735	808	517	725	530	712	711
805000	853	473	603	310	701	657	571	682	132	693	805000	481	622	628	726	820	519	651	547	807	698
806000	857	546	669	301	817	702	669	706	138	751	806000	478	624	760	714	873	602	688	482	794	691
807000	740	531	577	361	796	638	584	747	134	678	807000	447	666	637	762	838	515	737	543	711	687
808000	831	544	539	328	778	741	553	677	121	638	808000	467	655	712	721	758	586	698	509	717	626
809000	812	507	573	335	746	679	518	779	165	548	809000	503	581	634	791	689	552	756	540	737	633
810000	752	495	570	320	686	755	535	658	144	509	810000	447	610	660	798	740	589	684	507	702	580
811000	836	643	564	326	624	738	592	558	154	540	811000	508	732	702	788	688	660	728	415	749	614
812000	851	557	561	326	724	748	578	547	147	683	812000	505	679	658	710	813	628	666	474	772	680
813000	883	543	612	325	792	794	534	564	155	701	813000	559	637	688	735	831	575	725	481	765	708
814000	889	533	631	260	719	779	637	647	134	719	814000	491	618	709	711	796	599	674	521	770	792
815000	873	525	607	282	728	697	516	693	119	623	815000	464	622	767	690	818	560	580	476	736	716
816000	849	585	607	344	673	751	618	715	136	513	816000	435	630	623	808	749	609	812	554	651	521
817000	867	605	675	334	702	667	623	671	110	535	817000	486	691	720	703	779	465	691	509	688	552
818000	887	637	653	306	715	552	592	678	107	534	818000	475	687	717	807	808	495	657	499	712	604
819000	895	559	609	299	805	615	579	739	99	595	819000	462	627	735	727	862	596	646	479	728	619
820000	902	660	614	280	785	643	535	615	106	625	820000	483	668	599	677	787	556	657	494	794	653
821000	875	483	602	295	763	621	601	662	96	641	821000	421	530	647	707	867	525	725	507	670	674
822000	845	549	539	284	701	589	612	706	136	498	822000	423	651	628	645	779	516	727	534	807	521
823000	714	558	589	275	684	700	546	748	118	562	823000	404	640	678	755	667	533	645	595	671	628
824000	851	643	594	322	763	692	606	754	120	618	824000	393	677	692	773	827	542	681	534	674	622
825000	802	582	640	319	698	652	643	729	118	550	825000	411	569	734	740	730	524	671	525	637	666
826000	809	575	548	301	701	653	664	659	92	587	826000	378	685	621	810	724	617	712	527	617	637
827000	812	594	580	256	748	608	688	635	134	583	827000	481	620	639	735	704	445	669	413	573	603
828000	798	524	535	246	738	653	635	670	140	525	828000	458	671	648	710	801	509	615	451	670	603
829000	661	578	563	230	696	748	682	659	138	649	829000	381	723	681	787	730	591	694	530	594	693
830000	869	665	625	246	694	652	785	668	133	604	830000	449	689	655	804	688	569	740	449	752	637
831000	896	543	642	224	669	623	731	734	93	672	831000	465	660	668	806	707	557	756	505	677	696
832000	931	544	647	277	757	672	627	694	102	628	832000	461	632	697	817	796	539	795	488	706	606
833000	822	608	654	251	685	665	772	718	136	564	833000	466	709	677	742	749	486	766	490	711	627
834000	862	570	575	268	695	633	731	615	156	614	834000	473	713	695	797	656	541	696	462	666	681
835000	878	633	621	278	769	587	697	725	185	649	835000	505	722	637	748	817	508	814	502	747	627
836000	846	601	625	280	808	665	646	713	141	590	836000	508	685	601	683	806	502	750	494	733	642
837000	840	651	604	308	752	672	635	677	154	592	837000	433	684	645	694	770	489	684	493	720	715
838000	849	615	567	338	580	739	688	617	150	665	838000	411	645	627	741	704	604	757	478	827	722
839000	799	680	613	283	746	749	713	648	147	627	839000	384	726	684	785	778	594	784	551	682	686
840000	776	590	700	301	776	599	690	761	135	596	840000	428	679	712	748	785	515	725	570	725	670
841000	819	616	615	326	653	691	708	734	141	667	841000	399	666	709	817	723	543	684	506	777	659
842000	916	562	609	335	626	617	746	716	136	639	842000	423	646	699	782	664	535	750	559	763	718
843000	832	608	660	251	734	650	707	712	140	672	843000	433	706	709	741	752	492	758	533	745	695
844000	805	618	607	255	705	619	606	656	151	562	844000	394	697	729	760	747	496	688	488	734	626
845000	821	608	648	199	701	672	597	719	170	615	845000	353	681	672	732	778	517	624	485	639	697
846000	847	549	656	253	743	657	626	719	149	682	846000	446	668	755	722	808	552	675	512	699	760
847000	666	544	607	274	749	670	746	726	154	683	847000	401	583	658	825	797	487	799	520	681	787
848000	801	572	665	288	724	647	724	678	139	689	848000	391	598	673	694	822	520	856	580	676	645
849000	805	564	617	282	753	658	760	669	123	686	849000	451	685	609	699	801	575	781	524	682	683
850000	815	586	606	286	712	655	790	678	153	648	850000	428	641	611	675	757	464	789	524	703	675
851000	803	565	656	290	745	659	674	722	129	738	851000	424	668	671	679	849	504	822	549	661	740
852000	953	639	630	254	693	714	661	676	135	727	852000	467	684	738	711	711	467	733	559	613	725
853000	985	568	676	318	662	705	673	709	121	736	853000	485	710	701	738	713	515	707	629	566	736
854000	923	552	612	321	689	713	656	690	130	730	854000	489	624	715	696	803	543	685	514	680	798
855000	879	540	587	310	777	702	661	744	146	645	855000	439	600	669	674	856	538	712	519	685	687
856000	866	467	531	285	765	681	646	701	142	773	856000	497	613	667	797	835	528	673	502	724	744
857000	925	549	578	295	826	760	642	693	150	677	857000	469	602	665	742	886	499	672	490	691	706
858000	836	608	655	271	776	724	595	698	149	671	858000	426	657	699	662	852	558	675	484	642	681
859000	854	594	627	261	804	691	618	706	139	647	859000	427	704	648	696	878	529	691	483	657	696
860000	768	586	627	279	740	816	723	700	136	612	860000	460	702	744	694	827	608	706	514	717	668
861000	833	656	615	288	753	651	659	699	117	669	861000	488	720	744	747	779	601	694	451	595	743
862000	925	609	583	319	687	624	738	728	143	613	862000	547	639	756	735	703	561	765	459	737	645
863000	924	620	600	299	717	700	741	664	103	642	863000	507	726	691	729	796	562	744	445	702	681
864000	868	628	667	265	623	741	749	654	149	738	864000	486	695	760	754	748	630	758	533	594	736
865000	866	541	617	288	707	727	694	754	135	688	865000	518	639	648	751	740	584	737	599	736	706
866000	831	550	679	265	734	761	795	773	119	677	866000	493	657	745	688	725	647	792	562	743	767
867000	816	484	658	228	649	695	775	704	150	677	867000	512	649	677	816	740	524	729	616	732	760
868000	884	560	551	253	650	692	758	738	97	665	868000	471	672	653	742	778	523	707	572	653	721
869000	821	549	585	250	675	604	709	804	126	639	869000	504	617	697	795	748	473	686	583	695	726
870000	926	549	622	284	718	632	806	737	123	655	870000	577	617	725	828	733	573	737	500	630	758
871000	941	597	665	276	725	688	718	701	131	706	871000	526	639	727	719	740	601	688	518	601	752
872000	935	610	652	289	676	620	743	763	140	656	872000	547	714	668	744	763	514	834	514	636	703
873000	847	601	644	249	689	613	694	812	152	701	873000	479	699	729	658	787	461	789	519	694	777
874000	897	549	629	284	701	690	714	771	101	634	874000	509	657	614	668	742	566	797	475	685	781
875000	962	493	653	281	626	667	744	743	145	777	875000	528	624	699	648	689	543	749	601	720	773
876000	791	547	584	302	651	626	712	665	135	685	876000	482	560	647	674	739	524	750	592	833	771
877000	850	524	533	295	782	668	640	754	119	725	877000	456	566	638	712	782	610	720	534	784	752
878000	842	587	599	298	719	784	714	691	115	671	878000	480	710	684	739	789	617	707	545	766	679
879000	803	605	648	313	594	698	664	707	108	693	879000	439	738	684	720	720	550	663	527	740	712
880000	816	580	650	332	711	773	620	752	133	644	880000	434	653	600	696	857	648	675	564	736	683
881000	968	579	672	316	778	687	706	843	119	611	881000	501	615	721	647	830	547	694	562	676	690
882000	933	492	632	342	731	648	662	628	112	622	882000	476	634	689	688	791	526	665	462	766	695
883000	864	505	649	320	593	662	609	721	100	584	883000	518	600	656	744	800	568	697	526	813	675
884000	864	553	643	310	664	665	722	734	114	676	884000	534	600	732	808	740	516	738	522	759	758
885000	888	523	681	304	685	681	711	730	100	743	885000	513	649	762	754	670	549	666	571	774	823
886000	869	640	714	288	665	672	700	741	124	744	886000	508	715	784	771	670	547	620	656	743	714
887000	864	552	655	299	732	629	756	814	130	680	887000	499	620	713	657	804	531	748	587	692	804
888000	822	554	599	311	740	755	738	737	142	610	888000	521	646	661	706	849	652	738	613	638	766
889000	888	548	658	266	682	720	706	816	145	608	889000	526	652	721	681	780	593	711	648	751	768
890000	931	566	567	279	760	687	670	735	138	618	890000	508	590	631	705	805	528	635	567	797	655
891000	900	578	670	313	798	659	757	631	137	565	891000	518	613	709	702	796	585	755	534	762	677
892000	851	634	618	359	758	721	734	715	114	667	892000	495	685	738	734	790	591	758	494	681	734
893000	822	586	673	324	734	639	645	738	116	678	893000	529	597	731	671	786	548	600	560	649	777
894000	885	499	690	350	775	697	734	686	106	714	894000	529	503	673	747	788	539	638	557	687	746
895000	818	494	619	313	663	802	690	714	110	619	895000	492	571	681	708	799	553	657	605	696	748
896000	887	581	599	310	716	738	664	803	84	660	896000	489	638	630	730	716	642	713	581	692	743
897000	936	565	636	300	692	674	709	769	82	694	897000	476	721	650	702	777	599	676	578	656	736
898000	864	578	626	313	734	739	713	799	99	631	898000	500	706	704	718	873	614	687	635	677	628
899000	821	646	709	358	748	712	632	695	111	767	899000	507	668	712	694	730	595	700	572	712	769
900000	848	578	697	316	717	713	697	804	141	717	900000	528	744	781	778	787	618	665	631	684	829
901000	866	501	665	305	681	721	668	759	112	746	901000	509	589	714	751	782	612	669	606	746	723
902000	893	598	641	296	697	641	720	768	129	716	902000	481	607	663	792	817	541	698	499	702	752
903000	800	552	623	306	702	731	663	799	123	696	903000	505	674	682	739	802	573	738	564	727	635
904000	900	581	747	322	751	675	696	713	109	752	904000	540	710	706	861	865	634	689	537	680	712
905000	915	611	646	360	770	652	666	780	121	692	905000	544	691	652	812	921	529	644	593	719	753
906000	887	603	630	350	746	697	678	681	125	680	906000	580	660	602	782	838	599	618	587	796	748
907000	858	609	703	330	751	709	693	717	129	712	907000	497	740	668	779	817	583	678	524	762	710
908000	938	590	667	273	795	693	652	764	109	621	908000	504	737	668	745	818	599	679	569	810	734
909000	827	602	616	284	785	592	725	722	111	686	909000	510	669	575	676	786	515	710	563	710	705
910000	907	578	641	313	804	664	615	713	126	747	910000	544	727	640	687	799	518	716	562	686	829
911000	848	650	648	305	714	673	744	755	125	683	911000	512	713	621	739	820	552	712	635	788	712
912000	776	601	687	297	700	629	635	709	151	638	912000	490	644	651	746	761	476	604	610	648	681
913000	722	573	736	399	744	554	639	741	120	610	913000	431	688	614	749	827	512	689	618	666	684
914000	888	541	664	358	681	597	653	724	99	628	914000	452	651	616	805	937	446	667	502	687	695
915000	868	541	706	326	701	642	695	659	123	649	915000	516	660	675	751	805	471	686	559	647	743
916000	908	547	690	316	654	580	557	708	128	723	916000	577	596	686	645	685	590	586	519	828	841
917000	873	589	670	338	740	606	693	801	133	704	917000	565	623	577	689	738	565	661	633	788	754
918000	905	650	621	372	694	629	605	803	137	704	918000	544	687	549	744	827	612	631	630	658	795
919000	903	569	615	337	665	715	601	758	117	762	919000	485	716	618	590	861	616	673	547	665	736
920000	711	639	696	354	693	644	662	744	122	646	920000	490	698	676	728	841	594	656	605	606	612
921000	894	587	831	377	711	662	666	763	112	733	921000	497	653	719	853	785	636	651	621	617	706
922000	797	624	700	382	742	661	635	744	93	737	922000	501	730	657	829	836	647	663	638	664	766
923000	829	580	702	368	627	629	649	767	139	709	923000	451	683	665	686	738	675	668	683	643	711
924000	928	641	615	413	729	579	710	703	125	592	924000	533	641	571	802	812	551	711	605	748	665
925000	880	664	636	380	655	536	725	734	115	652	925000	526	690	635	743	795	547	742	625	721	717
926000	871	600	680	411	767	559	691	806	120	713	926000	599	626	642	764	828	525	683	597	674	724
927000	824	589	703	347	683	562	723	619	108	690	927000	442	706	635	699	803	553	679	560	635	706
928000	823	555	650	366	719	498	647	635	97	686	928000	505	657	643	737	914	513	657	556	659	713
929000	858	656	602	383	677	525	657	645	101	702	929000	510	702	598	814	733	522	702	585	642	653
930000	847	545	718	348	753	604	666	621	127	684	930000	507	634	701	770	806	648	642	517	549	653
931000	931	548	730	371	807	624	695	583	125	682	931000	458	659	673	741	782	641	707	581	690	750
932000	826	593	729	391	841	518	629	735	116	726	932000	494	679	621	773	833	503	653	668	566	718
933000	880	576	830	360	723	604	706	634	131	700	933000	538	739	698	798	838	597	652	572	600	739
934000	818	604	770	324	725	648	642	777	129	672	934000	561	607	590	780	856	602	519	609	607	720
935000	984	561	728	304	684	565	704	748	101	650	935000	572	645	684	737	812	564	627	736	581	605
936000	927	520	731	364	710	653	705	683	101	629	936000	544	674	671	692	812	605	642	571	617	682
937000	943	579	782	364	749	625	719	675	125	581	937000	520	694	670	753	857	641	697	544	621	698
938000	891	608	720	346	843	627	630	640	121	656	938000	597	687	705	780	883	588	703	514	677	594
939000	884	605	842	314	795	560	718	674	119	632	939000	541	762	685	734	823	526	706	566	663	673
940000	890	535	830	303	740	598	677	656	117	726	940000	552	725	715	707	812	522	697	484	684	684
941000	860	568	770	323	664	506	710	683	121	712	941000	535	659	678	750	758	430	706	623	783	688
942000	891	599	724	326	754	620	707	728	133	708	942000	571	721	658	799	847	554	692	603	692	621
943000	868	527	756	295	780	600	698	680	120	582	943000	504	594	636	727	804	605	621	573	694	641
944000	1005	525	726	296	743	619	674	648	121	652	944000	581	622	595	709	790	678	658	597	617	673
945000	842	500	676	351	781	533	641	747	92	621	945000	555	668	588	791	821	539	691	610	619	655
946000	875	507	657	352	725	548	667	746	78	740	946000	529	669	536	768	721	588	672	540	601	742
947000	858	406	669	379	745	616	651	796	86	709	947000	512	589	570	827	781	618	659	547	600	718
948000	891	516	768	387	658	657	673	732	118	706	948000	578	705	662	839	712	660	673	601	646	710
949000	845	500	803	418	715	657	689	641	88	675	949000	505	608	710	809	748	760	627	566	633	706
950000	865	499	687	376	665	661	703	598	90	691	950000	566	590	609	780	782	702	583	501	694	739
951000	846	473	786	372	682	618	799	622	102	663	951000	593	672	669	791	840	634	639	503	717	659
952000	922	578	746	423	700	592	701	676	98	607	952000	555	696	614	794	850	645	628	530	660	677
953000	819	521	746	456	740	560	743	712	116	671	953000	527	641	729	789	820	678	728	557	671	701
954000	833	515	676	412	719	602	777	674	137	620	954000	524	629	619	813	775	637	718	525	663	579
955000	914	536	712	391	668	561	743	689	119	589	955000	562	628	583	822	823	654	643	523	683	632
956000	896	531	618	417	653	601	744	797	104	633	956000	601	574	541	655	828	687	743	628	741	650
957000	807	539	777	380	645	575	702	731	103	656	957000	542	591	598	675	820	650	707	622	647	669
958000	900	534	710	367	712	527	773	682	99	636	958000	582	689	630	745	816	702	729	566	693	692
959000	781	529	794	368	655	547	728	739	110	651	959000	508	679	700	737	792	672	712	570	597	661
960000	925	522	735	359	680	647	714	732	99	689	960000	589	688	602	693	817	761	686	593	723	663
961000	872	494	738	442	718	658	684	734	81	656	961000	650	584	706	725	903	642	661	566	627	666
962000	842	456	789	376	596	582	746	628	84	571	962000	588	573	699	675	774	624	702	581	656	616
963000	934	577	869	377	633	472	636	662	89	601	963000	586	735	712	766	789	612	718	570	679	674
964000	914	482	752	386	702	571	780	763	88	593	964000	670	701	627	799	786	620	762	669	688	652
965000	901	534	798	366	740	529	840	824	94	577	965000	568	643	696	734	806	623	783	665	633	630
966000	925	490	802	388	702	536	721	880	98	680	966000	593	650	677	798	835	659	704	756	704	699
967000	811	557	820	360	702	557	821	703	106	557	967000	553	652	646	749	848	636	734	545	782	724
968000	939	477	707	406	699	555	828	715	94	699	968000	599	499	621	747	757	618	775	547	710	701
969000	836	515	721	403	769	503	733	757	98	657	969000	596	620	586	844	803	768	673	575	763	674
970000	867	591	751	398	670	524	776	763	97	679	970000	569	604	622	799	798	757	708	631	766	756
971000	778	531	800	405	772	584	837	793	99	716	971000	525	674	681	755	842	760	749	625	697	701
972000	776	536	659	402	679	556	705	711	99	702	972000	509	600	575	771	758	732	704	563	736	658
973000	822	572	854	368	755	629	662	742	124	626	973000	516	674	693	802	880	759	603	613	719	664
974000	837	649	702	376	690	548	648	651	159	720	974000	585	665	684	838	742	705	636	500	820	665
975000	796	578	848	397	682	631	642	736	152	690	975000	542	662	689	734	762	754	696	602	690	716
976000	890	459	811	454	675	617	806	778	139	679	976000	654	622	723	792	784	707	757	636	672	715
977000	880	531	797	424	681	559	637	746	137	634	977000	553	528	726	794	754	678	611	578	677	728
978000	835	517	676	392	797	560	771	709	142	673	978000	553	585	604	746	921	664	767	567	693	766
979000	861	699	718	375	776	553	788	780	118	705	979000	548	743	711	646	899	639	780	689	617	701
980000	818	563	736	427	707	512	844	637	120	632	980000	551	628	725	766	746	702	766	594	606	679
981000	774	448	716	403	762	607	846	743	133	697	981000	579	519	644	735	900	802	771	575	705	621
982000	879	549	868	328	668	558	785	729	138	597	982000	638	660	737	724	839	625	756	572	732	687
983000	896	575	763	406	653	587	887	714	118	680	983000	594	642	710	707	745	669	765	573	714	689
984000	905	612	877	375	617	479	800	762	149	603	984000	654	719	776	844	737	628	746	509	727	663
985000	694	589	830	336	747	539	807	768	114	591	985000	483	777	824	678	789	605	706	581	721	609
986000	778	670	755	365	732	623	806	772	149	707	986000	537	771	711	760	776	624	676	612	673	708
987000	848	623	835	407	658	642	793	672	129	779	987000	593	716	744	734	888	603	778	552	696	733
988000	877	645	828	468	695	625	813	711	100	664	988000	571	753	749	791	775	775	787	564	688	657
989000	750	531	770	443	696	519	809	780	108	615	989000	664	613	662	795	814	642	764	572	736	620
990000	926	559	749	458	661	504	779	749	102	648	990000	679	672	660	839	843	671	716	492	789	738
991000	875	542	798	518	650	615	768	742	131	641	991000	655	625	655	813	827	663	662	551	804	699
992000	849	520	774	423	706	603	749	764	114	616	992000	722	608	690	758	778	657	698	605	787	740
993000	718	587	750	402	691	605	745	700	103	568	993000	636	687	641	647	739	649	706	520	691	742
994000	716	566	771	485	592	546	791	670	97	584	994000	583	598	775	859	700	661	773	485	692	780
995000	858	511	857	437	624	641	778	722	100	543	995000	664	610	734	809	742	708	751	529	759	740
996000	818	480	973	392	632	522	805	691	103	529	996000	655	557	796	675	753	616	680	546	723	714
997000	871	496	838	437	760	541	756	738	109	585	997000	669	540	706	810	818	653	672	585	769	703
998000	900	559	847	419	623	572	794	710	116	569	998000	664	552	714	796	717	710	757	522	763	698
999000	780	544	876	334	737	596	854	681	139	648	999000	626	543	743	815	757	635	796	602	819	853
1000000	2	1	1	0	1	0	0	1	0	0	1000000	0	0	0	0	0	2	0	0	1	1
