0 0.633333 0.450000 0.483871 0.400000 0.565217 0.500000 0.560000 0.640000 0.555556 0.611111 
1000 0.375000 0.476190 0.666667 1.000000 0.800000 0.600000 0.400000 0.545455 0.666667 0.666667 
2000 0.750000 0.739130 0.500000 0.000000 0.500000 0.375000 0.625000 0.333333 0.000000 0.333333 
3000 0.666667 0.500000 0.666667 0.000000 1.000000 0.666667 1.000000 0.000000 0.500000 0.166667 
4000 0.000000 0.640000 0.285714 0.666667 0.500000 0.500000 1.000000 0.250000 0.625000 0.222222 
5000 0.250000 0.516129 0.000000 0.400000 0.500000 0.625000 0.750000 0.000000 0.875000 0.333333 
6000 0.666667 0.696970 0.250000 0.333333 0.000000 0.437500 0.720000 0.000000 0.833333 0.555556 
7000 0.750000 0.529412 0.000000 0.571429 0.500000 0.500000 0.500000 0.000000 0.833333 0.500000 
8000 0.222222 0.678571 0.000000 0.714286 0.625000 0.461538 0.300000 1.000000 0.631579 0.200000 
9000 0.666667 0.500000 0.000000 0.000000 0.600000 0.380952 0.782609 0.666667 0.500000 0.238095 
10000 0.900000 0.520000 0.000000 0.000000 0.500000 0.578947 0.476190 0.833333 0.000000 0.806452 
11000 0.000000 0.666667 0.000000 0.000000 0.500000 0.250000 0.214286 0.500000 0.222222 0.625000 
12000 0.500000 0.500000 0.411765 0.555556 1.000000 0.480000 0.437500 0.250000 0.388889 0.200000 
13000 0.000000 0.411765 0.000000 0.400000 0.000000 0.571429 0.400000 0.285714 0.000000 0.454545 
14000 0.636364 0.440000 0.500000 0.384615 0.333333 0.379310 0.750000 0.529412 0.125000 0.666667 
15000 0.592593 0.454545 0.714286 0.666667 0.750000 0.105263 0.470588 0.500000 0.400000 0.500000 
16000 0.571429 0.631579 0.333333 0.500000 0.000000 0.457143 0.586207 0.476190 0.428571 0.000000 
17000 0.791667 0.448276 0.000000 0.333333 0.666667 0.487805 0.461538 0.923077 0.357143 0.500000 
18000 0.714286 0.700000 0.333333 0.000000 0.444444 0.365854 0.400000 0.500000 0.500000 0.000000 
19000 0.464286 0.800000 0.352941 0.142857 0.400000 0.357143 0.833333 0.500000 0.535714 0.700000 
20000 0.527273 0.693548 0.631579 0.555556 0.545455 0.666667 0.666667 0.518519 0.074074 0.266667 
21000 0.769231 0.598131 0.516129 0.583333 0.666667 0.444444 0.800000 0.760000 0.346154 0.600000 
22000 0.719298 0.557895 0.550000 0.333333 0.500000 0.368421 0.285714 0.700000 0.322917 0.428571 
23000 0.636364 0.533333 0.491525 0.642857 1.000000 0.173913 0.395349 0.750000 0.222222 0.600000 
24000 0.580645 0.640000 0.533333 0.583333 0.800000 0.457143 0.560000 0.642857 0.235294 0.400000 
25000 0.634146 0.568182 0.454545 0.571429 0.636364 0.388889 0.575758 0.680000 0.257143 0.375000 
26000 0.708333 0.588889 0.682540 1.000000 0.631579 0.413793 0.470588 0.793103 0.256410 0.500000 
27000 0.660714 0.645455 0.472222 0.333333 0.384615 0.391304 0.488372 0.560000 0.240000 0.000000 
28000 0.578125 0.556604 0.304348 0.500000 0.000000 0.588235 0.520000 0.800000 0.150000 1.000000 
29000 0.590164 0.624161 0.619048 0.000000 0.571429 0.592593 0.476190 0.666667 0.391304 0.000000 
30000 0.820896 0.558140 0.793103 0.500000 0.000000 0.500000 0.640000 0.384615 0.461538 0.714286 
31000 0.638095 0.575000 0.396825 0.000000 0.500000 0.487805 0.875000 0.555556 0.096774 0.600000 
32000 0.694444 0.649573 0.520000 0.000000 0.500000 0.425000 0.555556 0.684211 0.148936 0.333333 
33000 0.768116 0.495868 0.538462 1.000000 0.200000 0.314286 0.615385 0.388889 0.156250 0.416667 
34000 0.575000 0.586667 0.617647 0.000000 0.000000 0.461538 0.600000 0.750000 0.333333 0.714286 
35000 0.719512 0.734043 0.200000 0.000000 0.000000 0.333333 0.461538 0.538462 0.176471 0.545455 
36000 0.828947 0.666667 0.769231 1.000000 0.400000 0.166667 0.651163 0.800000 0.225806 0.250000 
37000 0.740741 0.735043 0.466667 1.000000 0.500000 0.370370 0.617021 0.628571 0.246154 0.166667 
38000 0.609756 0.606061 0.428571 0.000000 0.000000 0.423077 0.649123 0.666667 0.245614 0.400000 
39000 0.591304 0.636872 0.384615 0.000000 0.250000 0.320000 0.875000 0.611111 0.205882 0.500000 
40000 0.629630 0.502703 0.200000 0.000000 0.533333 0.444444 0.694444 0.666667 0.068966 0.500000 
41000 0.666667 0.496599 0.562500 0.375000 0.000000 0.529412 0.666667 0.750000 0.193548 0.666667 
42000 0.738095 0.515873 0.375000 0.000000 0.333333 0.642857 0.615385 0.800000 0.129032 0.583333 
43000 0.521127 0.602649 0.500000 0.000000 0.500000 0.538462 0.473684 0.727273 0.057143 0.142857 
44000 0.722222 0.609023 0.500000 0.000000 0.631579 0.666667 0.470588 0.837209 0.200000 0.500000 
45000 0.555556 0.543860 0.869565 0.000000 0.440000 0.357143 0.307692 0.857143 0.200000 0.833333 
46000 0.517857 0.655172 0.592593 0.400000 0.000000 0.363636 0.500000 0.923077 0.318182 0.300000 
47000 0.712963 0.682692 0.272727 1.000000 0.400000 0.386364 0.588235 0.697674 0.230769 0.333333 
48000 0.620000 0.474576 0.444444 1.000000 0.625000 0.321429 0.526316 0.591837 0.250000 0.750000 
49000 0.637500 0.538462 0.515152 0.000000 0.444444 0.445946 0.694915 0.681818 0.227273 0.466667 
50000 0.601504 0.600000 0.450000 0.666667 0.300000 0.350000 0.687500 0.812500 0.243902 0.312500 
51000 0.723926 0.481481 0.387097 0.000000 1.000000 0.428571 0.548387 0.920000 0.200000 0.437500 
52000 0.575000 0.634328 0.522727 0.000000 0.857143 0.233333 0.433333 0.764706 0.315789 0.368421 
53000 0.514620 0.595092 0.468750 0.500000 0.392857 0.367347 0.600000 0.809524 0.133333 0.607143 
54000 0.528846 0.671329 0.684685 0.000000 0.418605 0.372093 0.558442 0.629630 0.129032 0.333333 
55000 0.610000 0.593333 0.571429 1.000000 0.375000 0.392857 0.405797 0.840000 0.115385 0.750000 
56000 0.636015 0.582569 0.321429 1.000000 0.571429 0.295455 0.465517 0.821429 0.147059 0.333333 
57000 0.627706 0.568627 0.344086 0.000000 0.555556 0.372093 0.545455 0.804348 0.111111 0.384615 
58000 0.659574 0.622222 0.387097 0.000000 0.636364 0.253012 0.454545 0.757576 0.246575 0.269231 
59000 0.648889 0.613208 0.297030 0.000000 0.692308 0.333333 0.625000 0.655738 0.090909 0.222222 
60000 0.683871 0.554839 0.307692 1.000000 0.400000 0.354430 0.580645 0.666667 0.228571 0.285714 
61000 0.706070 0.639640 0.507937 0.000000 0.333333 0.393939 0.571429 0.703704 0.200000 0.411765 
62000 0.616197 0.589552 0.443038 0.000000 0.750000 0.269841 0.530612 0.785714 0.116279 0.631579 
63000 0.681159 0.476923 0.300000 0.600000 0.636364 0.333333 0.594203 0.828571 0.243902 0.538462 
64000 0.612426 0.563636 0.319444 1.000000 0.857143 0.438202 0.600000 0.755556 0.265306 0.500000 
65000 0.570000 0.529032 0.324561 0.000000 0.333333 0.353659 0.527778 0.722222 0.358209 0.458333 
66000 0.657371 0.531250 0.500000 0.000000 0.555556 0.351351 0.513514 0.735294 0.349206 0.333333 
67000 0.676991 0.586592 0.411111 0.500000 0.500000 0.327586 0.612903 0.722222 0.088235 0.500000 
68000 0.662921 0.509346 0.263158 1.000000 0.625000 0.326531 0.400000 0.727273 0.142857 0.600000 
69000 0.553191 0.515571 0.232558 0.000000 0.555556 0.418605 0.409091 0.714286 0.135135 0.800000 
70000 0.683486 0.519553 0.405797 1.000000 0.500000 0.380952 0.428571 0.738636 0.128205 0.437500 
71000 0.638393 0.598870 0.508197 0.000000 0.875000 0.580645 0.629630 0.756098 0.208333 0.666667 
72000 0.576471 0.546763 0.490196 1.000000 0.600000 0.414634 0.468085 0.716418 0.083333 0.375000 
73000 0.652174 0.507353 0.304878 1.000000 0.666667 0.480000 0.590909 0.811594 0.181818 0.250000 
74000 0.571429 0.463158 0.319149 0.000000 0.857143 0.428571 0.516484 0.648352 0.047619 0.500000 
75000 0.661355 0.531250 0.444444 0.000000 0.500000 0.428571 0.453488 0.670330 0.241379 0.428571 
76000 0.614525 0.522634 0.260870 0.250000 0.400000 0.409091 0.507576 0.821053 0.156250 0.444444 
77000 0.681818 0.565934 0.344828 0.500000 0.250000 0.466667 0.488372 0.846154 0.222222 0.263158 
78000 0.741667 0.522388 0.202703 1.000000 0.500000 0.287671 0.533333 0.730159 0.043478 0.452381 
79000 0.652720 0.532847 0.348485 0.000000 0.476190 0.452830 0.571429 0.400000 0.137931 0.550000 
80000 0.723214 0.477912 0.200000 0.000000 0.666667 0.383333 0.456790 0.687500 0.114286 0.666667 
81000 0.614458 0.487562 0.228571 1.000000 0.333333 0.476744 0.509804 0.771429 0.291667 0.476190 
82000 0.650655 0.594595 0.409091 0.333333 0.428571 0.519481 0.571429 0.712121 0.250000 0.625000 
83000 0.644599 0.545024 0.250000 0.500000 0.761905 0.660377 0.617647 0.757143 0.111111 0.166667 
84000 0.636364 0.545455 0.327869 0.000000 0.650000 0.563218 0.444444 0.654762 0.148936 0.333333 
85000 0.610895 0.553097 0.400000 1.000000 0.400000 0.615385 0.415584 0.649123 0.250000 0.500000 
86000 0.662890 0.550360 0.355556 0.000000 0.571429 0.460317 0.628866 0.701299 0.206897 0.500000 
87000 0.620795 0.553488 0.230000 1.000000 0.368421 0.541176 0.423077 0.689655 0.192982 0.666667 
88000 0.650407 0.532872 0.138462 0.000000 0.500000 0.582418 0.566667 0.586957 0.150000 0.428571 
89000 0.637037 0.533333 0.186047 1.000000 0.357143 0.568182 0.480769 0.687500 0.263158 0.400000 
90000 0.670635 0.471591 0.122449 1.000000 0.548387 0.619718 0.384058 0.777778 0.064516 0.000000 
91000 0.679537 0.507375 0.107527 0.333333 0.489362 0.561404 0.507042 0.523810 0.266667 0.375000 
92000 0.692623 0.484962 0.143750 0.000000 0.391304 0.639344 0.516779 0.666667 0.500000 0.526316 
93000 0.648352 0.607843 0.147239 0.400000 0.400000 0.541667 0.470149 0.725000 0.187500 0.666667 
94000 0.702703 0.529851 0.183908 0.800000 0.722222 0.625000 0.435644 0.656250 0.142857 0.625000 
95000 0.707101 0.580786 0.242424 0.000000 0.444444 0.605634 0.567376 0.742857 0.000000 0.428571 
96000 0.695015 0.597015 0.179104 0.600000 0.547170 0.457143 0.565217 0.518519 0.076923 0.523810 
97000 0.646199 0.552529 0.122449 0.565217 0.500000 0.454545 0.475655 0.583333 0.222222 0.538462 
98000 0.623306 0.494624 0.186667 0.666667 0.512821 0.560000 0.506849 0.626506 0.176471 0.692308 
99000 0.630923 0.501792 0.100000 0.000000 0.500000 0.461538 0.505576 0.609589 0.111111 0.558824 
100000 0.705167 0.516616 0.111111 0.375000 0.637931 0.531646 0.561404 0.538462 0.263158 0.352941 
101000 0.570175 0.511450 0.120000 0.461538 0.604651 0.373333 0.581769 0.423077 0.170455 0.176471 
102000 0.617647 0.550943 0.071429 0.500000 0.609375 0.565657 0.513189 0.557143 0.323529 0.500000 
103000 0.593284 0.533175 0.068571 0.666667 0.558824 0.400000 0.560647 0.555556 0.178571 0.363636 
104000 0.645022 0.475490 0.120370 1.000000 0.611940 0.607843 0.470817 0.451220 0.195122 0.222222 
105000 0.614148 0.546067 0.216981 0.500000 0.439024 0.384615 0.505085 0.452632 0.363636 0.368421 
106000 0.626943 0.539720 0.178295 0.666667 0.533333 0.411765 0.517084 0.448276 0.312500 0.666667 
107000 0.646465 0.545455 0.176000 1.000000 0.608696 0.320000 0.559889 0.634483 0.307692 0.513514 
108000 0.622449 0.567273 0.160839 0.333333 0.739130 0.341463 0.601023 0.626087 0.054054 0.333333 
109000 0.618812 0.494340 0.150685 0.769231 0.647059 0.387097 0.549451 0.504950 0.212766 0.545455 
110000 0.602871 0.512690 0.200000 0.250000 0.683544 0.500000 0.481663 0.437500 0.093023 0.857143 
111000 0.629310 0.436658 0.129730 1.000000 0.586957 0.289474 0.464286 0.602740 0.142857 0.294118 
112000 0.642991 0.450766 0.135338 1.000000 0.608696 0.387755 0.524123 0.575221 0.193548 0.250000 
113000 0.640449 0.471292 0.181818 0.714286 0.547170 0.388060 0.535181 0.496124 0.125000 0.625000 
114000 0.621399 0.469799 0.181102 0.894737 0.553191 0.468085 0.470163 0.431818 0.060241 0.500000 
115000 0.681208 0.417323 0.195312 0.600000 0.711111 0.405405 0.475248 0.582734 0.160000 0.333333 
116000 0.678063 0.473684 0.198529 0.250000 0.700000 0.400000 0.505128 0.547739 0.207547 0.000000 
117000 0.657709 0.421348 0.181208 0.000000 0.534247 0.400000 0.487455 0.512658 0.204082 0.714286 
118000 0.678733 0.466258 0.135484 0.500000 0.465517 0.409091 0.594521 0.590164 0.255814 0.384615 
119000 0.663462 0.473563 0.205479 0.000000 0.426829 0.344828 0.556373 0.664336 0.326316 0.600000 
120000 0.618380 0.457883 0.236607 1.000000 0.505155 0.418919 0.454365 0.496000 0.250000 0.800000 
121000 0.644128 0.453362 0.231214 0.000000 0.454545 0.581818 0.508411 0.403846 0.145038 0.363636 
122000 0.687382 0.457090 0.275281 0.000000 0.535714 0.394737 0.488095 0.386076 0.181102 0.692308 
123000 0.651633 0.459552 0.169811 0.000000 0.634146 0.306452 0.536199 0.441718 0.188119 0.600000 
124000 0.642424 0.477231 0.201299 0.000000 0.505495 0.296296 0.508806 0.390476 0.208955 0.280000 
125000 0.636957 0.480769 0.123223 0.000000 0.508197 0.451613 0.534602 0.435897 0.220000 0.538462 
126000 0.635112 0.467213 0.168675 0.000000 0.495050 0.323232 0.458453 0.449153 0.338462 0.444444 
127000 0.658537 0.502404 0.313433 0.500000 0.544118 0.340000 0.536155 0.435644 0.228571 0.466667 
128000 0.662500 0.446629 0.203125 1.000000 0.426230 0.469136 0.499051 0.398773 0.278409 0.200000 
129000 0.674256 0.452722 0.165899 0.000000 0.434783 0.347458 0.470113 0.398496 0.309524 0.447368 
130000 0.654281 0.458445 0.204000 0.000000 0.400000 0.447619 0.449367 0.358209 0.244755 0.378378 
131000 0.613913 0.476998 0.294372 0.000000 0.352941 0.477477 0.487332 0.366667 0.213930 0.500000 
132000 0.606061 0.446764 0.271293 0.000000 0.500000 0.450450 0.500840 0.473934 0.107438 0.333333 
133000 0.584307 0.481203 0.263514 1.000000 0.696078 0.583333 0.520677 0.401639 0.165289 0.589744 
134000 0.616145 0.401559 0.247458 0.000000 0.564935 0.378947 0.505051 0.404255 0.132353 0.375000 
135000 0.639922 0.496471 0.273438 0.000000 0.460177 0.561644 0.494662 0.379167 0.121212 0.594595 
136000 0.587037 0.436937 0.286645 0.000000 0.510638 0.609524 0.468045 0.373585 0.064516 0.521739 
137000 0.593388 0.409341 0.304348 0.000000 0.532847 0.460870 0.482456 0.412017 0.183099 0.466667 
138000 0.639515 0.351562 0.278626 1.000000 0.300000 0.430769 0.458491 0.358382 0.128788 0.566667 
139000 0.617822 0.477500 0.307692 0.000000 0.428571 0.461538 0.466775 0.360465 0.129630 0.411765 
140000 0.614350 0.424000 0.257426 0.000000 0.425532 0.395349 0.425499 0.377672 0.125714 0.285714 
141000 0.628659 0.440092 0.287462 0.000000 0.391304 0.423077 0.476190 0.330120 0.116402 0.350000 
142000 0.638535 0.433962 0.350181 0.000000 0.556701 0.311111 0.428571 0.400000 0.131148 0.318182 
143000 0.619469 0.475124 0.317757 0.000000 0.552941 0.373333 0.487627 0.377224 0.155280 0.575758 
144000 0.629630 0.391892 0.290698 0.400000 0.592105 0.409836 0.502967 0.452297 0.145695 0.466667 
145000 0.624041 0.440678 0.264151 0.000000 0.633333 0.394737 0.523538 0.415385 0.091892 0.451613 
146000 0.621324 0.353293 0.314655 0.000000 0.500000 0.335938 0.504121 0.398374 0.077551 0.733333 
147000 0.581345 0.466387 0.247664 0.000000 0.544000 0.513274 0.519298 0.368421 0.092308 0.578947 
148000 0.614396 0.410882 0.245791 0.000000 0.584615 0.420455 0.496283 0.357143 0.106667 0.583333 
149000 0.639269 0.387569 0.282282 0.000000 0.422764 0.503937 0.484694 0.333333 0.084034 0.323529 
150000 0.659459 0.400383 0.203343 0.000000 0.485294 0.437500 0.475871 0.345972 0.090000 0.428571 
151000 0.645283 0.393411 0.254545 0.666667 0.541667 0.466667 0.485714 0.384892 0.166667 0.384615 
152000 0.673160 0.386100 0.280142 1.000000 0.521739 0.421053 0.421488 0.422053 0.166667 0.423077 
153000 0.626609 0.369176 0.204473 0.200000 0.513966 0.579882 0.443421 0.486692 0.121094 0.540541 
154000 0.586207 0.327332 0.281863 0.000000 0.552239 0.424581 0.467073 0.397887 0.076923 0.666667 
155000 0.603129 0.402778 0.273016 0.000000 0.630573 0.540741 0.453408 0.445783 0.100629 0.468750 
156000 0.611570 0.339858 0.275316 0.000000 0.534483 0.483871 0.426449 0.452941 0.066929 0.411765 
157000 0.588402 0.323826 0.264045 0.666667 0.599010 0.392157 0.472452 0.476562 0.064516 0.341463 
158000 0.588889 0.310345 0.261236 0.000000 0.509804 0.517544 0.485666 0.446809 0.101770 0.492063 
159000 0.643059 0.352798 0.316109 0.000000 0.642105 0.525424 0.482759 0.497326 0.101562 0.513158 
160000 0.639344 0.315186 0.222874 0.000000 0.564885 0.437500 0.482456 0.432950 0.101083 0.494624 
161000 0.618943 0.339450 0.230303 0.000000 0.575893 0.597561 0.481481 0.459283 0.163333 0.479452 
162000 0.597315 0.308977 0.297521 0.000000 0.491803 0.559140 0.455490 0.454545 0.147368 0.541667 
163000 0.634586 0.333948 0.268421 0.000000 0.469274 0.559441 0.439640 0.361607 0.138554 0.555556 
164000 0.641026 0.350000 0.336100 0.000000 0.542373 0.609023 0.490780 0.421769 0.096491 0.457447 
165000 0.673858 0.311871 0.267819 0.000000 0.519737 0.553846 0.468481 0.406433 0.089362 0.419355 
166000 0.673077 0.306480 0.297935 0.000000 0.514535 0.558659 0.477051 0.407507 0.082437 0.500000 
167000 0.660436 0.393593 0.332326 0.000000 0.559105 0.461538 0.446729 0.401216 0.084806 0.539326 
168000 0.624813 0.318008 0.248387 0.000000 0.535714 0.524510 0.497738 0.389474 0.068027 0.330189 
169000 0.632027 0.322284 0.305556 0.000000 0.495935 0.481013 0.528634 0.376518 0.118519 0.348214 
170000 0.648475 0.285246 0.289617 0.000000 0.474747 0.450000 0.522124 0.431250 0.133333 0.326733 
171000 0.650510 0.307155 0.323077 0.400000 0.563492 0.430233 0.448649 0.487500 0.099617 0.416058 
172000 0.678378 0.333333 0.292683 0.000000 0.474708 0.516129 0.457483 0.375000 0.131707 0.440678 
173000 0.663146 0.325670 0.356250 0.000000 0.547718 0.490291 0.450237 0.420339 0.120536 0.500000 
174000 0.680371 0.337838 0.308057 0.000000 0.489950 0.381579 0.512397 0.452381 0.095057 0.381818 
175000 0.645399 0.284192 0.265207 0.666667 0.474041 0.466667 0.477941 0.380952 0.059946 0.556962 
176000 0.631717 0.323741 0.323684 0.500000 0.519403 0.473684 0.431851 0.382166 0.085714 0.480315 
177000 0.646075 0.352751 0.326923 0.571429 0.505051 0.428571 0.467433 0.369565 0.109375 0.333333 
178000 0.626087 0.323944 0.325843 0.333333 0.503650 0.375691 0.433036 0.429612 0.086817 0.519481 
179000 0.637956 0.361592 0.270053 0.000000 0.539474 0.412766 0.447368 0.417284 0.120521 0.430769 
180000 0.682519 0.368421 0.283871 0.000000 0.557178 0.392045 0.414307 0.415550 0.131579 0.392405 
181000 0.668892 0.358255 0.344961 0.000000 0.470899 0.476684 0.452744 0.418530 0.136646 0.407407 
182000 0.632896 0.350291 0.281768 1.000000 0.455357 0.426316 0.471471 0.450355 0.109551 0.291971 
183000 0.617992 0.312092 0.261959 0.000000 0.508251 0.335025 0.434650 0.432540 0.075145 0.430693 
184000 0.627497 0.268217 0.333333 0.000000 0.564626 0.397590 0.482866 0.380822 0.090909 0.446429 
185000 0.655388 0.304225 0.301136 0.000000 0.543689 0.277778 0.448276 0.419725 0.111765 0.533333 
186000 0.637097 0.343137 0.293478 0.000000 0.557223 0.386503 0.407547 0.438066 0.132308 0.437984 
187000 0.661290 0.324561 0.284337 0.000000 0.597087 0.333333 0.450847 0.462585 0.105455 0.354582 
188000 0.616943 0.323432 0.247664 0.000000 0.532338 0.370629 0.437500 0.388325 0.119481 0.426540 
189000 0.665087 0.368530 0.318271 0.000000 0.464286 0.312268 0.428152 0.397183 0.093373 0.412903 
190000 0.670330 0.393238 0.328767 0.000000 0.548148 0.314286 0.383639 0.387991 0.085987 0.431579 
191000 0.694779 0.321888 0.272541 0.000000 0.492308 0.363229 0.406360 0.426304 0.069182 0.472527 
192000 0.652123 0.337559 0.370787 0.000000 0.553191 0.368421 0.354712 0.415816 0.126623 0.452555 
193000 0.621981 0.344523 0.342163 0.000000 0.468966 0.277592 0.440000 0.365782 0.126050 0.384615 
194000 0.669388 0.302832 0.355294 0.000000 0.436693 0.285319 0.443719 0.390411 0.095491 0.447130 
195000 0.655076 0.300826 0.421801 0.000000 0.450980 0.348901 0.437590 0.375706 0.085227 0.511013 
196000 0.630027 0.321492 0.457386 0.500000 0.462151 0.325077 0.434911 0.391645 0.086111 0.381148 
197000 0.631001 0.349291 0.406977 0.000000 0.446602 0.254682 0.372781 0.377717 0.153846 0.427984 
198000 0.662760 0.334513 0.338462 0.000000 0.450758 0.312500 0.446559 0.350181 0.132275 0.415771 
199000 0.664151 0.345400 0.358696 0.000000 0.474388 0.415033 0.426540 0.361446 0.128571 0.444444 
200000 0.650146 0.267290 0.468750 0.000000 0.462585 0.417241 0.361111 0.313283 0.140449 0.466667 
201000 0.647832 0.330450 0.377622 0.000000 0.480734 0.310757 0.417758 0.360976 0.151869 0.464646 
202000 0.656077 0.295222 0.404321 0.000000 0.450980 0.320158 0.387608 0.338109 0.113889 0.472727 
203000 0.661954 0.301508 0.397619 0.500000 0.528708 0.324405 0.385542 0.306905 0.110276 0.486339 
204000 0.659060 0.302752 0.392344 0.000000 0.446629 0.273026 0.424745 0.366242 0.107042 0.488722 
205000 0.659394 0.278333 0.392105 0.500000 0.448161 0.296053 0.445840 0.360129 0.120130 0.464407 
206000 0.624868 0.304615 0.424242 0.666667 0.458453 0.322727 0.406120 0.309192 0.141732 0.479218 
207000 0.659420 0.311927 0.475096 0.800000 0.459016 0.284746 0.378307 0.327381 0.130312 0.484058 
208000 0.643664 0.346552 0.464098 0.000000 0.477322 0.298050 0.384720 0.322767 0.132450 0.458213 
209000 0.613801 0.303419 0.439056 0.375000 0.470183 0.316129 0.374378 0.351585 0.065972 0.458462 
210000 0.646845 0.304913 0.412892 0.000000 0.511754 0.350318 0.368276 0.335106 0.102041 0.421196 
211000 0.598997 0.318792 0.426740 0.000000 0.470238 0.421277 0.429825 0.320755 0.100543 0.449735 
212000 0.588915 0.382895 0.489754 1.000000 0.504412 0.321970 0.366286 0.368902 0.133333 0.457865 
213000 0.612557 0.432515 0.494600 0.000000 0.500000 0.358209 0.375160 0.306818 0.103139 0.430730 
214000 0.639300 0.400000 0.434000 0.000000 0.530146 0.278746 0.380729 0.341969 0.129902 0.458432 
215000 0.604895 0.372425 0.458574 1.000000 0.548757 0.366300 0.418519 0.328912 0.108939 0.444126 
216000 0.591463 0.344774 0.419405 0.000000 0.522998 0.383234 0.413986 0.294906 0.173252 0.497283 
217000 0.613445 0.294221 0.438380 0.000000 0.504836 0.341390 0.376574 0.332542 0.114613 0.527221 
218000 0.611628 0.348800 0.420863 0.000000 0.546595 0.239382 0.432401 0.361290 0.129477 0.430804 
219000 0.623498 0.343032 0.401806 0.500000 0.535284 0.322097 0.445898 0.304455 0.130556 0.482500 
220000 0.637795 0.351119 0.468560 0.666667 0.515315 0.350000 0.440994 0.365385 0.121127 0.395631 
221000 0.648212 0.339964 0.423559 0.333333 0.534508 0.308989 0.461707 0.350515 0.112676 0.425076 
222000 0.612613 0.315549 0.337995 0.500000 0.497033 0.363636 0.454221 0.368870 0.129747 0.410000 
223000 0.621053 0.305761 0.376289 0.000000 0.528131 0.390029 0.441032 0.377532 0.138614 0.415888 
224000 0.604326 0.303342 0.424419 0.000000 0.526703 0.361823 0.525478 0.349745 0.132388 0.464481 
225000 0.603614 0.340426 0.382100 0.500000 0.549603 0.361486 0.451009 0.341193 0.133880 0.481818 
226000 0.628788 0.343214 0.400000 1.000000 0.490421 0.385366 0.434302 0.354785 0.156566 0.505747 
227000 0.649783 0.314249 0.387892 0.000000 0.484740 0.370833 0.463268 0.323777 0.154229 0.517028 
228000 0.644986 0.348624 0.397980 0.000000 0.552817 0.393665 0.449657 0.284178 0.157635 0.498195 
229000 0.651729 0.335180 0.416185 0.000000 0.518033 0.374517 0.426410 0.312715 0.108830 0.475921 
230000 0.675272 0.294205 0.439367 0.500000 0.464939 0.413428 0.413233 0.298319 0.156522 0.470219 
231000 0.671498 0.283699 0.424299 0.000000 0.508224 0.382143 0.401920 0.304536 0.127310 0.493377 
232000 0.677313 0.287081 0.438825 0.000000 0.490536 0.371212 0.403206 0.297980 0.123853 0.481481 
233000 0.654731 0.289076 0.419837 0.500000 0.455782 0.379195 0.379747 0.322068 0.126464 0.573066 
234000 0.722013 0.298462 0.372019 1.000000 0.512583 0.369403 0.385886 0.296435 0.127155 0.477143 
235000 0.617450 0.265007 0.466448 1.000000 0.500000 0.385768 0.393548 0.313433 0.149718 0.452778 
236000 0.672059 0.254160 0.420455 0.636364 0.510294 0.367978 0.404040 0.328794 0.147157 0.485411 
237000 0.658416 0.266867 0.460317 0.500000 0.510883 0.411085 0.383704 0.294589 0.139319 0.522678 
238000 0.619858 0.289172 0.445517 0.666667 0.494705 0.371681 0.420438 0.364211 0.117333 0.506250 
239000 0.633242 0.300662 0.428805 0.545455 0.467877 0.391645 0.359084 0.388385 0.121762 0.524237 
240000 0.646059 0.299013 0.449524 1.000000 0.486989 0.334056 0.360870 0.320513 0.151030 0.552577 
241000 0.686630 0.304348 0.443697 0.000000 0.469636 0.359571 0.386807 0.346327 0.116910 0.579853 
242000 0.698492 0.310204 0.423862 0.000000 0.522427 0.342857 0.402685 0.348875 0.112621 0.519722 
243000 0.679137 0.352055 0.419899 1.000000 0.486434 0.340471 0.382675 0.380531 0.109914 0.495601 
244000 0.704791 0.329349 0.413408 0.333333 0.479299 0.402381 0.332927 0.330896 0.110092 0.515152 
245000 0.682692 0.303497 0.374765 0.000000 0.509409 0.373444 0.383736 0.381693 0.111111 0.526807 
246000 0.667634 0.286944 0.467949 0.000000 0.546256 0.333333 0.429379 0.344538 0.128141 0.551899 
247000 0.655229 0.311912 0.440536 0.000000 0.520305 0.316484 0.406623 0.347541 0.108696 0.487047 
248000 0.640693 0.319820 0.454259 0.000000 0.528830 0.363441 0.389764 0.341049 0.092827 0.504739 
249000 0.656115 0.346154 0.423208 1.000000 0.554585 0.336538 0.372503 0.311069 0.084633 0.498728 
250000 0.666172 0.354839 0.421144 0.000000 0.470588 0.335252 0.372479 0.359621 0.100000 0.501650 
251000 0.677037 0.295573 0.466330 0.000000 0.471805 0.324850 0.383266 0.382784 0.165948 0.500000 
252000 0.662921 0.383602 0.450980 0.500000 0.456298 0.385135 0.404792 0.445808 0.153173 0.517483 
253000 0.662319 0.364428 0.431703 0.750000 0.479663 0.354575 0.422705 0.366197 0.125506 0.506122 
254000 0.694316 0.389121 0.384615 0.545455 0.478088 0.398855 0.405063 0.368836 0.141631 0.548319 
255000 0.623902 0.340486 0.521073 0.750000 0.513361 0.383041 0.405882 0.391969 0.162222 0.526559 
256000 0.636494 0.357850 0.511682 0.875000 0.493445 0.337739 0.408638 0.340949 0.158576 0.474006 
257000 0.612710 0.334758 0.492625 0.428571 0.490647 0.385432 0.413069 0.300787 0.179487 0.518519 
258000 0.648230 0.335740 0.457143 0.500000 0.465241 0.380435 0.440774 0.400888 0.169576 0.462857 
259000 0.656620 0.367816 0.403042 0.142857 0.425081 0.344070 0.438788 0.298984 0.178241 0.475728 
260000 0.644498 0.416667 0.457721 0.500000 0.478390 0.350291 0.402778 0.363636 0.144578 0.480000 
261000 0.623288 0.337875 0.449524 1.000000 0.450000 0.365651 0.367232 0.381476 0.111842 0.423077 
262000 0.666229 0.346829 0.436747 0.909091 0.488064 0.332046 0.389581 0.357860 0.127349 0.473088 
263000 0.647583 0.310526 0.451204 1.000000 0.505482 0.339004 0.433962 0.393365 0.153543 0.455108 
264000 0.642145 0.346549 0.427169 0.000000 0.490011 0.334187 0.431931 0.388889 0.154440 0.492754 
265000 0.690616 0.370014 0.384486 0.000000 0.494340 0.377076 0.425636 0.431784 0.125523 0.459259 
266000 0.692000 0.365854 0.385289 0.000000 0.495413 0.333805 0.397948 0.445604 0.149083 0.512658 
267000 0.672437 0.370732 0.373057 0.000000 0.471306 0.365354 0.394243 0.370861 0.112832 0.517685 
268000 0.695915 0.351485 0.388792 0.000000 0.500684 0.377688 0.348397 0.402985 0.127660 0.507331 
269000 0.674515 0.366242 0.413110 0.500000 0.472258 0.329004 0.388375 0.429003 0.155556 0.529833 
270000 0.675577 0.309593 0.417933 0.444444 0.493750 0.367407 0.365408 0.461997 0.104478 0.501119 
271000 0.678300 0.328125 0.368341 0.571429 0.523697 0.319933 0.404299 0.461905 0.119171 0.520305 
272000 0.636364 0.401042 0.363636 0.666667 0.433616 0.355677 0.417894 0.451237 0.096774 0.609023 
273000 0.642950 0.386216 0.382093 0.000000 0.452880 0.335032 0.372727 0.404803 0.104444 0.550532 
274000 0.704989 0.372274 0.382802 0.666667 0.515038 0.374677 0.449275 0.457680 0.123543 0.542857 
275000 0.656716 0.394277 0.370102 1.000000 0.531387 0.407104 0.437284 0.463295 0.130719 0.552063 
276000 0.647619 0.361070 0.390110 0.400000 0.483912 0.366492 0.447402 0.496148 0.116505 0.514403 
277000 0.670306 0.400000 0.384853 1.000000 0.492976 0.345838 0.464330 0.441429 0.133508 0.558712 
278000 0.708920 0.347170 0.383866 0.250000 0.473256 0.331783 0.439573 0.508397 0.166333 0.548270 
279000 0.679545 0.392447 0.419214 1.000000 0.477490 0.349254 0.397606 0.461111 0.127430 0.527778 
280000 0.668546 0.456229 0.388186 0.846154 0.455516 0.349927 0.417863 0.463830 0.135849 0.575916 
281000 0.666213 0.430700 0.398085 0.666667 0.470420 0.306878 0.422125 0.487374 0.136364 0.591973 
282000 0.683258 0.408889 0.398973 0.000000 0.495767 0.357326 0.436409 0.484973 0.163004 0.624762 
283000 0.659459 0.391459 0.406491 1.000000 0.482592 0.350515 0.437900 0.507692 0.125000 0.598000 
284000 0.621739 0.391379 0.398892 0.000000 0.488753 0.347995 0.428230 0.486859 0.201663 0.589796 
285000 0.622366 0.343606 0.416552 1.000000 0.490437 0.301235 0.399293 0.502755 0.126915 0.573529 
286000 0.660031 0.348637 0.419664 0.000000 0.506512 0.334503 0.433779 0.495172 0.152542 0.602151 
287000 0.643052 0.353474 0.391711 0.000000 0.474138 0.359338 0.425210 0.469136 0.147577 0.633333 
288000 0.693510 0.354788 0.394809 1.000000 0.474922 0.344301 0.442217 0.439479 0.128821 0.636929 
289000 0.674630 0.385208 0.443038 1.000000 0.465738 0.321267 0.442697 0.481659 0.151822 0.611789 
290000 0.670695 0.394184 0.387009 1.000000 0.429670 0.327740 0.417476 0.440735 0.119048 0.584973 
291000 0.660693 0.368243 0.391967 0.000000 0.446953 0.334140 0.444584 0.485520 0.141949 0.640625 
292000 0.694647 0.418637 0.394068 1.000000 0.459330 0.333333 0.451613 0.461652 0.144033 0.614679 
293000 0.662514 0.448437 0.419236 0.400000 0.443409 0.306886 0.439024 0.478375 0.183398 0.596330 
294000 0.637149 0.444444 0.413318 1.000000 0.447174 0.338164 0.404894 0.497245 0.158607 0.619134 
295000 0.694784 0.453757 0.452107 1.000000 0.485075 0.357733 0.441704 0.439620 0.176972 0.580078 
296000 0.642776 0.408907 0.406542 0.461538 0.438994 0.359684 0.398427 0.449753 0.159091 0.541818 
297000 0.677320 0.389291 0.436700 0.529412 0.471951 0.349677 0.396624 0.470958 0.171629 0.554487 
298000 0.655378 0.422252 0.432326 0.500000 0.472860 0.370800 0.423873 0.487047 0.133843 0.572193 
299000 0.673626 0.447090 0.411227 0.333333 0.425026 0.365654 0.423497 0.455696 0.161468 0.540107 
300000 0.641189 0.426209 0.408488 0.444444 0.454649 0.367503 0.432298 0.443452 0.128913 0.561303 
301000 0.653891 0.448830 0.423952 0.625000 0.438131 0.350461 0.443337 0.419948 0.118199 0.595142 
302000 0.635076 0.396226 0.427141 0.333333 0.399281 0.389513 0.420839 0.412131 0.153271 0.563319 
303000 0.654589 0.392562 0.382647 0.000000 0.440260 0.387960 0.456587 0.433287 0.121019 0.563433 
304000 0.631811 0.401342 0.410345 0.600000 0.407979 0.379310 0.420000 0.433060 0.142322 0.552204 
305000 0.682889 0.426630 0.381258 0.000000 0.396662 0.367925 0.456278 0.445443 0.127807 0.530120 
306000 0.658796 0.431944 0.370283 0.200000 0.430108 0.363322 0.467026 0.452141 0.165714 0.535658 
307000 0.649177 0.443972 0.390330 0.777778 0.453595 0.379600 0.449095 0.460340 0.164179 0.558935 
308000 0.672362 0.442254 0.399235 0.833333 0.483287 0.340024 0.476079 0.497207 0.145038 0.590832 
309000 0.643810 0.423952 0.398420 0.916667 0.477273 0.373533 0.456568 0.430079 0.155340 0.561728 
310000 0.655300 0.439845 0.349650 0.500000 0.444308 0.409978 0.434736 0.485197 0.175403 0.557875 
311000 0.619753 0.468983 0.365407 0.666667 0.461823 0.388587 0.430013 0.461224 0.137131 0.521415 
312000 0.660825 0.420708 0.390921 0.000000 0.447552 0.370115 0.418655 0.433094 0.149606 0.510242 
313000 0.654909 0.405237 0.400218 0.538462 0.474777 0.355128 0.445931 0.459701 0.128686 0.548860 
314000 0.641170 0.445964 0.400839 0.500000 0.481283 0.362702 0.408879 0.482432 0.171484 0.528642 
315000 0.628289 0.419355 0.395380 0.125000 0.486322 0.382950 0.436219 0.446918 0.170616 0.593997 
316000 0.633929 0.401786 0.422935 0.545455 0.460576 0.394286 0.414347 0.474922 0.153675 0.538217 
317000 0.680286 0.441701 0.397619 0.250000 0.463415 0.380952 0.419059 0.464706 0.192488 0.562857 
318000 0.690377 0.447334 0.412616 0.500000 0.450059 0.408219 0.453714 0.457692 0.145191 0.579545 
319000 0.665896 0.474576 0.395137 0.629630 0.451489 0.441617 0.433168 0.489392 0.123786 0.545910 
320000 0.700212 0.391188 0.410095 0.653846 0.480843 0.402799 0.419393 0.478622 0.187373 0.598240 
321000 0.673759 0.429274 0.412865 0.739130 0.414685 0.411400 0.438639 0.447721 0.155819 0.536412 
322000 0.671362 0.459350 0.402214 0.694915 0.422177 0.409976 0.463830 0.465347 0.184270 0.570724 
323000 0.678899 0.426077 0.414550 0.594595 0.444871 0.396985 0.446254 0.479087 0.181406 0.591873 
324000 0.636686 0.388078 0.385945 0.733333 0.468980 0.371690 0.416374 0.453104 0.179545 0.577812 
325000 0.656463 0.374346 0.394366 0.685714 0.448391 0.356913 0.444444 0.421769 0.142578 0.622848 
326000 0.683041 0.408012 0.405183 0.565217 0.463068 0.338745 0.455621 0.471831 0.164384 0.617994 
327000 0.682984 0.419152 0.406553 0.744681 0.447822 0.354545 0.436937 0.454756 0.201068 0.602963 
328000 0.641293 0.434610 0.424608 0.794872 0.465409 0.381885 0.454839 0.461438 0.177243 0.624138 
329000 0.675147 0.463649 0.448436 0.736842 0.396617 0.383220 0.442413 0.495808 0.164260 0.676259 
330000 0.656090 0.442149 0.420765 0.731343 0.460577 0.374065 0.419325 0.492816 0.194064 0.656198 
331000 0.614973 0.474412 0.419149 0.689655 0.470320 0.394737 0.418388 0.479241 0.160345 0.657331 
332000 0.640306 0.491322 0.437947 0.737705 0.480674 0.428928 0.401901 0.493099 0.160862 0.630159 
333000 0.612999 0.420191 0.434444 0.700787 0.452031 0.377593 0.420052 0.491569 0.172358 0.642857 
334000 0.674967 0.461538 0.446759 0.621359 0.508755 0.408419 0.450450 0.478562 0.154399 0.604037 
335000 0.686705 0.472039 0.440936 0.719101 0.487026 0.387056 0.442593 0.460227 0.141284 0.584590 
336000 0.623784 0.523636 0.427952 0.608108 0.502392 0.423377 0.457627 0.484342 0.160072 0.613682 
337000 0.587353 0.454545 0.417787 0.689320 0.444159 0.452581 0.467520 0.529268 0.157804 0.628450 
338000 0.619658 0.466967 0.440812 0.747253 0.471925 0.409204 0.472441 0.512195 0.151341 0.615034 
339000 0.600200 0.448010 0.417210 0.719298 0.504447 0.409589 0.469758 0.482320 0.148810 0.633803 
340000 0.646018 0.438144 0.442792 0.776000 0.495062 0.409581 0.443434 0.529025 0.176259 0.638983 
341000 0.656678 0.447212 0.440796 0.725806 0.460970 0.432500 0.437045 0.510783 0.212435 0.653779 
342000 0.638476 0.421053 0.423567 0.709184 0.502947 0.415385 0.403930 0.498750 0.196035 0.601340 
343000 0.653536 0.469697 0.386637 0.762590 0.485849 0.415318 0.451675 0.467816 0.200957 0.665033 
344000 0.638335 0.433987 0.380892 0.730435 0.485310 0.404412 0.442064 0.486759 0.160458 0.642857 
345000 0.612524 0.414286 0.421169 0.621359 0.520302 0.413859 0.463754 0.478788 0.149584 0.681592 
346000 0.647006 0.422360 0.405998 0.762712 0.503408 0.436966 0.448630 0.474108 0.135338 0.671821 
347000 0.630074 0.432615 0.413669 0.811594 0.484848 0.435000 0.446272 0.536885 0.161517 0.664372 
348000 0.649621 0.476904 0.411568 0.746154 0.472853 0.463463 0.426249 0.549080 0.194643 0.720067 
349000 0.643777 0.422576 0.424779 0.748201 0.483376 0.432083 0.446766 0.495413 0.174468 0.688042 
350000 0.664804 0.487549 0.414522 0.764706 0.500000 0.431270 0.427332 0.518817 0.167521 0.694859 
351000 0.654599 0.497854 0.392057 0.692810 0.484271 0.414815 0.466817 0.551553 0.213141 0.728324 
352000 0.651210 0.474128 0.446316 0.810000 0.502070 0.410538 0.467844 0.488169 0.153627 0.683824 
353000 0.649089 0.475754 0.376947 0.809524 0.495265 0.438017 0.463026 0.536042 0.152824 0.695473 
354000 0.646887 0.456938 0.414414 0.756410 0.524379 0.432754 0.493976 0.515451 0.169466 0.698052 
355000 0.632554 0.478426 0.398734 0.803922 0.504657 0.437262 0.490119 0.500000 0.183333 0.686244 
356000 0.648554 0.496970 0.399600 0.811404 0.496324 0.438776 0.463265 0.502227 0.148201 0.695324 
357000 0.600000 0.528226 0.412412 0.693023 0.480989 0.412716 0.487624 0.527473 0.132039 0.661111 
358000 0.670341 0.489796 0.430435 0.676056 0.499520 0.469607 0.453261 0.490000 0.167401 0.667155 
359000 0.628718 0.517014 0.444221 0.820961 0.518060 0.444674 0.489447 0.501214 0.117409 0.651026 
360000 0.603323 0.539627 0.428048 0.769565 0.493771 0.461085 0.533463 0.519897 0.125796 0.661804 
361000 0.638217 0.543011 0.405618 0.783784 0.505938 0.444552 0.509009 0.509569 0.125206 0.673496 
362000 0.618594 0.524213 0.419388 0.764706 0.514156 0.442216 0.464716 0.515006 0.153439 0.666181 
363000 0.669050 0.459837 0.422397 0.765432 0.504000 0.462841 0.444635 0.491979 0.138889 0.682338 
364000 0.642105 0.529412 0.456597 0.816993 0.514828 0.439348 0.459627 0.505689 0.151163 0.654457 
365000 0.669632 0.521691 0.451961 0.756345 0.487633 0.412455 0.455301 0.502340 0.148282 0.667494 
366000 0.672330 0.501147 0.433574 0.844828 0.514573 0.446067 0.438809 0.472914 0.156357 0.681621 
367000 0.672330 0.476389 0.448692 0.742857 0.494675 0.414449 0.461744 0.512048 0.174658 0.647059 
368000 0.641124 0.518355 0.398335 0.760331 0.485294 0.442810 0.458221 0.513709 0.171629 0.651048 
369000 0.635350 0.510328 0.408686 0.722222 0.502183 0.483844 0.455004 0.532623 0.160494 0.671254 
370000 0.641434 0.536829 0.419806 0.653179 0.510776 0.460118 0.418834 0.503060 0.153374 0.684573 
371000 0.649366 0.532131 0.430633 0.701299 0.523904 0.452941 0.463744 0.502451 0.198642 0.679590 
372000 0.620549 0.482577 0.391348 0.801075 0.540541 0.430267 0.435402 0.509662 0.136076 0.647510 
373000 0.633625 0.515369 0.435052 0.833333 0.528129 0.443804 0.439916 0.540052 0.157895 0.659298 
374000 0.656780 0.458932 0.409234 0.735000 0.537990 0.445471 0.452261 0.560734 0.130199 0.648575 
375000 0.612621 0.472119 0.439216 0.770992 0.487603 0.475023 0.443584 0.547561 0.153551 0.688084 
376000 0.634951 0.532367 0.456740 0.703863 0.523295 0.483042 0.455335 0.528144 0.150084 0.641060 
377000 0.648956 0.544266 0.446785 0.650909 0.502575 0.453871 0.427377 0.493631 0.150746 0.674058 
378000 0.658812 0.556066 0.440848 0.687943 0.472672 0.440678 0.437570 0.503165 0.149682 0.673544 
379000 0.615067 0.518556 0.441329 0.756637 0.537770 0.482921 0.435624 0.514388 0.159091 0.665455 
380000 0.668012 0.491927 0.450690 0.700461 0.468198 0.457064 0.466513 0.501247 0.168539 0.649077 
381000 0.603980 0.493014 0.480144 0.674267 0.471111 0.479825 0.462740 0.509302 0.142149 0.627097 
382000 0.644401 0.513514 0.457565 0.662963 0.459898 0.475248 0.446203 0.530474 0.144295 0.624025 
383000 0.632086 0.521832 0.475467 0.712121 0.508708 0.495014 0.397012 0.557906 0.148718 0.631579 
384000 0.637149 0.518944 0.466250 0.657040 0.458689 0.496804 0.434123 0.508028 0.148214 0.637703 
385000 0.665302 0.498270 0.470709 0.694853 0.493078 0.469194 0.456432 0.532595 0.142857 0.671875 
386000 0.648328 0.532240 0.427558 0.650602 0.476608 0.440580 0.498947 0.534884 0.138968 0.642857 
387000 0.640316 0.520562 0.427505 0.626374 0.487973 0.460259 0.464627 0.562155 0.135906 0.656398 
388000 0.656481 0.586168 0.431743 0.629630 0.501591 0.443694 0.480856 0.516734 0.148649 0.640288 
389000 0.642786 0.544672 0.385983 0.696970 0.544586 0.478502 0.485788 0.510514 0.124812 0.613318 
390000 0.669028 0.524302 0.454842 0.677741 0.479667 0.461078 0.451578 0.504975 0.142086 0.616972 
391000 0.625864 0.514940 0.463869 0.643799 0.477355 0.493446 0.510769 0.496394 0.148026 0.600737 
392000 0.609936 0.517241 0.487242 0.615764 0.522018 0.488139 0.453488 0.495212 0.151079 0.647965 
393000 0.647166 0.464789 0.430752 0.585987 0.487442 0.498033 0.514574 0.524088 0.187166 0.628964 
394000 0.633546 0.514706 0.467643 0.648294 0.492754 0.475080 0.502812 0.528682 0.159935 0.618048 
395000 0.605951 0.548422 0.437012 0.583541 0.521115 0.474756 0.475884 0.549180 0.153110 0.653364 
396000 0.587500 0.556512 0.493236 0.604396 0.499160 0.462551 0.498612 0.518300 0.179153 0.666276 
397000 0.616773 0.528345 0.481855 0.603912 0.530667 0.447761 0.472246 0.496977 0.159396 0.643341 
398000 0.638273 0.538280 0.437693 0.595238 0.487365 0.447863 0.458858 0.506667 0.168831 0.655556 
399000 0.625962 0.586563 0.423542 0.565868 0.500894 0.469591 0.426752 0.535196 0.183953 0.665476 
400000 0.676169 0.541304 0.436856 0.638743 0.506952 0.480869 0.483068 0.564516 0.164875 0.646045 
401000 0.631423 0.565217 0.474461 0.550000 0.508539 0.461883 0.466119 0.514658 0.160514 0.649899 
402000 0.661523 0.579781 0.468109 0.510135 0.520733 0.474055 0.470847 0.556893 0.151246 0.607676 
403000 0.643617 0.588865 0.440884 0.486692 0.444954 0.461746 0.487892 0.575240 0.144781 0.606444 
404000 0.643065 0.629505 0.423160 0.515942 0.496739 0.450348 0.484401 0.544218 0.135303 0.616140 
405000 0.636515 0.623188 0.426601 0.508816 0.514039 0.459725 0.439149 0.512792 0.184859 0.661234 
406000 0.624639 0.655685 0.451754 0.544737 0.498945 0.423841 0.454705 0.523759 0.128664 0.634884 
407000 0.627530 0.637591 0.454633 0.534161 0.507568 0.445087 0.488471 0.528481 0.146154 0.658617 
408000 0.637374 0.614183 0.444635 0.478927 0.520833 0.433155 0.460526 0.495289 0.164800 0.696855 
409000 0.598870 0.661917 0.445817 0.458667 0.508408 0.452489 0.468750 0.493185 0.198934 0.675369 
410000 0.605513 0.660811 0.461237 0.481375 0.486085 0.405941 0.477876 0.490760 0.184591 0.649495 
411000 0.636023 0.619102 0.460993 0.505348 0.516605 0.456376 0.491036 0.551136 0.160572 0.689727 
412000 0.607900 0.621287 0.449380 0.450000 0.476411 0.468582 0.510656 0.545645 0.161165 0.665281 
413000 0.635569 0.644068 0.474346 0.542929 0.517104 0.475457 0.524809 0.533265 0.160075 0.659553 
414000 0.632086 0.596107 0.501168 0.424552 0.495861 0.487371 0.527372 0.516411 0.164251 0.658747 
415000 0.640400 0.631197 0.498837 0.506494 0.528302 0.484524 0.483903 0.542017 0.168889 0.619100 
416000 0.622831 0.638947 0.460474 0.501416 0.513441 0.487132 0.451072 0.560768 0.145695 0.601634 
417000 0.625567 0.645299 0.426077 0.478261 0.554281 0.465381 0.443912 0.522869 0.118971 0.604188 
418000 0.654224 0.644416 0.495278 0.501449 0.509738 0.443689 0.464400 0.532176 0.128755 0.608650 
419000 0.604966 0.660526 0.458661 0.442667 0.538817 0.462113 0.463710 0.503378 0.134725 0.603505 
420000 0.640971 0.653083 0.474777 0.518817 0.488417 0.503343 0.512042 0.514076 0.139837 0.616034 
421000 0.653244 0.613953 0.444444 0.466667 0.504778 0.494071 0.493401 0.546318 0.166352 0.621118 
422000 0.652093 0.624731 0.484344 0.459048 0.522375 0.474641 0.485741 0.492903 0.159055 0.626492 
423000 0.647926 0.644028 0.472763 0.462712 0.504378 0.459757 0.490566 0.502717 0.132668 0.618335 
424000 0.625000 0.581948 0.463889 0.529313 0.512720 0.479021 0.523719 0.534392 0.170382 0.644637 
425000 0.636213 0.565064 0.508264 0.508475 0.541522 0.470383 0.447748 0.488778 0.152015 0.601457 
426000 0.623499 0.595142 0.505721 0.453311 0.526541 0.460117 0.475000 0.519435 0.151341 0.616718 
427000 0.615534 0.597471 0.491914 0.462926 0.536683 0.456362 0.463964 0.541002 0.140820 0.607692 
428000 0.689619 0.581599 0.451777 0.461538 0.504557 0.441924 0.421384 0.552306 0.134301 0.607746 
429000 0.646051 0.579602 0.496107 0.440000 0.546289 0.455896 0.478589 0.529563 0.163389 0.622449 
430000 0.677419 0.607513 0.463492 0.472527 0.511647 0.480130 0.460145 0.550907 0.140710 0.595051 
431000 0.614728 0.570106 0.460595 0.487589 0.514043 0.467960 0.477686 0.518182 0.136304 0.658763 
432000 0.635636 0.639175 0.473970 0.470054 0.550687 0.429288 0.474043 0.514451 0.144492 0.624717 
433000 0.613772 0.614786 0.431907 0.408397 0.496071 0.445050 0.466723 0.547419 0.151475 0.649180 
434000 0.628704 0.615951 0.420498 0.459677 0.448059 0.427366 0.469775 0.525692 0.160991 0.653750 
435000 0.628599 0.591647 0.458123 0.442060 0.492386 0.408704 0.471050 0.535971 0.125000 0.671892 
436000 0.647805 0.622532 0.451754 0.446029 0.511374 0.439086 0.519481 0.533160 0.180723 0.664437 
437000 0.637201 0.595899 0.461612 0.434783 0.491363 0.431431 0.511278 0.522284 0.137876 0.659597 
438000 0.630303 0.614936 0.444565 0.416667 0.494253 0.454120 0.504977 0.529412 0.173913 0.637255 
439000 0.656459 0.633411 0.466590 0.402235 0.478571 0.473029 0.486422 0.524164 0.150298 0.667715 
440000 0.650622 0.643255 0.454208 0.415301 0.502634 0.438976 0.500781 0.478982 0.158385 0.648864 
441000 0.652778 0.586085 0.442589 0.403252 0.486895 0.457066 0.469541 0.508140 0.184049 0.685622 
442000 0.637186 0.628743 0.429537 0.440329 0.542038 0.474120 0.519878 0.541570 0.158824 0.685815 
443000 0.661654 0.587544 0.441057 0.478648 0.497425 0.486456 0.539711 0.545346 0.173469 0.626682 
444000 0.667241 0.605549 0.461616 0.450467 0.512903 0.472745 0.550409 0.492849 0.149808 0.670534 
445000 0.636943 0.620087 0.448463 0.486792 0.539394 0.439139 0.513937 0.486309 0.144300 0.661125 
446000 0.666031 0.600206 0.440321 0.418895 0.495327 0.444444 0.480452 0.500626 0.165625 0.677003 
447000 0.622826 0.602339 0.466812 0.427469 0.517277 0.445896 0.551331 0.513415 0.154483 0.674419 
448000 0.644560 0.595023 0.413757 0.445378 0.549325 0.497733 0.518485 0.565920 0.126316 0.602358 
449000 0.652352 0.605081 0.445255 0.451948 0.589339 0.456874 0.471162 0.542263 0.145092 0.627672 
450000 0.649376 0.555814 0.449698 0.440177 0.501548 0.456801 0.506646 0.527339 0.150289 0.652688 
451000 0.644506 0.614634 0.414444 0.437917 0.511111 0.488946 0.493692 0.536364 0.146774 0.668966 
452000 0.657203 0.595216 0.426923 0.419072 0.508180 0.476152 0.498384 0.555673 0.191063 0.654150 
453000 0.651068 0.611805 0.448649 0.466523 0.520221 0.515556 0.491147 0.557760 0.185736 0.622411 
454000 0.628543 0.609244 0.402105 0.457346 0.500917 0.522013 0.477387 0.585919 0.175182 0.656313 
455000 0.664286 0.586052 0.412729 0.468504 0.500000 0.493384 0.494574 0.557807 0.152330 0.648406 
456000 0.660377 0.586494 0.458137 0.465324 0.492514 0.513733 0.496850 0.580685 0.149580 0.605496 
457000 0.639785 0.558470 0.429561 0.442561 0.537549 0.468953 0.510977 0.490642 0.130366 0.606445 
458000 0.685393 0.562720 0.411856 0.468116 0.515982 0.503553 0.504138 0.553648 0.200663 0.595602 
459000 0.643822 0.603995 0.431818 0.480519 0.548757 0.507511 0.514286 0.575025 0.170455 0.606635 
460000 0.630303 0.536913 0.411290 0.460265 0.545032 0.473843 0.505986 0.540359 0.176367 0.603528 
461000 0.618568 0.580569 0.443340 0.434988 0.529096 0.500000 0.531665 0.559302 0.197712 0.614035 
462000 0.671937 0.543092 0.424926 0.421400 0.512220 0.483643 0.538972 0.557003 0.169179 0.614218 
463000 0.647648 0.548881 0.465483 0.426893 0.485774 0.519643 0.517770 0.522152 0.198582 0.582369 
464000 0.622902 0.567320 0.460141 0.443396 0.501594 0.506757 0.513971 0.525571 0.156040 0.606227 
465000 0.670010 0.581861 0.439224 0.417722 0.512993 0.481881 0.523877 0.528962 0.176948 0.558095 
466000 0.652988 0.574972 0.466327 0.410120 0.519542 0.507776 0.507705 0.532438 0.146209 0.557927 
467000 0.642152 0.556582 0.437751 0.428016 0.521435 0.505425 0.536484 0.549412 0.154440 0.601185 
468000 0.652742 0.575192 0.422852 0.431907 0.510242 0.540541 0.516887 0.570934 0.125000 0.603383 
469000 0.660893 0.565820 0.439172 0.470052 0.505618 0.496528 0.500701 0.559770 0.172471 0.607860 
470000 0.675199 0.505455 0.472441 0.432615 0.504000 0.521024 0.543375 0.546119 0.146048 0.573944 
471000 0.668942 0.557692 0.486620 0.429814 0.491266 0.510405 0.518662 0.563243 0.135314 0.621269 
472000 0.655469 0.553311 0.438970 0.456384 0.514878 0.529528 0.546182 0.558483 0.147114 0.615226 
473000 0.627119 0.570922 0.445824 0.427110 0.493195 0.550439 0.514286 0.547380 0.178037 0.633238 
474000 0.644444 0.590533 0.445879 0.503464 0.522482 0.528037 0.525714 0.556291 0.142420 0.607660 
475000 0.642857 0.609091 0.465016 0.472254 0.554724 0.526273 0.492401 0.546316 0.116031 0.654179 
476000 0.635889 0.578891 0.447983 0.455484 0.532630 0.516533 0.519903 0.514124 0.114155 0.628077 
477000 0.648241 0.595722 0.419869 0.446920 0.534562 0.503945 0.500372 0.502469 0.134921 0.625871 
478000 0.647717 0.550652 0.446005 0.468998 0.535992 0.514286 0.496102 0.529859 0.151703 0.613531 
479000 0.658537 0.576558 0.435328 0.459846 0.477437 0.517073 0.507670 0.508306 0.128521 0.655039 
480000 0.662289 0.555556 0.464161 0.398582 0.493614 0.548904 0.509554 0.511350 0.117730 0.591799 
481000 0.641001 0.536772 0.454894 0.457541 0.477064 0.555356 0.516491 0.514899 0.119929 0.599611 
482000 0.657363 0.519717 0.434588 0.452756 0.487276 0.525316 0.495196 0.559863 0.091743 0.585569 
483000 0.642930 0.533411 0.428061 0.438859 0.495183 0.525271 0.503311 0.536108 0.092486 0.580374 
484000 0.661611 0.541506 0.491453 0.447661 0.488277 0.511894 0.522230 0.519608 0.127072 0.604790 
485000 0.638140 0.534375 0.455479 0.402075 0.503074 0.531984 0.529510 0.539110 0.139535 0.582170 
486000 0.636694 0.546789 0.467577 0.407735 0.535300 0.515012 0.506618 0.547619 0.128671 0.570811 
487000 0.604323 0.583804 0.460227 0.439597 0.539374 0.502048 0.509377 0.504348 0.123457 0.633911 
488000 0.626352 0.571834 0.458409 0.449474 0.515312 0.524311 0.533436 0.532982 0.123342 0.600203 
489000 0.632299 0.556903 0.479492 0.412875 0.528502 0.522351 0.492722 0.539645 0.169570 0.567735 
490000 0.625786 0.542790 0.440433 0.435924 0.465291 0.523452 0.516108 0.567010 0.154242 0.598249 
491000 0.628625 0.552354 0.412168 0.411408 0.489619 0.492049 0.518435 0.562431 0.131915 0.623853 
492000 0.629744 0.541748 0.449818 0.454088 0.500000 0.518906 0.514943 0.543601 0.119011 0.580972 
493000 0.667311 0.552454 0.474145 0.420739 0.475425 0.522770 0.519528 0.591940 0.142633 0.566879 
494000 0.658754 0.532811 0.429665 0.440658 0.497115 0.516835 0.537846 0.554037 0.128698 0.573787 
495000 0.666359 0.541394 0.424345 0.472585 0.514530 0.519542 0.491065 0.521525 0.147776 0.571429 
496000 0.640196 0.552106 0.436071 0.465322 0.518164 0.555287 0.494473 0.537228 0.140227 0.580544 
497000 0.629048 0.510730 0.445306 0.448830 0.527115 0.528642 0.514342 0.576667 0.143939 0.596296 
498000 0.633962 0.557243 0.467099 0.449067 0.488542 0.560178 0.501377 0.578893 0.165342 0.605341 
499000 0.664336 0.547646 0.456221 0.501377 0.480885 0.559754 0.531294 0.567409 0.122963 0.596869 
500000 0.673394 0.581599 0.462851 0.485785 0.521265 0.531469 0.529749 0.518395 0.144838 0.591286 
501000 0.657558 0.572471 0.467849 0.489333 0.528588 0.545622 0.515789 0.531868 0.157382 0.576023 
502000 0.645054 0.567436 0.498620 0.478770 0.534749 0.573702 0.517355 0.547334 0.159869 0.596680 
503000 0.642857 0.570093 0.459147 0.400974 0.504862 0.570085 0.514754 0.521531 0.160315 0.559778 
504000 0.637090 0.566304 0.412234 0.477099 0.492099 0.582552 0.484806 0.541528 0.150253 0.536435 
505000 0.662651 0.567308 0.517350 0.459524 0.521516 0.582049 0.484804 0.506397 0.160661 0.522984 
506000 0.623665 0.533262 0.507724 0.452088 0.483810 0.573015 0.493324 0.495972 0.126959 0.543941 
507000 0.668836 0.593555 0.446592 0.467532 0.506494 0.552702 0.478199 0.546036 0.155146 0.551058 
508000 0.649774 0.585482 0.413650 0.448763 0.489071 0.563618 0.504551 0.510896 0.141623 0.539076 
509000 0.625812 0.597289 0.436031 0.443681 0.517992 0.576699 0.488838 0.508537 0.138138 0.535419 
510000 0.661127 0.571742 0.427046 0.491061 0.506399 0.570255 0.500000 0.522619 0.170635 0.542234 
511000 0.635953 0.579292 0.415572 0.482558 0.534364 0.544131 0.492658 0.540828 0.144645 0.527643 
512000 0.626050 0.564669 0.415780 0.435535 0.505959 0.575042 0.481838 0.560758 0.167794 0.524412 
513000 0.634894 0.539554 0.422918 0.450980 0.531769 0.542328 0.478709 0.513216 0.183857 0.535103 
514000 0.637104 0.570968 0.408772 0.419315 0.538384 0.562079 0.495775 0.539490 0.146053 0.553506 
515000 0.680948 0.579661 0.456848 0.448864 0.527664 0.597849 0.507597 0.538737 0.157353 0.554276 
516000 0.661805 0.543078 0.436722 0.473973 0.506201 0.593721 0.501531 0.536974 0.140506 0.577265 
517000 0.641454 0.528493 0.402379 0.394698 0.552897 0.597776 0.461409 0.507282 0.116505 0.544834 
518000 0.634193 0.539227 0.420829 0.454861 0.468019 0.583032 0.475000 0.519949 0.107975 0.537246 
519000 0.655387 0.568725 0.411542 0.459521 0.502203 0.536435 0.503361 0.518141 0.132812 0.588664 
520000 0.680103 0.526839 0.411335 0.427141 0.518824 0.572892 0.481992 0.569005 0.147743 0.576286 
521000 0.648551 0.565836 0.409414 0.437569 0.531963 0.580185 0.472065 0.523096 0.157812 0.602752 
522000 0.602713 0.568758 0.421002 0.439356 0.520595 0.565863 0.512259 0.497602 0.163408 0.588335 
523000 0.628217 0.570930 0.369467 0.426087 0.524952 0.593387 0.498042 0.497207 0.143590 0.559701 
524000 0.654284 0.474082 0.428846 0.433333 0.490714 0.560852 0.478188 0.533480 0.153846 0.564079 
525000 0.620805 0.527716 0.401682 0.459584 0.518072 0.579274 0.487202 0.522388 0.175926 0.588500 
526000 0.616971 0.491371 0.398489 0.486639 0.508660 0.596892 0.498521 0.499004 0.156642 0.591416 
527000 0.621090 0.562261 0.380682 0.482718 0.506088 0.572038 0.486277 0.509091 0.160057 0.614367 
528000 0.628049 0.598540 0.389168 0.452107 0.485938 0.573115 0.491971 0.530837 0.185034 0.568351 
529000 0.642473 0.569948 0.403131 0.454194 0.506234 0.582734 0.490022 0.493768 0.177160 0.549754 
530000 0.626976 0.578344 0.439126 0.487705 0.521206 0.578900 0.492364 0.542132 0.159744 0.539293 
531000 0.652174 0.558473 0.427300 0.432000 0.483796 0.568920 0.515012 0.532243 0.173740 0.560999 
532000 0.664898 0.546135 0.396067 0.398148 0.491247 0.560109 0.504622 0.519707 0.172414 0.551913 
533000 0.664158 0.548476 0.425366 0.453315 0.526998 0.579487 0.520446 0.536831 0.173807 0.543891 
534000 0.625239 0.533702 0.409174 0.445107 0.504599 0.543708 0.487121 0.522124 0.192044 0.538335 
535000 0.625555 0.556167 0.385214 0.430845 0.502066 0.547395 0.500391 0.477024 0.176707 0.546358 
536000 0.622093 0.577419 0.405757 0.433504 0.471459 0.555347 0.518660 0.458472 0.183801 0.571303 
537000 0.618537 0.593564 0.419325 0.469816 0.502356 0.562931 0.502715 0.503859 0.159490 0.532941 
538000 0.625620 0.554855 0.399822 0.425629 0.497126 0.554475 0.534959 0.497831 0.174785 0.526474 
539000 0.622411 0.568207 0.409869 0.436409 0.518909 0.528333 0.491009 0.468750 0.191549 0.553711 
540000 0.676357 0.533755 0.427579 0.433962 0.500389 0.550450 0.464920 0.489437 0.137615 0.579340 
541000 0.607808 0.584615 0.406439 0.393868 0.494145 0.556025 0.520614 0.556237 0.146565 0.569429 
542000 0.638462 0.572361 0.402174 0.401656 0.491654 0.567901 0.512479 0.547569 0.155224 0.587459 
543000 0.636364 0.538928 0.443983 0.385602 0.498706 0.563606 0.490783 0.547667 0.133748 0.600191 
544000 0.624533 0.565178 0.416751 0.406439 0.542797 0.565673 0.509890 0.521531 0.147989 0.620873 
545000 0.643760 0.493976 0.401388 0.394258 0.538279 0.561265 0.526388 0.481660 0.135464 0.591607 
546000 0.668329 0.549947 0.432958 0.423958 0.519380 0.563055 0.532468 0.541082 0.134487 0.623881 
547000 0.631100 0.509146 0.404715 0.408514 0.533279 0.564972 0.534694 0.531279 0.164921 0.586345 
548000 0.615509 0.521739 0.379275 0.422345 0.499643 0.572284 0.538570 0.484055 0.161725 0.571918 
549000 0.656501 0.542277 0.429530 0.427844 0.502104 0.548872 0.506363 0.486869 0.167862 0.572294 
550000 0.624633 0.523256 0.387685 0.396161 0.519671 0.559350 0.500000 0.512900 0.135593 0.607046 
551000 0.667585 0.491170 0.422535 0.399420 0.492969 0.531409 0.506040 0.470466 0.146309 0.560909 
552000 0.638912 0.515054 0.398838 0.380952 0.511344 0.518255 0.514455 0.485981 0.141844 0.561197 
553000 0.642730 0.483871 0.421005 0.411652 0.484414 0.551224 0.517530 0.490649 0.161111 0.578415 
554000 0.638063 0.532240 0.405922 0.428317 0.488793 0.514943 0.500000 0.518805 0.125461 0.588287 
555000 0.634055 0.486074 0.422115 0.408893 0.490446 0.516155 0.494302 0.509625 0.140562 0.582128 
556000 0.619835 0.506024 0.417423 0.416066 0.548183 0.533505 0.509868 0.476038 0.138929 0.575107 
557000 0.633993 0.501053 0.438489 0.411000 0.509167 0.535584 0.479037 0.512665 0.142241 0.601905 
558000 0.643446 0.518119 0.399034 0.390316 0.500000 0.486173 0.487256 0.534216 0.121212 0.578585 
559000 0.617143 0.513800 0.401535 0.394268 0.498205 0.515949 0.484145 0.499494 0.157407 0.567839 
560000 0.607940 0.512772 0.398773 0.417021 0.475122 0.524498 0.465649 0.513374 0.142667 0.591859 
561000 0.621806 0.510048 0.408475 0.416595 0.513711 0.522786 0.500701 0.552033 0.158904 0.560841 
562000 0.577600 0.515753 0.424520 0.384086 0.501610 0.519961 0.468364 0.537270 0.122715 0.566092 
563000 0.639553 0.469530 0.390794 0.415962 0.494588 0.549421 0.463687 0.548872 0.151235 0.578744 
564000 0.619277 0.515464 0.439685 0.399804 0.493924 0.519672 0.480923 0.540594 0.150074 0.563953 
565000 0.621711 0.510660 0.431459 0.371484 0.524324 0.507680 0.477154 0.559804 0.172989 0.572356 
566000 0.607380 0.502326 0.413731 0.419895 0.508562 0.549069 0.480944 0.544031 0.153030 0.577922 
567000 0.623298 0.507000 0.372232 0.422287 0.515817 0.528033 0.480753 0.529756 0.154047 0.565905 
568000 0.625571 0.464550 0.401757 0.421053 0.499525 0.557278 0.461733 0.559467 0.144022 0.577530 
569000 0.624183 0.469077 0.421995 0.425723 0.501764 0.537094 0.492857 0.567136 0.135970 0.577209 
570000 0.627872 0.494676 0.434234 0.376623 0.531545 0.532426 0.519116 0.570707 0.137709 0.565789 
571000 0.629682 0.464543 0.390824 0.388350 0.517871 0.542159 0.514523 0.530792 0.151798 0.569092 
572000 0.608659 0.512364 0.422202 0.387571 0.498299 0.544143 0.467814 0.582573 0.153117 0.538973 
573000 0.637590 0.512974 0.361480 0.414441 0.501757 0.493188 0.455339 0.542514 0.137987 0.530289 
574000 0.627251 0.510516 0.399822 0.428431 0.483100 0.519548 0.441090 0.536232 0.132886 0.545123 
575000 0.624135 0.509572 0.398589 0.450549 0.479925 0.554883 0.493837 0.529253 0.138381 0.585366 
576000 0.649303 0.514661 0.372651 0.439919 0.505476 0.528509 0.442471 0.574737 0.108173 0.574338 
577000 0.646128 0.496071 0.416016 0.442763 0.497845 0.506240 0.445538 0.583250 0.113665 0.581888 
578000 0.627551 0.480558 0.414873 0.429461 0.484221 0.523277 0.465312 0.599382 0.137136 0.561905 
579000 0.619611 0.530612 0.386285 0.407604 0.509449 0.510026 0.472036 0.522307 0.143059 0.569307 
580000 0.609083 0.478903 0.368829 0.396380 0.512509 0.501215 0.474826 0.574344 0.114148 0.547714 
581000 0.653910 0.470538 0.365385 0.396169 0.506494 0.525653 0.456800 0.539667 0.105263 0.568323 
582000 0.624167 0.479027 0.422096 0.406639 0.519502 0.514377 0.462069 0.533790 0.109116 0.589623 
583000 0.626409 0.495905 0.378723 0.413911 0.516420 0.478705 0.441075 0.544922 0.104895 0.580071 
584000 0.622384 0.483068 0.418063 0.407583 0.495098 0.515677 0.447871 0.550000 0.137681 0.590775 
585000 0.647009 0.519531 0.403433 0.438717 0.517211 0.524730 0.431853 0.529358 0.126582 0.600583 
586000 0.621705 0.482845 0.413575 0.408590 0.499519 0.554904 0.430233 0.574040 0.129206 0.575139 
587000 0.593629 0.480612 0.408046 0.385764 0.513561 0.512053 0.479702 0.531100 0.124629 0.592558 
588000 0.626308 0.483235 0.400545 0.400703 0.463098 0.478495 0.419658 0.569755 0.106195 0.541103 
589000 0.624894 0.442346 0.408893 0.392067 0.498578 0.494401 0.435621 0.583174 0.108333 0.577479 
590000 0.651875 0.499537 0.386093 0.418646 0.484893 0.508197 0.417840 0.575480 0.133144 0.592140 
591000 0.633605 0.467093 0.413025 0.455178 0.485738 0.503644 0.440622 0.512383 0.089136 0.564007 
592000 0.634076 0.482643 0.431641 0.433071 0.490076 0.507525 0.451456 0.506723 0.103145 0.592153 
593000 0.614357 0.449597 0.425328 0.469922 0.489827 0.505932 0.451473 0.546240 0.114537 0.614203 
594000 0.633755 0.471963 0.364279 0.413701 0.509308 0.493713 0.456884 0.551601 0.122876 0.573222 
595000 0.598283 0.483381 0.401678 0.408236 0.496361 0.501233 0.443353 0.530888 0.137795 0.574091 
596000 0.584426 0.486111 0.387555 0.449208 0.468137 0.541868 0.488652 0.546590 0.120823 0.579855 
597000 0.604890 0.458889 0.400187 0.393523 0.482946 0.499178 0.409928 0.558744 0.126582 0.570183 
598000 0.586882 0.436024 0.379072 0.401617 0.479866 0.500000 0.418550 0.530009 0.126241 0.555762 
599000 0.605489 0.451865 0.426383 0.382353 0.443471 0.535814 0.398537 0.543929 0.107087 0.562072 
600000 0.613534 0.464591 0.376775 0.396422 0.473171 0.541154 0.398619 0.575382 0.134371 0.583026 
601000 0.588235 0.436945 0.379112 0.419600 0.464906 0.520408 0.467757 0.553268 0.101449 0.596859 
602000 0.590714 0.457674 0.402405 0.411479 0.474762 0.504021 0.396523 0.583029 0.122324 0.580817 
603000 0.608402 0.494874 0.384760 0.401674 0.495671 0.467857 0.395708 0.555268 0.108280 0.554672 
604000 0.620717 0.458076 0.354651 0.408635 0.508403 0.553439 0.436714 0.541998 0.079208 0.583575 
605000 0.623806 0.454884 0.353224 0.407262 0.479871 0.511916 0.454463 0.559372 0.095745 0.578351 
606000 0.629421 0.444349 0.412193 0.420690 0.514436 0.531993 0.412928 0.548879 0.105556 0.570909 
607000 0.621643 0.472868 0.435851 0.424305 0.490995 0.498678 0.398568 0.591440 0.101974 0.562620 
608000 0.606293 0.471731 0.398941 0.381657 0.498829 0.546928 0.405986 0.564941 0.117949 0.552469 
609000 0.608074 0.427679 0.408318 0.382730 0.498512 0.560411 0.433084 0.598761 0.086142 0.570833 
610000 0.609862 0.436426 0.420477 0.413793 0.495798 0.563199 0.451508 0.551895 0.080303 0.543408 
611000 0.596449 0.434123 0.446568 0.418283 0.492764 0.544070 0.449092 0.560109 0.080508 0.578040 
612000 0.620962 0.451499 0.413158 0.401590 0.470916 0.553435 0.414655 0.546099 0.098981 0.566908 
613000 0.601040 0.438642 0.432850 0.380995 0.510301 0.538944 0.439086 0.540780 0.116505 0.595657 
614000 0.626955 0.432121 0.439745 0.392892 0.493562 0.573689 0.416333 0.530864 0.145695 0.600607 
615000 0.629071 0.428320 0.425770 0.386243 0.517888 0.581281 0.402239 0.536643 0.088323 0.556678 
616000 0.574420 0.453072 0.428957 0.412071 0.495116 0.575456 0.424268 0.553210 0.092517 0.588776 
617000 0.597674 0.456757 0.390041 0.434647 0.500790 0.545301 0.377303 0.558161 0.103152 0.629213 
618000 0.634615 0.475652 0.402809 0.425275 0.502048 0.558271 0.405877 0.572076 0.095979 0.583746 
619000 0.630734 0.452752 0.425631 0.377114 0.504777 0.567100 0.378430 0.566069 0.093144 0.596869 
620000 0.641753 0.419643 0.409449 0.423926 0.476149 0.533981 0.449619 0.561102 0.100000 0.549462 
621000 0.610229 0.450466 0.432532 0.433368 0.514823 0.567262 0.424795 0.530289 0.096689 0.604822 
622000 0.594191 0.454839 0.449704 0.420272 0.501294 0.517725 0.425000 0.523654 0.080303 0.600184 
623000 0.627170 0.457312 0.413569 0.428571 0.496124 0.524186 0.406393 0.537242 0.111475 0.627101 
624000 0.601251 0.454291 0.460560 0.440273 0.534471 0.552731 0.420561 0.533926 0.107937 0.606119 
625000 0.616971 0.437148 0.454308 0.438900 0.507011 0.515455 0.438130 0.531752 0.105691 0.596973 
626000 0.654902 0.466139 0.461345 0.428860 0.520581 0.576029 0.417642 0.551118 0.100639 0.577855 
627000 0.630542 0.408116 0.421488 0.395305 0.529366 0.536485 0.407375 0.566514 0.099526 0.596718 
628000 0.629008 0.435563 0.439560 0.445321 0.472543 0.561694 0.419763 0.557692 0.109756 0.601770 
629000 0.626647 0.451946 0.443428 0.430417 0.508594 0.541560 0.406176 0.564397 0.078652 0.578809 
630000 0.603361 0.453346 0.466932 0.441615 0.513472 0.506688 0.398864 0.559573 0.098945 0.604982 
631000 0.616129 0.408195 0.439261 0.422716 0.487841 0.525480 0.403662 0.561465 0.094750 0.605797 
632000 0.624427 0.405360 0.463542 0.385659 0.479315 0.511561 0.430496 0.542572 0.113569 0.564103 
633000 0.600511 0.429264 0.450253 0.377655 0.494360 0.495301 0.420032 0.540084 0.137602 0.625992 
634000 0.609053 0.456261 0.466788 0.419940 0.504888 0.543638 0.429818 0.566440 0.102228 0.617591 
635000 0.621911 0.469496 0.444967 0.436210 0.500701 0.509823 0.457506 0.581374 0.105505 0.618129 
636000 0.631457 0.436474 0.452245 0.377778 0.492798 0.483221 0.432135 0.585142 0.102999 0.589790 
637000 0.649802 0.430172 0.438710 0.408348 0.486733 0.543810 0.450920 0.592980 0.126437 0.583258 
638000 0.671164 0.419005 0.442524 0.395134 0.500416 0.523985 0.443700 0.568387 0.115169 0.561670 
639000 0.639331 0.472620 0.463582 0.369501 0.488493 0.492091 0.448567 0.573595 0.116279 0.595113 
640000 0.639874 0.444151 0.441474 0.369585 0.493296 0.464545 0.455954 0.586352 0.088483 0.590010 
641000 0.601742 0.422731 0.457241 0.391681 0.490385 0.502517 0.445753 0.584459 0.106592 0.581967 
642000 0.621469 0.427619 0.477588 0.440613 0.494641 0.479319 0.463602 0.591731 0.171827 0.521008 
643000 0.631366 0.412266 0.429051 0.411215 0.525283 0.513035 0.421178 0.553363 0.145260 0.608581 
644000 0.653251 0.439531 0.448798 0.388996 0.498820 0.531897 0.463933 0.552826 0.149059 0.595131 
645000 0.622042 0.451526 0.458519 0.353991 0.501050 0.491213 0.461713 0.576664 0.131579 0.590074 
646000 0.645385 0.474973 0.464481 0.420443 0.492734 0.491888 0.454874 0.557818 0.117221 0.559410 
647000 0.628724 0.471647 0.434385 0.433984 0.486301 0.538721 0.476845 0.571975 0.146835 0.583122 
648000 0.647826 0.497704 0.465174 0.415948 0.488464 0.490484 0.442541 0.554206 0.123217 0.606965 
649000 0.623143 0.443211 0.448697 0.414433 0.476030 0.511407 0.445347 0.565217 0.093270 0.551878 
650000 0.627867 0.438111 0.516387 0.393661 0.494126 0.502944 0.426840 0.578505 0.114396 0.615713 
651000 0.628874 0.453382 0.512552 0.371097 0.502429 0.528992 0.476190 0.560958 0.123512 0.590135 
652000 0.626947 0.457170 0.452562 0.376460 0.490842 0.468477 0.480269 0.562500 0.115385 0.571936 
653000 0.625096 0.419643 0.483278 0.339250 0.498984 0.510917 0.457907 0.560820 0.117148 0.582024 
654000 0.625744 0.437018 0.485095 0.332065 0.535135 0.486192 0.471919 0.553454 0.103960 0.609306 
655000 0.622029 0.444444 0.487111 0.379000 0.461813 0.476343 0.442778 0.550000 0.141780 0.555037 
656000 0.598580 0.423770 0.453507 0.360345 0.498917 0.486464 0.454474 0.575088 0.119423 0.589268 
657000 0.643169 0.443497 0.466276 0.381122 0.491605 0.511698 0.458469 0.552075 0.129117 0.571759 
658000 0.629344 0.431005 0.447489 0.387755 0.487229 0.483031 0.435708 0.533737 0.149492 0.566536 
659000 0.618893 0.421053 0.432724 0.412668 0.509970 0.533110 0.439127 0.576112 0.139064 0.567488 
660000 0.596560 0.448753 0.450641 0.374332 0.483115 0.480724 0.419714 0.596008 0.139394 0.570536 
661000 0.623322 0.442667 0.442266 0.346606 0.514563 0.506093 0.426217 0.547059 0.139082 0.566696 
662000 0.616984 0.452471 0.491841 0.394124 0.469474 0.493038 0.434661 0.574850 0.111301 0.574796 
663000 0.635647 0.467290 0.477143 0.386771 0.499689 0.459125 0.453198 0.558566 0.094664 0.571429 
664000 0.628596 0.447391 0.468921 0.355509 0.510638 0.473727 0.432018 0.551071 0.144300 0.575833 
665000 0.613655 0.428184 0.440184 0.340930 0.491354 0.485560 0.429674 0.562396 0.102305 0.568843 
666000 0.608911 0.488141 0.450791 0.384960 0.473184 0.476923 0.450479 0.564976 0.102142 0.540875 
667000 0.625000 0.452182 0.492116 0.344622 0.497226 0.462944 0.404839 0.558520 0.081545 0.546825 
668000 0.639620 0.465820 0.474794 0.341888 0.495132 0.495710 0.439476 0.583824 0.101865 0.550989 
669000 0.628788 0.448485 0.494768 0.334501 0.494135 0.463235 0.419825 0.574468 0.096649 0.554226 
670000 0.617208 0.467466 0.440966 0.355798 0.467645 0.471319 0.412593 0.551724 0.065844 0.553900 
671000 0.650883 0.478958 0.475194 0.359095 0.456687 0.491929 0.444870 0.576271 0.098089 0.541632 
672000 0.649502 0.485774 0.434934 0.319892 0.504471 0.477733 0.444351 0.585689 0.116312 0.546559 
673000 0.635067 0.404339 0.464131 0.391426 0.454545 0.495825 0.426312 0.592715 0.114198 0.561335 
674000 0.632943 0.421569 0.449475 0.366732 0.463650 0.435484 0.434335 0.560065 0.146505 0.538179 
675000 0.655686 0.444139 0.464973 0.373052 0.468456 0.500000 0.458796 0.572317 0.125714 0.543847 
676000 0.647727 0.440663 0.458949 0.371681 0.488172 0.508361 0.455556 0.588562 0.109065 0.530722 
677000 0.619636 0.452181 0.454121 0.383799 0.512417 0.482373 0.459416 0.612642 0.086657 0.554810 
678000 0.637528 0.420912 0.462976 0.381136 0.480399 0.488333 0.478261 0.568552 0.094400 0.569692 
679000 0.635294 0.427434 0.455019 0.354406 0.467049 0.505765 0.453206 0.573161 0.120357 0.585165 
680000 0.623770 0.450413 0.479933 0.320038 0.474132 0.497216 0.470953 0.583145 0.077713 0.552673 
681000 0.647009 0.460627 0.462687 0.307213 0.509449 0.506550 0.442420 0.548617 0.089209 0.539939 
682000 0.617550 0.430233 0.462115 0.335610 0.483895 0.532884 0.455208 0.568673 0.114483 0.539224 
683000 0.637329 0.448858 0.440665 0.357006 0.494161 0.527802 0.432953 0.566667 0.101050 0.529096 
684000 0.602630 0.432574 0.436871 0.312779 0.474235 0.520341 0.471347 0.553689 0.125767 0.555077 
685000 0.633512 0.458369 0.478495 0.337708 0.483983 0.486068 0.422045 0.544355 0.108696 0.499194 
686000 0.608804 0.444348 0.466667 0.349467 0.508034 0.481818 0.457143 0.536647 0.110744 0.524685 
687000 0.612981 0.452970 0.437828 0.348071 0.524371 0.481417 0.468864 0.528150 0.127955 0.553427 
688000 0.625436 0.465909 0.446777 0.389262 0.490553 0.516966 0.438610 0.559391 0.122291 0.502128 
689000 0.614657 0.468880 0.462906 0.349379 0.514915 0.494222 0.413769 0.515068 0.112378 0.495040 
690000 0.635772 0.434319 0.449400 0.358457 0.486232 0.495279 0.403536 0.563261 0.085570 0.509709 
691000 0.632012 0.417286 0.431655 0.353309 0.491111 0.485853 0.419180 0.567660 0.118483 0.494697 
692000 0.605685 0.464629 0.447257 0.347785 0.462585 0.505199 0.399116 0.516006 0.082621 0.536783 
693000 0.614111 0.444976 0.456674 0.345114 0.501802 0.501745 0.434608 0.515175 0.112344 0.508292 
694000 0.625727 0.479835 0.438808 0.401719 0.473171 0.498252 0.460156 0.547352 0.084388 0.531224 
695000 0.618480 0.462882 0.427994 0.345996 0.499691 0.500711 0.445448 0.551971 0.086331 0.549681 
696000 0.631818 0.452548 0.478193 0.330709 0.501928 0.514630 0.423836 0.562667 0.076739 0.536680 
697000 0.606339 0.453125 0.456556 0.324399 0.471616 0.542535 0.449285 0.549909 0.079082 0.534375 
698000 0.624224 0.466932 0.466205 0.359841 0.492847 0.503994 0.428671 0.556522 0.096270 0.526274 
699000 0.597111 0.436704 0.442857 0.366808 0.455861 0.503289 0.469607 0.540119 0.118687 0.546875 
700000 0.649520 0.490566 0.479186 0.381116 0.486180 0.485088 0.459016 0.506816 0.105263 0.520780 
701000 0.642017 0.420505 0.435115 0.356938 0.503911 0.500912 0.469374 0.574558 0.120198 0.513136 
702000 0.590532 0.441004 0.456674 0.364444 0.482631 0.493540 0.410782 0.553726 0.097489 0.547255 
703000 0.626145 0.472629 0.449500 0.356887 0.479355 0.515661 0.455923 0.555896 0.103064 0.527919 
704000 0.610991 0.453717 0.429511 0.359706 0.504005 0.505837 0.462927 0.547120 0.077707 0.493036 
705000 0.601164 0.463490 0.446866 0.373824 0.458388 0.438211 0.479769 0.539984 0.105541 0.563830 
706000 0.646972 0.432500 0.448402 0.357895 0.481668 0.472160 0.447606 0.572269 0.073265 0.553156 
707000 0.637876 0.469632 0.473585 0.368289 0.492580 0.480945 0.435914 0.528926 0.111280 0.536090 
708000 0.610036 0.459565 0.441667 0.382705 0.481433 0.495627 0.462145 0.575286 0.088388 0.512081 
709000 0.630378 0.469901 0.435626 0.377018 0.495738 0.475196 0.456560 0.600182 0.083205 0.540072 
710000 0.598039 0.463696 0.472563 0.358437 0.484550 0.496516 0.439606 0.538995 0.101124 0.523480 
711000 0.607111 0.471217 0.449336 0.350254 0.454782 0.506305 0.455540 0.562140 0.147625 0.539927 
712000 0.631352 0.460465 0.451122 0.382066 0.508000 0.535907 0.453731 0.560995 0.091364 0.576316 
713000 0.639640 0.510738 0.439479 0.378519 0.453885 0.523850 0.446637 0.601297 0.108571 0.541176 
714000 0.598886 0.473767 0.498607 0.355250 0.484436 0.497297 0.457204 0.584814 0.066011 0.542254 
715000 0.618207 0.490718 0.501721 0.362140 0.483333 0.515385 0.418680 0.542169 0.086158 0.555081 
716000 0.622614 0.461347 0.455519 0.373574 0.503749 0.543210 0.463062 0.541972 0.104286 0.561807 
717000 0.618136 0.449761 0.467172 0.387067 0.473140 0.520188 0.451500 0.549103 0.122905 0.534173 
718000 0.607586 0.427574 0.447684 0.313746 0.477769 0.494597 0.451772 0.524007 0.117197 0.573468 
719000 0.635983 0.468085 0.458188 0.383333 0.440162 0.526923 0.440928 0.569972 0.126420 0.516773 
720000 0.593275 0.477733 0.414698 0.374023 0.469258 0.457465 0.422566 0.568488 0.145210 0.547896 
721000 0.625564 0.449358 0.428800 0.334681 0.502219 0.504217 0.450382 0.542735 0.139738 0.526693 
722000 0.622415 0.453170 0.422188 0.322680 0.482733 0.499062 0.438376 0.571677 0.107392 0.531104 
723000 0.619628 0.456464 0.439600 0.300120 0.488437 0.518877 0.418999 0.534173 0.115756 0.517216 
724000 0.608966 0.485460 0.434327 0.335842 0.465847 0.472622 0.405243 0.565755 0.106481 0.519316 
725000 0.597432 0.473033 0.464183 0.339882 0.469697 0.516693 0.442188 0.543689 0.106145 0.537230 
726000 0.622155 0.499600 0.420775 0.329515 0.479802 0.492839 0.417625 0.545667 0.105121 0.509464 
727000 0.597383 0.460341 0.444908 0.349908 0.483395 0.480116 0.407509 0.536744 0.102117 0.544033 
728000 0.594649 0.461905 0.411871 0.300283 0.490272 0.525346 0.406146 0.549591 0.139403 0.531250 
729000 0.616858 0.464037 0.452703 0.341627 0.483279 0.535743 0.401437 0.574154 0.122148 0.536195 
730000 0.638934 0.472574 0.468021 0.335378 0.485344 0.497492 0.420611 0.543769 0.135546 0.505697 
731000 0.599068 0.483134 0.470234 0.314777 0.511199 0.482821 0.392054 0.578740 0.139889 0.513590 
732000 0.609939 0.458735 0.442219 0.353360 0.472135 0.482373 0.401862 0.526809 0.163978 0.510980 
733000 0.638563 0.467391 0.456414 0.298763 0.463561 0.466552 0.409620 0.549915 0.160969 0.543961 
734000 0.599242 0.442413 0.440486 0.338727 0.459494 0.499599 0.422881 0.561485 0.135036 0.521226 
735000 0.634451 0.463671 0.466964 0.321637 0.481879 0.533742 0.446753 0.552227 0.115702 0.544817 
736000 0.632440 0.461847 0.463016 0.343968 0.470706 0.484245 0.394696 0.541935 0.104425 0.529801 
737000 0.654780 0.467554 0.429150 0.316612 0.465251 0.544949 0.371774 0.524718 0.110535 0.519501 
738000 0.638975 0.486719 0.442105 0.328324 0.482430 0.513300 0.407301 0.536178 0.118353 0.519288 
739000 0.618225 0.486812 0.438837 0.326241 0.467488 0.506318 0.399710 0.530435 0.126404 0.522640 
740000 0.642916 0.498258 0.432784 0.297327 0.441309 0.497483 0.395130 0.519502 0.142857 0.526826 
741000 0.638629 0.494874 0.435348 0.369650 0.433488 0.500000 0.402578 0.508088 0.140325 0.551871 
742000 0.666924 0.490857 0.447863 0.357143 0.458360 0.532847 0.432491 0.520655 0.138846 0.557143 
743000 0.630347 0.478743 0.422498 0.357303 0.448012 0.519669 0.433046 0.508030 0.109005 0.528719 
744000 0.664506 0.501709 0.465388 0.341518 0.433196 0.508058 0.408148 0.500879 0.116448 0.524355 
745000 0.641618 0.461538 0.480172 0.324662 0.468329 0.518966 0.413209 0.503665 0.124424 0.543921 
746000 0.637747 0.437066 0.484979 0.305556 0.466187 0.518613 0.430016 0.526565 0.126330 0.524311 
747000 0.626381 0.468520 0.471139 0.336559 0.488464 0.515517 0.428184 0.518452 0.152431 0.505401 
748000 0.647833 0.469669 0.476268 0.288288 0.473827 0.511335 0.453543 0.531993 0.122421 0.501484 
749000 0.623367 0.490031 0.462128 0.341416 0.468113 0.490295 0.404643 0.520715 0.134146 0.511516 
750000 0.668482 0.445662 0.441820 0.318511 0.450269 0.495122 0.408385 0.577477 0.114537 0.529603 
751000 0.640523 0.491334 0.428821 0.318949 0.470185 0.490181 0.436953 0.563742 0.146165 0.523569 
752000 0.649667 0.482886 0.481250 0.328880 0.467470 0.512903 0.401355 0.539722 0.118987 0.502061 
753000 0.655200 0.509076 0.477612 0.355852 0.477335 0.519010 0.416810 0.516249 0.107358 0.499607 
754000 0.608588 0.527875 0.461149 0.352882 0.482917 0.555556 0.425125 0.536815 0.123377 0.496540 
755000 0.638249 0.480280 0.435122 0.311512 0.482047 0.539037 0.441659 0.580944 0.119527 0.510062 
756000 0.610599 0.474882 0.458864 0.288423 0.468966 0.518210 0.444182 0.540678 0.129723 0.524506 
757000 0.613192 0.457486 0.454910 0.295316 0.470551 0.491571 0.451839 0.535685 0.138191 0.521808 
758000 0.641589 0.457759 0.435374 0.278584 0.477258 0.510675 0.402878 0.551168 0.117429 0.512315 
759000 0.642463 0.477273 0.498291 0.320000 0.468564 0.487619 0.420373 0.540582 0.115237 0.510929 
760000 0.604022 0.465947 0.478910 0.269490 0.454545 0.513098 0.448035 0.557167 0.148342 0.500402 
761000 0.618565 0.512939 0.454106 0.319013 0.431650 0.520000 0.458716 0.566531 0.121693 0.489992 
762000 0.601556 0.470026 0.462674 0.308017 0.473606 0.522459 0.449133 0.543528 0.128739 0.514498 
763000 0.615889 0.470175 0.477958 0.287893 0.477363 0.527602 0.396098 0.558682 0.083573 0.509697 
764000 0.651033 0.485581 0.468670 0.303588 0.468956 0.561342 0.423016 0.561404 0.120095 0.508997 
765000 0.655376 0.465663 0.442786 0.275660 0.484828 0.491256 0.452162 0.566138 0.150466 0.484352 
766000 0.618155 0.471850 0.492611 0.301370 0.472656 0.481331 0.461383 0.551861 0.131617 0.506816 
767000 0.621873 0.486799 0.493554 0.316141 0.476389 0.482478 0.436664 0.525424 0.120332 0.494830 
768000 0.629069 0.466667 0.441067 0.289720 0.502167 0.507347 0.461290 0.535073 0.113111 0.506218 
769000 0.630714 0.487764 0.460000 0.284934 0.500680 0.503711 0.430516 0.540496 0.121250 0.526512 
770000 0.611748 0.450839 0.469622 0.287253 0.503851 0.504233 0.449495 0.573843 0.129801 0.491174 
771000 0.625623 0.466606 0.471322 0.306006 0.494534 0.515358 0.455256 0.615114 0.123926 0.495629 
772000 0.633132 0.473896 0.468949 0.281279 0.493243 0.504448 0.448620 0.582198 0.139364 0.505272 
773000 0.635546 0.488636 0.504461 0.287063 0.488660 0.550290 0.432320 0.572300 0.134910 0.510495 
774000 0.660882 0.460346 0.494134 0.295272 0.476933 0.529698 0.452187 0.537644 0.132075 0.473064 
775000 0.637233 0.481308 0.457724 0.290816 0.485969 0.522184 0.462676 0.530316 0.135613 0.522422 
776000 0.630225 0.438844 0.458716 0.318913 0.499029 0.514872 0.466951 0.595876 0.160105 0.514499 
777000 0.644597 0.463950 0.472742 0.308370 0.481988 0.522495 0.441198 0.565124 0.127346 0.516754 
778000 0.636364 0.475512 0.467933 0.292929 0.469657 0.522911 0.466667 0.586265 0.103896 0.511033 
779000 0.631469 0.445446 0.470953 0.305955 0.430622 0.491821 0.435532 0.579073 0.117061 0.538591 
780000 0.630108 0.469424 0.478681 0.318744 0.434563 0.487969 0.470376 0.580141 0.142480 0.530120 
781000 0.623624 0.473420 0.454545 0.284510 0.465164 0.534233 0.467589 0.566445 0.123440 0.539001 
782000 0.626932 0.480104 0.478295 0.261172 0.474030 0.506404 0.450213 0.587935 0.107143 0.506231 
783000 0.650478 0.462289 0.447059 0.313836 0.452638 0.522388 0.448373 0.564232 0.129298 0.468983 
784000 0.636852 0.475564 0.487923 0.303671 0.497406 0.516328 0.440053 0.557006 0.131545 0.525327 
785000 0.632038 0.445996 0.461929 0.332962 0.479638 0.505914 0.443146 0.565255 0.163415 0.489198 
786000 0.608419 0.457995 0.469790 0.298583 0.477335 0.515231 0.419668 0.559769 0.142857 0.503292 
787000 0.635528 0.449658 0.472770 0.282653 0.477458 0.527505 0.419102 0.558650 0.171324 0.490309 
788000 0.646962 0.471315 0.514286 0.245918 0.479536 0.512891 0.445592 0.556472 0.158824 0.522835 
789000 0.632595 0.446520 0.448598 0.293260 0.462640 0.516588 0.446143 0.528007 0.115639 0.496479 
790000 0.613284 0.458537 0.482033 0.300178 0.457325 0.511606 0.439885 0.560140 0.106152 0.515311 
791000 0.625382 0.453726 0.489434 0.275024 0.460057 0.539768 0.463250 0.574519 0.124384 0.519562 
792000 0.654083 0.445194 0.487842 0.242263 0.485833 0.530516 0.448744 0.579389 0.162943 0.503667 
793000 0.630265 0.455685 0.467791 0.254089 0.464918 0.510526 0.460127 0.568234 0.135945 0.476261 
794000 0.653765 0.429054 0.445073 0.313559 0.443603 0.528854 0.429032 0.549878 0.115433 0.502140 
795000 0.614534 0.464655 0.457716 0.293666 0.491265 0.504318 0.440890 0.550319 0.117647 0.500762 
796000 0.632733 0.428829 0.455907 0.286442 0.471748 0.522651 0.459502 0.593085 0.120797 0.510143 
797000 0.631012 0.425000 0.487018 0.276730 0.506849 0.524866 0.479358 0.564609 0.123623 0.513802 
798000 0.635220 0.432554 0.465135 0.307381 0.483026 0.518229 0.422524 0.582391 0.113208 0.539512 
799000 0.638032 0.439067 0.471449 0.246955 0.468411 0.539216 0.476510 0.577013 0.130612 0.494075 
800000 0.647535 0.449275 0.478793 0.310881 0.483913 0.558175 0.430217 0.574830 0.149940 0.500912 
801000 0.592044 0.441374 0.521382 0.284911 0.500352 0.537066 0.440293 0.571890 0.154381 0.482143 
802000 0.639134 0.448859 0.490040 0.327694 0.500000 0.528746 0.441736 0.541730 0.127577 0.482523 
803000 0.632747 0.444160 0.437739 0.307620 0.497465 0.596273 0.422583 0.555952 0.139733 0.493459 
804000 0.636892 0.452020 0.439359 0.329380 0.495630 0.578303 0.426877 0.561258 0.156398 0.455172 
805000 0.639430 0.431963 0.489846 0.299228 0.460881 0.558673 0.467267 0.554923 0.140575 0.498203 
806000 0.641948 0.466667 0.468160 0.296552 0.483432 0.538344 0.492999 0.594276 0.148069 0.520804 
807000 0.623420 0.443609 0.475288 0.321460 0.487148 0.553339 0.442089 0.579070 0.158580 0.496703 
808000 0.640216 0.453711 0.430855 0.312679 0.506510 0.558402 0.442046 0.570826 0.144391 0.504747 
809000 0.617490 0.465993 0.474731 0.297513 0.519861 0.551584 0.406593 0.590599 0.182927 0.464014 
810000 0.627189 0.447964 0.463415 0.286225 0.481066 0.561756 0.438884 0.564807 0.170213 0.467401 
811000 0.622024 0.467636 0.445498 0.292639 0.475610 0.527897 0.448485 0.573484 0.170543 0.467938 
812000 0.627581 0.450647 0.460213 0.314672 0.471047 0.543605 0.464630 0.535749 0.159956 0.501101 
813000 0.612344 0.460169 0.470769 0.306604 0.487985 0.579985 0.424146 0.539713 0.168478 0.497516 
814000 0.644203 0.463076 0.470896 0.267765 0.474587 0.565312 0.485889 0.553938 0.148230 0.475844 
815000 0.652954 0.457716 0.441776 0.290123 0.470893 0.554495 0.470803 0.592814 0.139181 0.465273 
816000 0.661215 0.481481 0.493496 0.298611 0.473277 0.552206 0.432168 0.563436 0.172808 0.496132 
817000 0.640798 0.466821 0.483871 0.322083 0.474004 0.589223 0.474125 0.568644 0.137845 0.492180 
818000 0.651248 0.481118 0.476642 0.274933 0.469468 0.527221 0.473979 0.576041 0.130647 0.469244 
819000 0.659543 0.471332 0.453125 0.291423 0.482903 0.507845 0.472653 0.606732 0.119710 0.490115 
820000 0.651264 0.496988 0.506183 0.292581 0.499364 0.536280 0.448826 0.554554 0.117778 0.489045 
821000 0.675154 0.476802 0.481986 0.294411 0.468098 0.541885 0.453243 0.566296 0.125326 0.487452 
822000 0.666404 0.457500 0.461868 0.305705 0.473649 0.533032 0.457058 0.569355 0.144221 0.488714 
823000 0.638640 0.465776 0.464878 0.266990 0.506292 0.567721 0.458438 0.556962 0.149556 0.472269 
824000 0.684084 0.487121 0.461897 0.294064 0.479874 0.560778 0.470862 0.585404 0.151134 0.498387 
825000 0.661171 0.505647 0.465793 0.301228 0.488796 0.554422 0.489346 0.581340 0.156291 0.452303 
826000 0.681550 0.456349 0.468777 0.270927 0.491930 0.514173 0.482558 0.555649 0.129760 0.479575 
827000 0.627997 0.489292 0.475800 0.258325 0.515152 0.577398 0.507001 0.605916 0.189533 0.491568 
828000 0.635350 0.438494 0.452240 0.257322 0.479532 0.561962 0.508000 0.597681 0.172840 0.465426 
829000 0.634357 0.444274 0.452572 0.226155 0.488079 0.558626 0.495640 0.554247 0.188525 0.483607 
830000 0.659332 0.491137 0.488281 0.234286 0.502171 0.533989 0.514754 0.598030 0.150282 0.486704 
831000 0.658339 0.451372 0.490076 0.217476 0.486192 0.527966 0.491594 0.592413 0.120779 0.491228 
832000 0.668822 0.462585 0.481399 0.253199 0.487444 0.554913 0.440928 0.587140 0.126238 0.508914 
833000 0.638199 0.461655 0.491360 0.252769 0.477685 0.577758 0.501951 0.594371 0.160567 0.473552 
834000 0.645693 0.444271 0.452756 0.251643 0.514434 0.539182 0.512263 0.571031 0.189781 0.474131 
835000 0.634852 0.467159 0.493641 0.270955 0.484868 0.536073 0.461284 0.590872 0.198498 0.508621 
836000 0.624815 0.467341 0.509788 0.290758 0.500620 0.569837 0.462751 0.590721 0.161327 0.478896 
837000 0.659859 0.487640 0.483587 0.307385 0.494087 0.578811 0.481425 0.578632 0.176201 0.452946 
838000 0.673810 0.488095 0.474874 0.313253 0.451713 0.550261 0.476125 0.563470 0.153531 0.479452 
839000 0.675402 0.483642 0.472629 0.264981 0.489501 0.557707 0.476286 0.540450 0.177322 0.477532 
840000 0.644518 0.464933 0.495751 0.286940 0.497117 0.537702 0.487633 0.571751 0.156977 0.470774 
841000 0.672414 0.480499 0.464502 0.285214 0.474564 0.559968 0.508621 0.591935 0.153595 0.503017 
842000 0.684093 0.465232 0.465596 0.299910 0.485271 0.535590 0.498663 0.561569 0.151279 0.470892 
843000 0.657708 0.462709 0.482104 0.253024 0.493943 0.569177 0.482594 0.571888 0.158192 0.491587 
844000 0.671393 0.469962 0.454341 0.251232 0.485537 0.555157 0.468315 0.573427 0.170621 0.473064 
845000 0.699319 0.471683 0.490909 0.213749 0.473969 0.565181 0.488943 0.597176 0.210136 0.468750 
846000 0.655066 0.451109 0.464918 0.259487 0.479046 0.543424 0.481168 0.584078 0.175708 0.472954 
847000 0.624180 0.482697 0.479842 0.249318 0.484476 0.579084 0.482848 0.582665 0.184431 0.464626 
848000 0.671980 0.488889 0.497010 0.293279 0.468305 0.554413 0.458228 0.538951 0.170552 0.516492 
849000 0.640924 0.451561 0.503263 0.287462 0.484556 0.533658 0.493186 0.560771 0.152795 0.501096 
850000 0.655672 0.477588 0.497946 0.297607 0.484683 0.585344 0.500317 0.564060 0.178738 0.489796 
851000 0.654442 0.458232 0.494348 0.299278 0.467378 0.566638 0.450535 0.568057 0.163291 0.499323 
852000 0.671127 0.482993 0.460526 0.263212 0.493590 0.604572 0.474175 0.547368 0.180481 0.500689 
853000 0.670068 0.444444 0.490922 0.301136 0.481455 0.577869 0.487681 0.529895 0.176128 0.500000 
854000 0.653683 0.469388 0.461191 0.315634 0.461796 0.567675 0.489187 0.573090 0.160494 0.477749 
855000 0.666920 0.473684 0.467357 0.315041 0.475811 0.566129 0.481428 0.589074 0.175692 0.484234 
856000 0.635363 0.432407 0.443239 0.263401 0.478125 0.563275 0.489765 0.582710 0.163972 0.509558 
857000 0.663558 0.476977 0.465004 0.284474 0.482477 0.603654 0.488584 0.585799 0.178359 0.489516 
858000 0.662441 0.480632 0.483752 0.290461 0.476658 0.564743 0.468504 0.590525 0.188369 0.496302 
859000 0.666667 0.457627 0.491765 0.272727 0.478002 0.566393 0.472116 0.593776 0.174623 0.481757 
860000 0.625407 0.454969 0.457330 0.286742 0.472240 0.573034 0.505948 0.576606 0.159437 0.478125 
861000 0.630583 0.476744 0.452539 0.278261 0.491514 0.519968 0.487066 0.607826 0.164326 0.473796 
862000 0.628397 0.487981 0.435400 0.302657 0.494245 0.526582 0.491018 0.613311 0.162500 0.487281 
863000 0.645702 0.460624 0.464756 0.290856 0.473893 0.554675 0.498990 0.598738 0.127950 0.485261 
864000 0.641064 0.474679 0.467414 0.260059 0.454413 0.540481 0.497014 0.550969 0.200538 0.500678 
865000 0.625723 0.458475 0.487747 0.277190 0.488597 0.554539 0.484976 0.557280 0.154994 0.493544 
866000 0.627644 0.455675 0.476826 0.278069 0.503084 0.540483 0.500945 0.579026 0.138051 0.468837 
867000 0.614458 0.427184 0.492884 0.218391 0.467243 0.570139 0.515293 0.533333 0.170068 0.471120 
868000 0.652399 0.454545 0.457641 0.254271 0.455182 0.569547 0.517406 0.563359 0.129333 0.479798 
869000 0.619623 0.470840 0.456318 0.239234 0.474350 0.560817 0.508244 0.579668 0.153471 0.468132 
870000 0.616101 0.470840 0.461767 0.255396 0.494831 0.524481 0.522359 0.595796 0.163347 0.463553 
871000 0.641445 0.483010 0.477730 0.277387 0.494881 0.533747 0.510669 0.575062 0.178962 0.484225 
872000 0.630904 0.460725 0.493939 0.279768 0.469771 0.546737 0.471148 0.597494 0.180412 0.482708 
873000 0.638763 0.462308 0.469046 0.274531 0.466802 0.570764 0.467970 0.610068 0.179669 0.474290 
874000 0.637980 0.455224 0.506034 0.298319 0.485793 0.549363 0.472535 0.618780 0.128499 0.448057 
875000 0.645638 0.441361 0.482988 0.302476 0.476046 0.551240 0.498326 0.552827 0.167630 0.501290 
876000 0.621367 0.494128 0.474411 0.309426 0.468345 0.544348 0.487004 0.529037 0.139463 0.470467 
877000 0.650842 0.480734 0.455167 0.292949 0.500000 0.522692 0.470588 0.585404 0.131783 0.490860 
878000 0.636914 0.452583 0.466875 0.287367 0.476790 0.559600 0.502463 0.559061 0.130533 0.497037 
879000 0.646538 0.450484 0.486486 0.303001 0.452055 0.559295 0.500377 0.572934 0.127358 0.493238 
880000 0.652800 0.470397 0.520000 0.322957 0.453444 0.543983 0.478764 0.571429 0.153049 0.485305 
881000 0.658952 0.484925 0.482412 0.328141 0.483831 0.556726 0.504286 0.600000 0.149686 0.469639 
882000 0.662172 0.436945 0.478425 0.332039 0.480289 0.551959 0.498870 0.576147 0.127563 0.472285 
883000 0.625181 0.457014 0.497318 0.300752 0.425700 0.538211 0.466309 0.578188 0.109529 0.463860 
884000 0.618026 0.479618 0.467636 0.277281 0.472934 0.563082 0.494521 0.584395 0.130584 0.471409 
885000 0.633833 0.446246 0.471933 0.287335 0.505535 0.553659 0.516340 0.561107 0.114416 0.474457 
886000 0.631082 0.472325 0.476636 0.271955 0.498127 0.551272 0.530303 0.530422 0.143022 0.510288 
887000 0.633896 0.470990 0.478801 0.312762 0.476562 0.542241 0.502660 0.581014 0.158151 0.458221 
888000 0.612063 0.461667 0.475397 0.305801 0.465702 0.536603 0.500000 0.545926 0.182051 0.443314 
889000 0.628006 0.456667 0.477157 0.280887 0.466484 0.548363 0.498236 0.557377 0.161830 0.441860 
890000 0.646977 0.489619 0.473289 0.283537 0.485623 0.565432 0.513410 0.564516 0.147594 0.485467 
891000 0.634697 0.485306 0.485859 0.308374 0.500627 0.529743 0.500661 0.541631 0.152392 0.454911 
892000 0.632244 0.480667 0.455752 0.328454 0.489664 0.549543 0.491957 0.591398 0.143396 0.476089 
893000 0.608438 0.495351 0.479345 0.325628 0.482895 0.538332 0.518072 0.568567 0.151634 0.465979 
894000 0.625884 0.498004 0.506236 0.319052 0.495841 0.563916 0.534985 0.551891 0.133670 0.489041 
895000 0.624427 0.463850 0.476154 0.306562 0.453488 0.591882 0.512249 0.541319 0.136476 0.452816 
896000 0.644622 0.476620 0.487388 0.298077 0.500000 0.534783 0.482208 0.580202 0.108247 0.470421 
897000 0.662890 0.439347 0.494557 0.299401 0.471069 0.529458 0.511913 0.570898 0.111111 0.485315 
898000 0.633431 0.450156 0.470677 0.303589 0.456752 0.546194 0.509286 0.557183 0.127577 0.501191 
899000 0.618223 0.491629 0.498944 0.340304 0.506089 0.544759 0.474474 0.548540 0.134872 0.499349 
900000 0.616279 0.437216 0.471583 0.288848 0.476729 0.535687 0.511747 0.560279 0.170909 0.463777 
901000 0.629818 0.459633 0.482234 0.288826 0.465482 0.540885 0.499626 0.556044 0.130536 0.507828 
902000 0.649927 0.496266 0.491564 0.272059 0.460370 0.542301 0.507757 0.606156 0.155235 0.487738 
903000 0.613027 0.450245 0.477395 0.292823 0.466755 0.560583 0.473233 0.586207 0.144706 0.522915 
904000 0.625000 0.450039 0.514109 0.272189 0.464728 0.515661 0.502527 0.570400 0.138150 0.513661 
905000 0.627142 0.469278 0.497689 0.307167 0.455352 0.552075 0.508397 0.568099 0.144048 0.478893 
906000 0.604635 0.477435 0.511364 0.309187 0.470960 0.537809 0.523148 0.537066 0.135722 0.476190 
907000 0.633210 0.451446 0.512764 0.297565 0.478954 0.548762 0.505470 0.577760 0.144781 0.500703 
908000 0.650485 0.444612 0.499625 0.268173 0.492870 0.536378 0.489857 0.573143 0.118607 0.458303 
909000 0.618549 0.473643 0.517212 0.295833 0.499682 0.534779 0.505226 0.561868 0.135201 0.493170 
910000 0.625086 0.442912 0.500390 0.313000 0.501560 0.561760 0.462059 0.559216 0.155172 0.473985 
911000 0.623529 0.476889 0.510638 0.292146 0.465450 0.549388 0.510989 0.543165 0.136911 0.489606 
912000 0.612954 0.482731 0.513453 0.284756 0.479124 0.569231 0.512510 0.537528 0.188986 0.483700 
913000 0.626193 0.454401 0.545185 0.347561 0.473584 0.519700 0.481175 0.545254 0.152672 0.471406 
914000 0.662687 0.453859 0.518750 0.307825 0.420890 0.572387 0.494697 0.590538 0.125954 0.474679 
915000 0.627168 0.450458 0.511224 0.302693 0.465471 0.576819 0.503259 0.541051 0.159740 0.466236 
916000 0.611448 0.478565 0.501453 0.328824 0.488424 0.495726 0.487314 0.577017 0.133891 0.462276 
917000 0.607093 0.485974 0.537289 0.329114 0.500677 0.517506 0.511817 0.558577 0.144408 0.482853 
918000 0.624569 0.486163 0.530769 0.333333 0.456279 0.506849 0.489482 0.560363 0.172327 0.469646 
919000 0.650576 0.442802 0.498783 0.363538 0.435780 0.537190 0.471743 0.580843 0.149616 0.508678 
920000 0.592007 0.477936 0.507289 0.327172 0.451760 0.520194 0.502276 0.551520 0.167582 0.513514 
921000 0.642703 0.473387 0.536129 0.306504 0.475267 0.510015 0.505695 0.551301 0.153635 0.509382 
922000 0.614022 0.460857 0.515844 0.315442 0.470215 0.505352 0.489214 0.538350 0.122853 0.490353 
923000 0.647656 0.459224 0.513533 0.349146 0.459341 0.482362 0.492787 0.528966 0.177749 0.499296 
924000 0.635181 0.500000 0.518550 0.339918 0.473069 0.512389 0.499648 0.537462 0.143184 0.470963 
925000 0.625889 0.490399 0.500393 0.338379 0.451724 0.494922 0.494206 0.540103 0.137560 0.476260 
926000 0.592517 0.489396 0.514372 0.349787 0.480878 0.515683 0.502911 0.574483 0.151134 0.496173 
927000 0.650869 0.454826 0.525411 0.331740 0.459623 0.504036 0.515692 0.525021 0.145357 0.494269 
928000 0.619729 0.457921 0.502707 0.331822 0.440294 0.492582 0.496166 0.533165 0.128307 0.490350 
929000 0.627193 0.483063 0.501667 0.319967 0.480142 0.501433 0.483444 0.524390 0.135935 0.518081 
930000 0.625554 0.462256 0.505990 0.311270 0.483002 0.482428 0.509174 0.545694 0.187870 0.511593 
931000 0.670266 0.454018 0.520314 0.333633 0.507867 0.493281 0.495720 0.500859 0.153374 0.476257 
932000 0.625758 0.466195 0.540000 0.335911 0.502389 0.507346 0.490640 0.523877 0.170088 0.502770 
933000 0.620592 0.438023 0.543194 0.310881 0.463165 0.502914 0.519882 0.525705 0.179207 0.486449 
934000 0.593183 0.498761 0.566176 0.293478 0.458571 0.518400 0.552972 0.560606 0.175272 0.482759 
935000 0.632391 0.465174 0.515581 0.292027 0.457219 0.500443 0.528926 0.504043 0.148094 0.517928 
936000 0.630184 0.435511 0.521398 0.344697 0.466491 0.519078 0.523385 0.544657 0.140669 0.479786 
937000 0.644566 0.454831 0.538567 0.325873 0.466376 0.493681 0.507768 0.553733 0.167560 0.454261 
938000 0.598790 0.469498 0.505263 0.307282 0.488413 0.516049 0.472618 0.554593 0.151629 0.524800 
939000 0.620351 0.442575 0.551408 0.299618 0.491347 0.515654 0.504213 0.543548 0.152174 0.484291 
940000 0.617198 0.424603 0.537217 0.300000 0.476804 0.533929 0.492722 0.575439 0.146067 0.514894 
941000 0.616487 0.462918 0.531768 0.301025 0.466948 0.540598 0.501412 0.522971 0.133850 0.508571 
942000 0.609439 0.453788 0.523878 0.289778 0.470956 0.528109 0.505361 0.546957 0.161212 0.532731 
943000 0.632653 0.470116 0.543103 0.288650 0.492424 0.497925 0.529189 0.542698 0.147420 0.475879 
944000 0.633670 0.457716 0.549584 0.294527 0.484671 0.477255 0.506006 0.520482 0.163957 0.492075 
945000 0.602720 0.428082 0.534810 0.307356 0.487516 0.497201 0.481231 0.550479 0.129395 0.486677 
946000 0.623219 0.431122 0.550712 0.314286 0.501383 0.482394 0.498133 0.580093 0.114875 0.499325 
947000 0.626277 0.408040 0.539952 0.314262 0.488204 0.499190 0.496947 0.592703 0.125364 0.496847 
948000 0.606535 0.422604 0.537063 0.315661 0.480292 0.498861 0.500000 0.549137 0.154450 0.498588 
949000 0.625926 0.451264 0.530734 0.340668 0.488722 0.463656 0.523556 0.531069 0.122053 0.488776 
950000 0.604472 0.458219 0.530093 0.325260 0.459572 0.484960 0.546656 0.544131 0.114796 0.483217 
951000 0.587908 0.413100 0.540206 0.319862 0.448095 0.493610 0.555633 0.552889 0.124542 0.501513 
952000 0.624238 0.453689 0.548529 0.347576 0.451613 0.478577 0.527464 0.560531 0.129288 0.472741 
953000 0.608470 0.448365 0.505763 0.366265 0.474359 0.452342 0.505099 0.561072 0.147395 0.489067 
954000 0.613854 0.450175 0.522008 0.336327 0.481258 0.485876 0.519732 0.562135 0.171250 0.517098 
955000 0.619241 0.460481 0.549807 0.322341 0.448021 0.461728 0.536075 0.568482 0.148379 0.482391 
956000 0.598530 0.480543 0.533218 0.388993 0.440918 0.466615 0.500336 0.559298 0.123077 0.493375 
957000 0.598221 0.476991 0.565091 0.360190 0.440273 0.469388 0.498226 0.540281 0.137333 0.495094 
958000 0.607287 0.436631 0.529851 0.330036 0.465969 0.428804 0.514647 0.546474 0.125000 0.478916 
959000 0.605896 0.437914 0.531459 0.333032 0.452661 0.448728 0.505556 0.564553 0.155587 0.496189 
960000 0.610964 0.431405 0.549738 0.341255 0.454242 0.459517 0.510000 0.552453 0.120438 0.509615 
961000 0.572930 0.458256 0.511080 0.378749 0.442936 0.506154 0.508550 0.564615 0.114407 0.496218 
962000 0.588811 0.443149 0.530242 0.357755 0.435036 0.482587 0.515193 0.519438 0.113514 0.481045 
963000 0.614474 0.439787 0.549652 0.329834 0.445148 0.435424 0.469719 0.537338 0.115885 0.471373 
964000 0.577020 0.407439 0.545323 0.325738 0.471774 0.479429 0.505837 0.532821 0.113402 0.476305 
965000 0.613342 0.453696 0.534137 0.332727 0.478655 0.459201 0.517560 0.553392 0.129298 0.478045 
966000 0.609354 0.429825 0.542258 0.327150 0.456734 0.448536 0.505965 0.537897 0.122195 0.493111 
967000 0.594575 0.460711 0.559345 0.324617 0.452903 0.466890 0.527974 0.563301 0.119369 0.434817 
968000 0.610533 0.488730 0.532380 0.352125 0.480082 0.473146 0.516532 0.566561 0.116915 0.499286 
969000 0.583799 0.453744 0.551645 0.323176 0.489186 0.395751 0.521337 0.568318 0.113821 0.493614 
970000 0.603760 0.494561 0.546977 0.332498 0.456403 0.409055 0.522911 0.547346 0.112399 0.473171 
971000 0.597084 0.440664 0.540176 0.349138 0.478315 0.434524 0.527743 0.559238 0.124372 0.505293 
972000 0.603891 0.471831 0.534036 0.342711 0.472512 0.431677 0.500355 0.558085 0.118563 0.516176 
973000 0.614350 0.459069 0.552036 0.314530 0.461774 0.453170 0.523320 0.547601 0.147094 0.485271 
974000 0.588608 0.493912 0.506494 0.309720 0.481844 0.437350 0.504673 0.565595 0.162411 0.519856 
975000 0.594918 0.466129 0.551724 0.351017 0.472299 0.455596 0.479821 0.550075 0.180523 0.490754 
976000 0.576425 0.424607 0.528683 0.364366 0.462646 0.466012 0.515675 0.550212 0.171393 0.487088 
977000 0.614096 0.501416 0.523309 0.348112 0.474564 0.451900 0.510417 0.563444 0.168305 0.465492 
978000 0.601585 0.469147 0.528125 0.344464 0.463912 0.457516 0.501300 0.555643 0.170060 0.467686 
979000 0.611072 0.484743 0.502449 0.367287 0.463284 0.463926 0.502551 0.530973 0.160544 0.501422 
980000 0.597516 0.472712 0.503765 0.357921 0.486579 0.421746 0.524224 0.517465 0.165289 0.482075 
981000 0.572062 0.463289 0.526471 0.354130 0.458484 0.430802 0.523191 0.563733 0.158711 0.528832 
982000 0.579433 0.454094 0.540810 0.311787 0.443265 0.471682 0.509409 0.560338 0.158621 0.464953 
983000 0.601342 0.472473 0.517990 0.364780 0.467096 0.467357 0.536925 0.554779 0.141827 0.496713 
984000 0.580500 0.459805 0.530551 0.307629 0.455687 0.432701 0.517464 0.599528 0.170091 0.476303 
985000 0.589635 0.431186 0.501814 0.331361 0.486328 0.471154 0.533377 0.569311 0.136527 0.492500 
986000 0.591635 0.464955 0.515007 0.324444 0.485411 0.499599 0.543860 0.557803 0.181265 0.499647 
987000 0.588480 0.465273 0.528816 0.356705 0.425614 0.515663 0.504774 0.549020 0.156364 0.515212 
988000 0.605663 0.461373 0.525048 0.371724 0.472789 0.446429 0.508125 0.557647 0.126904 0.502650 
989000 0.530410 0.464161 0.537709 0.357835 0.460927 0.447028 0.514304 0.576923 0.127962 0.497976 
990000 0.576947 0.454102 0.531583 0.353123 0.439495 0.428936 0.521070 0.603546 0.114478 0.467532 
991000 0.571895 0.464439 0.549209 0.389181 0.440081 0.481221 0.537063 0.573859 0.140107 0.478358 
992000 0.540420 0.460993 0.528689 0.358171 0.475741 0.478571 0.517623 0.558072 0.126526 0.454277 
993000 0.530281 0.460754 0.539180 0.383222 0.483217 0.482456 0.513439 0.573770 0.129723 0.433588 
994000 0.551193 0.486254 0.498706 0.360863 0.458204 0.452361 0.505754 0.580087 0.122940 0.428152 
995000 0.563732 0.455843 0.538655 0.350722 0.456808 0.475167 0.508829 0.577138 0.116414 0.423227 
996000 0.555329 0.462874 0.550028 0.367385 0.456318 0.458699 0.542088 0.558610 0.124697 0.425583 
997000 0.565584 0.478764 0.542746 0.350441 0.481622 0.453099 0.529412 0.557823 0.124146 0.454193 
998000 0.575448 0.503150 0.542601 0.344856 0.464925 0.446178 0.511928 0.576299 0.131968 0.449092 
999000 0.554765 0.500460 0.541075 0.290688 0.493307 0.484159 0.517576 0.530787 0.145094 0.431712 
1000000 1.000000 1.000000 1.000000 0.000000 1.000000 0.000000 0.000000 1.000000 0.000000 0.000000 
