0	11	6	8	9	8	6	9	15	21	11	0	0	0	0	0	0	0	0	0	0	0	0	0
1000	3	6	9	0	6	5	4	3	6	3	0	1000	0	0	0	0	0	0	0	0	0	0	0
2000	7	2	0	3	8	2	3	18	1	5	0	2000	0	0	0	0	0	0	0	0	0	0	0
3000	2	1	4	1	13	0	4	2	4	8	0	3000	0	0	0	0	0	0	0	0	0	0	0
4000	3	4	7	5	4	1	2	0	12	4	0	4000	0	0	0	0	0	0	0	0	0	0	0
5000	3	2	4	5	5	4	0	9	3	6	0	5000	0	0	0	0	0	0	0	0	0	0	0
6000	2	4	2	7	12	5	13	6	4	10	0	6000	0	0	0	0	0	0	0	0	0	0	0
7000	5	3	1	3	1	0	4	0	3	6	0	7000	0	0	0	0	0	0	0	0	0	0	0
8000	4	5	8	5	2	11	4	2	6	8	0	8000	0	0	0	0	0	0	0	0	0	0	0
9000	8	4	5	1	2	9	2	3	1	17	0	9000	0	0	0	0	0	0	0	0	0	0	0
10000	12	6	12	2	24	7	3	3	8	15	0	10000	0	0	0	0	0	0	0	0	0	0	0
11000	18	11	6	5	7	6	10	0	13	17	0	11000	0	0	0	0	0	0	0	0	0	0	0
12000	22	21	26	7	6	10	23	7	17	24	0	12000	0	0	0	0	0	0	0	0	0	0	0
13000	14	11	18	11	2	12	23	10	3	17	0	13000	0	0	0	0	0	0	0	0	0	0	0
14000	38	2	19	11	1	12	29	3	16	29	0	14000	0	0	0	0	0	0	0	0	0	0	0
15000	31	22	12	7	16	7	31	5	12	30	0	15000	0	0	0	0	0	0	0	0	0	0	0
16000	21	28	9	10	13	19	14	2	3	39	0	16000	0	0	0	0	0	0	0	0	0	0	0
17000	30	23	1	10	14	22	59	9	23	42	0	17000	0	0	0	0	0	0	0	0	0	0	0
18000	33	11	7	8	5	9	41	8	26	61	0	18000	0	0	0	0	0	0	0	0	0	0	0
19000	40	14	15	1	4	1	25	10	19	52	0	19000	0	0	0	0	0	0	0	0	0	0	0
20000	38	18	17	10	34	4	9	2	30	57	0	20000	0	0	0	0	0	0	0	0	0	0	0
21000	24	11	6	18	11	4	24	8	24	48	0	21000	0	0	0	0	0	0	0	0	0	0	0
22000	49	27	2	13	18	8	70	17	18	60	0	22000	0	0	0	0	0	0	0	0	0	0	0
23000	51	28	3	7	35	9	34	9	15	105	0	23000	0	0	0	0	0	0	0	0	0	0	0
24000	28	17	14	4	39	13	40	2	9	133	0	24000	0	0	0	0	0	0	0	0	0	0	0
25000	33	20	15	5	33	7	14	1	22	64	0	25000	0	0	0	0	0	0	0	0	0	0	0
26000	33	10	19	9	39	11	8	2	28	92	0	26000	0	0	0	0	0	0	0	0	0	0	0
27000	28	18	33	3	12	11	21	2	20	126	0	27000	0	0	0	0	0	0	0	0	0	0	0
28000	27	22	18	4	14	28	48	2	12	155	0	28000	0	0	0	0	0	0	0	0	0	0	0
29000	39	9	22	2	23	33	43	2	5	169	0	29000	0	0	0	0	0	0	0	0	0	0	0
30000	40	18	20	2	25	24	42	1	8	138	0	30000	0	0	0	0	0	0	0	0	0	0	0
31000	47	38	29	6	29	27	49	6	4	166	0	31000	0	0	0	0	0	0	0	0	0	0	0
32000	69	39	4	0	17	19	26	0	6	182	0	32000	0	0	0	0	0	0	0	0	0	0	0
33000	60	33	8	2	10	14	15	10	12	224	0	33000	0	0	0	0	0	0	0	0	0	0	0
34000	68	17	14	8	3	21	17	2	9	211	0	34000	0	0	0	0	0	0	0	0	0	0	0
35000	82	32	26	10	52	10	17	0	24	182	0	35000	0	0	0	0	0	0	0	0	0	0	0
36000	83	28	25	0	42	18	20	1	13	142	0	36000	0	0	0	0	0	0	0	0	0	0	0
37000	92	39	19	3	33	32	16	0	7	147	0	37000	0	0	0	0	0	0	0	0	0	0	0
38000	91	54	4	14	32	9	18	0	9	149	0	38000	0	0	0	0	0	0	0	0	0	0	0
39000	93	36	8	9	13	16	20	10	25	164	0	39000	0	0	0	0	0	0	0	0	0	0	0
40000	100	30	24	12	18	6	19	13	3	185	0	40000	0	0	0	0	0	0	0	0	0	0	0
41000	87	65	9	7	15	27	21	8	4	118	0	41000	0	0	0	0	0	0	0	0	0	0	0
42000	77	38	16	10	16	16	32	11	7	70	0	42000	0	0	0	0	0	0	0	0	0	0	0
43000	105	24	17	2	13	44	32	13	11	108	0	43000	0	0	0	0	0	0	0	0	0	0	0
44000	123	20	17	2	38	26	81	5	29	132	0	44000	0	0	0	0	0	0	0	0	0	0	0
45000	91	19	19	15	45	20	38	4	7	109	0	45000	0	0	0	0	0	0	0	0	0	0	0
46000	76	43	38	20	35	30	26	0	13	154	0	46000	0	0	0	0	0	0	0	0	0	0	0
47000	92	53	19	17	18	22	50	1	4	141	0	47000	0	0	0	0	0	0	0	0	0	0	0
48000	84	47	15	10	25	28	37	2	6	160	0	48000	0	0	0	0	0	0	0	0	0	0	0
49000	94	35	23	9	18	32	38	2	4	201	0	49000	0	0	0	0	0	0	0	0	0	0	0
50000	133	28	16	9	41	19	41	2	7	194	0	50000	0	0	0	0	0	0	0	0	0	0	0
51000	132	64	24	29	47	34	16	2	8	232	0	51000	0	0	0	0	0	0	0	0	0	0	0
52000	102	60	18	13	43	25	44	0	2	262	0	52000	0	0	0	0	0	0	0	0	0	0	0
53000	108	64	18	15	38	14	42	2	3	268	0	53000	0	0	0	0	0	0	0	0	0	0	0
54000	134	72	30	8	47	15	96	8	1	269	0	54000	0	0	0	0	0	0	0	0	0	0	0
55000	144	88	36	6	54	4	81	6	6	187	0	55000	0	0	0	0	0	0	0	0	0	0	0
56000	124	113	21	9	19	16	44	4	4	209	0	56000	0	0	0	0	0	0	0	0	0	0	0
57000	111	48	21	3	26	12	100	12	6	248	0	57000	0	0	0	0	0	0	0	0	0	0	0
58000	142	74	27	13	30	33	74	17	9	271	0	58000	0	0	0	0	0	0	0	0	0	0	0
59000	155	85	44	5	14	27	57	9	3	314	0	59000	0	0	0	0	0	0	0	0	0	0	0
60000	166	71	25	10	21	30	100	5	6	288	0	60000	0	0	0	0	0	0	0	0	0	0	0
61000	177	41	33	11	34	31	92	37	6	257	0	61000	0	0	0	0	0	0	0	0	0	0	0
62000	165	71	34	4	13	5	39	34	5	279	0	62000	0	0	0	0	0	0	0	0	0	0	0
63000	158	39	14	21	6	10	41	40	6	231	0	63000	0	0	0	0	0	0	0	0	0	0	0
64000	179	88	25	14	22	16	48	24	6	171	0	64000	0	0	0	0	0	0	0	0	0	0	0
65000	150	90	41	32	35	26	100	16	6	136	0	65000	0	0	0	0	0	0	0	0	0	0	0
66000	171	104	57	31	30	8	44	27	10	127	0	66000	0	0	0	0	0	0	0	0	0	0	0
67000	179	86	17	47	34	17	60	29	1	190	0	67000	0	0	0	0	0	0	0	0	0	0	0
68000	189	179	10	30	41	14	47	32	3	264	0	68000	0	0	0	0	0	0	0	0	0	0	0
69000	183	165	10	44	49	19	19	7	5	244	0	69000	0	0	0	0	0	0	0	0	0	0	0
70000	205	143	21	24	36	8	66	21	4	173	0	70000	0	0	0	0	0	0	0	0	0	0	0
71000	253	162	17	43	35	8	42	25	0	159	0	71000	0	0	0	0	0	0	0	0	0	0	0
72000	235	200	20	54	22	8	37	21	1	175	0	72000	0	0	0	0	0	0	0	0	0	0	0
73000	212	174	24	77	52	5	32	21	1	204	0	73000	0	0	0	0	0	0	0	0	0	0	0
74000	243	126	27	41	60	24	57	58	2	181	0	74000	0	0	0	0	0	0	0	0	0	0	0
75000	246	136	44	41	62	13	79	24	2	150	0	75000	0	0	0	0	0	0	0	0	0	0	0
76000	295	183	28	27	22	33	48	8	1	156	0	76000	0	0	0	0	0	0	0	0	0	0	0
77000	226	183	42	35	24	32	28	11	5	167	0	77000	0	0	0	0	0	0	0	0	0	0	0
78000	225	132	31	78	41	9	25	9	1	156	0	78000	0	0	0	0	0	0	0	0	0	0	0
79000	278	170	37	46	32	10	53	17	2	161	0	79000	0	0	0	0	0	0	0	0	0	0	0
80000	368	219	96	46	5	10	59	28	4	211	0	80000	0	0	0	0	0	0	0	0	0	0	0
81000	311	215	80	68	22	41	105	62	4	181	0	81000	0	0	0	0	0	0	0	0	0	0	0
82000	268	191	66	25	36	37	128	59	0	174	0	82000	0	0	0	0	0	0	0	0	0	0	0
83000	282	200	95	31	73	28	122	41	5	183	0	83000	0	0	0	0	0	0	0	0	0	0	0
84000	282	228	100	20	45	38	157	29	14	248	0	84000	0	0	0	0	0	0	0	0	0	0	0
85000	316	234	87	45	20	70	121	46	9	269	0	85000	0	0	0	0	0	0	0	0	0	0	0
86000	300	182	91	66	31	68	70	83	3	214	0	86000	0	0	0	0	0	0	0	0	0	0	0
87000	231	191	62	98	60	71	124	98	1	209	0	87000	0	0	0	0	0	0	0	0	0	0	0
88000	299	170	60	107	59	71	119	62	4	219	0	88000	0	0	0	0	0	0	0	0	0	0	0
89000	297	233	62	94	52	93	135	52	1	193	0	89000	0	0	0	0	0	0	0	0	0	0	0
90000	303	238	55	140	46	120	155	73	3	188	0	90000	0	0	0	0	0	0	0	0	0	0	0
91000	287	259	70	109	36	132	156	80	1	212	0	91000	0	0	0	0	0	0	0	0	0	0	0
92000	285	209	90	110	70	80	163	89	7	193	0	92000	0	0	0	0	0	0	0	0	0	0	0
93000	289	294	62	142	59	73	123	88	8	208	0	93000	0	0	0	0	0	0	0	0	0	0	0
94000	255	210	75	239	76	71	183	69	10	174	0	94000	0	0	0	0	0	0	0	0	0	0	0
95000	261	275	115	223	86	118	172	95	2	191	0	95000	0	0	0	0	0	0	0	0	0	0	0
96000	350	259	65	245	75	104	173	83	4	201	0	96000	0	0	0	0	0	0	0	0	0	0	0
97000	371	234	86	244	73	76	231	110	0	218	0	97000	0	0	0	0	0	0	0	0	0	0	0
98000	372	229	136	273	63	67	218	141	6	164	0	98000	0	0	0	0	0	0	0	0	0	0	0
99000	351	258	160	354	95	53	245	176	4	230	0	99000	0	0	0	0	0	0	0	0	0	0	0
100000	354	258	128	428	84	65	215	174	2	257	0	100000	0	0	0	0	0	0	0	0	0	0	0
101000	316	245	107	378	114	92	257	245	0	346	0	101000	0	0	0	0	0	0	0	0	0	0	0
102000	330	306	107	412	72	84	237	230	1	345	0	102000	0	0	0	0	0	0	0	0	0	0	0
103000	323	311	149	187	83	105	240	249	0	309	0	103000	0	0	0	0	0	0	0	0	0	0	0
104000	343	312	177	318	99	99	221	198	6	291	0	104000	0	0	0	0	0	0	0	0	0	0	0
105000	322	267	187	327	111	82	194	189	2	268	0	105000	0	0	0	0	0	0	0	0	0	0	0
106000	270	229	142	216	101	117	252	187	11	407	0	106000	0	0	0	0	0	0	0	0	0	0	0
107000	396	244	160	278	107	98	283	224	30	348	0	107000	0	0	0	0	0	0	0	0	0	0	0
108000	335	252	189	334	105	96	348	243	10	342	0	108000	0	0	0	0	0	0	0	0	0	0	0
109000	275	254	168	463	98	78	386	300	0	373	0	109000	0	0	0	0	0	0	0	0	0	0	0
110000	238	317	214	355	93	78	331	302	3	357	0	110000	0	0	0	0	0	0	0	0	0	0	0
111000	244	311	163	393	127	97	323	319	8	388	0	111000	0	0	0	0	0	0	0	0	0	0	0
112000	241	351	161	357	138	126	325	280	15	390	0	112000	0	0	0	0	0	0	0	0	0	0	0
113000	369	344	139	347	110	167	292	259	12	320	0	113000	0	0	0	0	0	0	0	0	0	0	0
114000	317	355	109	406	104	166	440	245	2	383	0	114000	0	0	0	0	0	0	0	0	0	0	0
115000	310	291	119	432	132	162	450	257	9	302	0	115000	0	0	0	0	0	0	0	0	0	0	0
116000	337	325	133	389	178	175	428	315	4	344	0	116000	0	0	0	0	0	0	0	0	0	0	0
117000	394	307	116	277	177	149	514	364	2	356	0	117000	0	0	0	0	0	0	0	0	0	0	0
118000	361	275	94	208	189	161	500	264	13	383	0	118000	0	0	0	0	0	0	0	0	0	0	0
119000	433	201	139	283	169	189	326	349	8	369	0	119000	0	0	0	0	0	0	0	0	0	0	0
120000	453	211	161	350	162	216	366	372	1	476	0	120000	0	0	0	0	0	0	0	0	0	0	0
121000	377	278	238	363	132	189	415	342	1	401	0	121000	0	0	0	0	0	0	0	0	0	0	0
122000	391	284	176	129	177	222	463	434	1	390	0	122000	0	0	0	0	0	0	0	0	0	0	0
123000	398	255	114	221	177	273	500	454	12	422	0	123000	0	0	0	0	0	0	0	0	0	0	0
124000	378	215	120	387	185	223	390	459	23	361	0	124000	0	0	0	0	0	0	0	0	0	0	0
125000	365	297	149	304	240	190	552	452	5	419	0	125000	0	0	0	0	0	0	0	0	0	0	0
126000	414	274	177	324	213	165	541	499	6	419	0	126000	0	0	0	0	0	0	0	0	0	0	0
127000	391	243	193	379	236	253	572	438	2	490	0	127000	0	0	0	0	0	0	0	0	0	0	0
128000	365	320	145	412	268	245	553	444	2	487	0	128000	0	0	0	0	0	0	0	0	0	0	0
129000	305	269	159	283	261	224	511	472	1	489	0	129000	0	0	0	0	0	0	0	0	0	0	0
130000	310	314	172	382	259	242	509	495	1	449	0	130000	0	0	0	0	0	0	0	0	0	0	0
131000	266	348	157	334	187	219	556	367	3	460	0	131000	0	0	0	0	0	0	0	0	0	0	0
132000	370	311	155	361	223	237	561	399	4	477	0	132000	0	0	0	0	0	0	0	0	0	0	0
133000	378	325	146	421	234	311	501	358	3	491	0	133000	0	0	0	0	0	0	0	0	0	0	0
134000	389	346	156	538	206	331	518	434	4	483	0	134000	0	0	0	0	0	0	0	0	0	0	0
135000	394	333	169	458	235	296	505	451	4	534	0	135000	0	0	0	0	0	0	0	0	0	0	0
136000	388	313	180	536	206	256	424	377	14	539	0	136000	0	0	0	0	0	0	0	0	0	0	0
137000	346	334	180	416	230	271	497	394	3	464	0	137000	0	0	0	0	0	0	0	0	0	0	0
138000	473	315	147	578	246	284	475	414	8	450	0	138000	0	0	0	0	0	0	0	0	0	0	0
139000	364	296	227	586	229	297	491	413	12	525	0	139000	0	0	0	0	0	0	0	0	0	0	0
140000	436	354	180	485	250	274	516	520	0	389	0	140000	0	0	0	0	0	0	0	0	0	0	0
141000	528	297	212	517	248	266	365	412	1	441	0	141000	0	0	0	0	0	0	0	0	0	0	0
142000	510	346	200	475	261	305	478	402	5	496	0	142000	0	0	0	0	0	0	0	0	0	0	0
143000	486	311	259	523	220	304	413	396	3	459	0	143000	0	0	0	0	0	0	0	0	0	0	0
144000	365	375	208	530	230	349	478	456	4	448	0	144000	0	0	0	0	0	0	0	0	0	0	0
145000	328	369	190	487	195	320	492	409	14	439	0	145000	0	0	0	0	0	0	0	0	0	0	0
146000	382	358	181	521	206	308	513	437	2	394	0	146000	0	0	0	0	0	0	0	0	0	0	0
147000	370	362	195	606	176	315	480	437	1	517	0	147000	0	0	0	0	0	0	0	0	0	0	0
148000	390	353	172	496	215	283	438	458	3	513	0	148000	0	0	0	0	0	0	0	0	0	0	0
149000	413	306	189	426	191	209	523	312	3	506	0	149000	0	0	0	0	0	0	0	0	0	0	0
150000	437	340	228	416	209	253	366	359	2	486	0	150000	0	0	0	0	0	0	0	0	0	0	0
151000	437	383	159	558	240	314	399	441	2	511	0	151000	0	0	0	0	0	0	0	0	0	0	0
152000	438	381	197	500	208	360	456	438	15	460	0	152000	0	0	0	0	0	0	0	0	0	0	0
153000	448	332	151	400	280	358	370	442	9	522	0	153000	0	0	0	0	0	0	0	0	0	0	0
154000	463	376	179	475	258	280	432	532	1	472	0	154000	0	0	0	0	0	0	0	0	0	0	0
155000	382	372	155	428	316	257	365	510	4	424	0	155000	0	0	0	0	0	0	0	0	0	0	0
156000	385	365	236	432	306	363	511	443	1	426	0	156000	0	0	0	0	0	0	0	0	0	0	0
157000	442	397	242	509	306	295	491	408	13	472	0	157000	0	0	0	0	0	0	0	0	0	0	0
158000	437	359	185	523	355	328	488	484	10	449	0	158000	0	0	0	0	0	0	0	0	0	0	0
159000	449	415	215	498	373	361	467	509	10	553	0	159000	0	0	0	0	0	0	0	0	0	0	0
160000	450	450	252	500	391	336	437	411	4	531	0	160000	0	0	0	0	0	0	0	0	0	0	0
161000	480	435	220	534	347	380	468	510	0	524	0	161000	0	0	0	0	0	0	0	0	0	0	0
162000	494	433	204	585	418	359	642	573	1	518	0	162000	0	0	0	0	0	0	0	0	0	0	0
163000	500	456	263	658	402	352	547	502	2	440	0	163000	0	0	0	0	0	0	0	0	0	0	0
164000	461	462	274	615	350	282	486	536	5	472	0	164000	0	0	0	0	0	0	0	0	0	0	0
165000	489	469	327	633	410	303	517	561	2	535	0	165000	0	0	0	0	0	0	0	0	0	0	0
166000	386	484	279	581	380	372	603	551	1	494	0	166000	0	0	0	0	0	0	0	0	0	0	0
167000	502	442	300	646	349	370	511	490	6	438	0	167000	0	0	0	0	0	0	0	0	0	0	0
168000	542	393	300	628	307	375	529	490	4	453	0	168000	0	0	0	0	0	0	0	0	0	0	0
169000	471	370	290	595	336	458	268	472	4	479	0	169000	0	0	0	0	0	0	0	0	0	0	0
170000	469	471	221	630	321	427	333	471	8	497	0	170000	0	0	0	0	0	0	0	0	0	0	0
171000	483	451	250	683	377	438	418	540	9	519	0	171000	0	0	0	0	0	0	0	0	0	0	0
172000	415	389	288	604	288	387	442	572	13	458	0	172000	0	0	0	0	0	0	0	0	0	0	0
173000	428	378	334	588	393	428	531	562	11	477	0	173000	0	0	0	0	0	0	0	0	0	0	0
174000	493	435	271	483	384	282	514	530	1	567	0	174000	0	0	0	0	0	0	0	0	0	0	0
175000	515	367	296	467	440	276	510	580	3	519	0	175000	0	0	0	0	0	0	0	0	0	0	0
176000	409	376	342	528	507	362	459	439	2	458	0	176000	0	0	0	0	0	0	0	0	0	0	0
177000	456	357	309	603	442	342	433	551	12	472	0	177000	0	0	0	0	0	0	0	0	0	0	0
178000	455	407	302	511	341	359	448	491	9	455	0	178000	0	0	0	0	0	0	0	0	0	0	0
179000	459	394	305	589	396	399	432	531	12	529	0	179000	0	0	0	0	0	0	0	0	0	0	0
180000	413	395	353	593	396	319	439	467	6	479	0	180000	0	0	0	0	0	0	0	0	0	0	0
181000	521	437	410	641	336	390	406	461	5	437	0	181000	0	0	0	0	0	0	0	0	0	0	0
182000	480	427	329	561	473	405	409	522	9	447	0	182000	0	0	0	0	0	0	0	0	0	0	0
183000	470	422	306	578	504	416	403	603	28	593	0	183000	0	0	0	0	0	0	0	0	0	0	0
184000	341	403	298	649	473	396	581	617	19	466	0	184000	0	0	0	0	0	0	0	0	0	0	0
185000	341	429	365	668	433	379	529	562	22	440	0	185000	0	0	0	0	0	0	0	0	0	0	0
186000	345	376	333	466	604	439	446	602	16	464	0	186000	0	0	0	0	0	0	0	0	0	0	0
187000	390	414	322	598	559	432	460	610	11	526	0	187000	0	0	0	0	0	0	0	0	0	0	0
188000	404	399	324	544	565	382	459	595	10	448	0	188000	0	0	0	0	0	0	0	0	0	0	0
189000	394	417	381	537	524	446	497	564	19	405	0	189000	0	0	0	0	0	0	0	0	0	0	0
190000	431	484	334	611	386	541	478	597	30	369	0	190000	0	0	0	0	0	0	0	0	0	0	0
191000	458	466	288	614	515	544	535	515	20	434	0	191000	0	0	0	0	0	0	0	0	0	0	0
192000	477	485	356	510	488	585	471	543	22	461	0	192000	0	0	0	0	0	0	0	0	0	0	0
193000	465	461	320	533	502	699	425	587	7	473	0	193000	0	0	0	0	0	0	0	0	0	0	0
194000	453	467	385	523	408	618	442	521	20	399	0	194000	0	0	0	0	0	0	0	0	0	0	0
195000	424	459	388	550	343	578	516	593	25	395	0	195000	0	0	0	0	0	0	0	0	0	0	0
196000	501	459	390	541	383	560	560	607	39	445	0	196000	0	0	0	0	0	0	0	0	0	0	0
197000	466	393	449	441	398	569	531	651	27	486	0	197000	0	0	0	0	0	0	0	0	0	0	0
198000	440	529	394	432	368	561	539	573	21	557	0	198000	0	0	0	0	0	0	0	0	0	0	0
199000	431	608	356	478	356	637	656	643	19	450	0	199000	0	0	0	0	0	0	0	0	0	0	0
200000	479	537	327	568	376	568	674	596	19	441	0	200000	0	0	0	0	0	0	0	0	0	0	0
201000	469	479	347	616	340	590	590	632	13	452	0	201000	0	0	0	0	0	0	0	0	0	0	0
202000	461	489	361	539	383	570	626	500	23	448	0	202000	0	0	0	0	0	0	0	0	0	0	0
203000	408	533	314	565	431	572	487	543	20	489	0	203000	0	0	0	0	0	0	0	0	0	0	0
204000	523	415	210	559	445	675	569	525	10	445	0	204000	0	0	0	0	0	0	0	0	0	0	0
205000	475	480	336	498	469	625	574	555	19	460	0	205000	0	0	0	0	0	0	0	0	0	0	0
206000	450	517	391	580	486	661	666	615	25	455	0	206000	0	0	0	0	0	0	0	0	0	0	0
207000	416	504	340	641	427	663	644	532	25	443	0	207000	0	0	0	0	0	0	0	0	0	0	0
208000	496	490	334	536	389	590	524	508	17	401	0	208000	0	0	0	0	0	0	0	0	0	0	0
209000	525	495	325	584	402	682	492	583	15	362	0	209000	0	0	0	0	0	0	0	0	0	0	0
210000	476	537	350	589	447	604	532	674	9	439	0	210000	0	0	0	0	0	0	0	0	0	0	0
211000	415	555	404	543	500	670	501	584	6	471	0	211000	0	0	0	0	0	0	0	0	0	0	0
212000	528	521	361	613	482	691	509	566	21	537	0	212000	0	0	0	0	0	0	0	0	0	0	0
213000	564	529	296	580	454	774	426	618	7	523	0	213000	0	0	0	0	0	0	0	0	0	0	0
214000	495	529	311	627	420	705	412	593	22	527	0	214000	0	0	0	0	0	0	0	0	0	0	0
215000	508	541	310	538	468	747	457	737	33	578	0	215000	0	0	0	0	0	0	0	0	0	0	0
216000	565	487	364	647	453	638	523	591	14	551	0	216000	0	0	0	0	0	0	0	0	0	0	0
217000	504	512	398	571	415	591	541	645	19	591	0	217000	0	0	0	0	0	0	0	0	0	0	0
218000	480	492	359	574	486	589	599	618	17	591	0	218000	0	0	0	0	0	0	0	0	0	0	0
219000	485	544	432	559	421	696	506	615	14	561	0	219000	0	0	0	0	0	0	0	0	0	0	0
220000	433	520	366	554	431	671	525	556	7	576	0	220000	0	0	0	0	0	0	0	0	0	0	0
221000	520	501	300	515	388	649	455	676	12	542	0	221000	0	0	0	0	0	0	0	0	0	0	0
222000	555	538	409	500	423	716	412	664	15	614	0	222000	0	0	0	0	0	0	0	0	0	0	0
223000	612	534	368	594	438	611	421	644	7	633	0	223000	0	0	0	0	0	0	0	0	0	0	0
224000	502	557	340	466	412	558	554	587	8	618	0	224000	0	0	0	0	0	0	0	0	0	0	0
225000	520	469	373	482	418	626	599	560	17	590	0	225000	0	0	0	0	0	0	0	0	0	0	0
226000	499	567	371	499	418	578	430	645	12	578	0	226000	0	0	0	0	0	0	0	0	0	0	0
227000	579	575	355	409	409	727	452	582	24	612	0	227000	0	0	0	0	0	0	0	0	0	0	0
228000	584	517	392	393	479	665	525	631	22	603	0	228000	0	0	0	0	0	0	0	0	0	0	0
229000	570	475	322	416	509	799	510	661	18	652	0	229000	0	0	0	0	0	0	0	0	0	0	0
230000	630	617	354	384	465	777	543	646	34	650	0	230000	0	0	0	0	0	0	0	0	0	0	0
231000	422	647	337	411	364	669	473	586	39	610	0	231000	0	0	0	0	0	0	0	0	0	0	0
232000	507	499	379	448	435	671	407	613	24	634	0	232000	0	0	0	0	0	0	0	0	0	0	0
233000	589	544	389	514	459	623	600	630	15	561	0	233000	0	0	0	0	0	0	0	0	0	0	0
234000	555	646	329	569	414	692	444	696	7	677	0	234000	0	0	0	0	0	0	0	0	0	0	0
235000	549	591	299	510	416	753	553	596	16	667	0	235000	0	0	0	0	0	0	0	0	0	0	0
236000	484	640	319	539	367	736	467	500	8	706	0	236000	0	0	0	0	0	0	0	0	0	0	0
237000	526	483	278	538	326	645	594	593	5	668	0	237000	0	0	0	0	0	0	0	0	0	0	0
238000	504	482	353	543	407	733	469	622	4	657	0	238000	0	0	0	0	0	0	0	0	0	0	0
239000	495	485	409	517	483	691	472	644	8	696	0	239000	0	0	0	0	0	0	0	0	0	0	0
240000	479	563	411	450	580	643	570	662	17	689	0	240000	0	0	0	0	0	0	0	0	0	0	0
241000	418	600	420	478	589	723	496	463	5	737	0	241000	0	0	0	0	0	0	0	0	0	0	0
242000	521	573	406	472	507	607	496	608	11	689	0	242000	0	0	0	0	0	0	0	0	0	0	0
243000	522	577	367	510	406	701	412	548	12	649	0	243000	0	0	0	0	0	0	0	0	0	0	0
244000	557	591	400	531	412	715	518	614	14	692	0	244000	0	0	0	0	0	0	0	0	0	0	0
245000	569	661	390	563	464	698	603	679	17	635	0	245000	0	0	0	0	0	0	0	0	0	0	0
246000	514	548	394	613	404	625	562	624	29	659	0	246000	0	0	0	0	0	0	0	0	0	0	0
247000	597	562	380	567	373	635	506	640	27	637	0	247000	0	0	0	0	0	0	0	0	0	0	0
248000	605	587	374	614	518	660	499	720	17	669	0	248000	0	0	0	0	0	0	0	0	0	0	0
249000	597	466	361	592	540	680	635	686	17	688	0	249000	0	0	0	0	0	0	0	0	0	0	0
250000	503	557	375	535	467	580	581	678	22	646	0	250000	0	0	0	0	0	0	0	0	0	0	0
251000	533	522	422	540	387	610	451	601	46	684	0	251000	0	0	0	0	0	0	0	0	0	0	0
252000	565	514	400	552	398	643	466	645	30	734	0	252000	0	0	0	0	0	0	0	0	0	0	0
253000	531	536	388	640	426	642	519	732	60	692	0	253000	0	0	0	0	0	0	0	0	0	0	0
254000	544	558	467	559	389	538	393	696	36	741	0	254000	0	0	0	0	0	0	0	0	0	0	0
255000	537	639	395	608	445	553	527	683	61	774	0	255000	0	0	0	0	0	0	0	0	0	0	0
256000	528	627	287	578	373	538	600	684	38	691	0	256000	0	0	0	0	0	0	0	0	0	0	0
257000	567	633	359	512	470	544	520	605	40	587	0	257000	0	0	0	0	0	0	0	0	0	0	0
258000	459	625	344	521	486	579	519	616	58	607	0	258000	0	0	0	0	0	0	0	0	0	0	0
259000	559	582	347	538	485	584	529	640	52	707	0	259000	0	0	0	0	0	0	0	0	0	0	0
260000	514	599	423	500	466	555	609	595	71	684	0	260000	0	0	0	0	0	0	0	0	0	0	0
261000	560	606	447	452	473	654	584	645	70	670	0	261000	0	0	0	0	0	0	0	0	0	0	0
262000	437	552	437	428	457	634	512	658	46	676	0	262000	0	0	0	0	0	0	0	0	0	0	0
263000	487	658	453	392	411	546	435	742	49	700	0	263000	0	0	0	0	0	0	0	0	0	0	0
264000	479	630	485	509	420	611	547	782	55	671	0	264000	0	0	0	0	0	0	0	0	0	0	0
265000	527	640	413	394	439	615	571	753	63	669	0	265000	0	0	0	0	0	0	0	0	0	0	0
266000	503	471	422	453	475	594	563	679	81	660	0	266000	0	0	0	0	0	0	0	0	0	0	0
267000	565	598	422	495	511	651	579	642	110	618	0	267000	0	0	0	0	0	0	0	0	0	0	0
268000	494	646	386	511	510	647	621	719	82	748	0	268000	0	0	0	0	0	0	0	0	0	0	0
269000	534	553	419	613	473	518	618	659	51	705	0	269000	0	0	0	0	0	0	0	0	0	0	0
270000	517	589	296	572	471	559	710	636	89	622	0	270000	0	0	0	0	0	0	0	0	0	0	0
271000	531	666	378	521	452	538	631	670	90	628	0	271000	0	0	0	0	0	0	0	0	0	0	0
272000	573	583	332	537	389	619	615	699	46	578	0	272000	0	0	0	0	0	0	0	0	0	0	0
273000	512	568	358	666	375	504	635	493	55	605	0	273000	0	0	0	0	0	0	0	0	0	0	0
274000	551	519	408	680	423	659	642	533	64	655	0	274000	0	0	0	0	0	0	0	0	0	0	0
275000	493	599	382	636	553	666	593	635	74	638	0	275000	0	0	0	0	0	0	0	0	0	0	0
276000	509	598	420	712	497	680	658	596	77	610	0	276000	0	0	0	0	0	0	0	0	0	0	0
277000	513	693	385	602	466	630	652	569	126	637	0	277000	0	0	0	0	0	0	0	0	0	0	0
278000	611	632	410	560	470	575	511	664	112	607	0	278000	0	0	0	0	0	0	0	0	0	0	0
279000	682	654	368	544	445	565	521	710	151	657	0	279000	0	0	0	0	0	0	0	0	0	0	0
280000	575	661	375	660	498	593	560	619	128	710	0	280000	0	0	0	0	0	0	0	0	0	0	0
281000	596	685	340	670	506	549	503	639	86	721	0	281000	0	0	0	0	0	0	0	0	0	0	0
282000	485	584	353	561	467	552	482	550	141	659	0	282000	0	0	0	0	0	0	0	0	0	0	0
283000	531	561	442	596	476	561	595	655	111	612	0	283000	0	0	0	0	0	0	0	0	0	0	0
284000	595	625	401	656	349	502	651	583	99	555	0	284000	0	0	0	0	0	0	0	0	0	0	0
285000	584	630	420	575	461	532	591	649	166	629	0	285000	0	0	0	0	0	0	0	0	0	0	0
286000	620	592	419	546	382	629	658	610	192	550	0	286000	0	0	0	0	0	0	0	0	0	0	0
287000	573	652	424	651	424	494	587	628	136	595	0	287000	0	0	0	0	0	0	0	0	0	0	0
288000	666	572	378	639	434	616	567	528	116	595	0	288000	0	0	0	0	0	0	0	0	0	0	0
289000	578	592	337	640	469	628	557	653	162	586	0	289000	0	0	0	0	0	0	0	0	0	0	0
290000	496	646	425	607	485	662	632	630	125	569	0	290000	0	0	0	0	0	0	0	0	0	0	0
291000	561	613	466	609	386	603	601	648	116	584	0	291000	0	0	0	0	0	0	0	0	0	0	0
292000	648	679	429	524	421	647	684	650	88	598	0	292000	0	0	0	0	0	0	0	0	0	0	0
293000	596	696	353	529	414	668	593	638	101	633	0	293000	0	0	0	0	0	0	0	0	0	0	0
294000	591	665	368	483	553	621	631	604	142	552	0	294000	0	0	0	0	0	0	0	0	0	0	0
295000	605	632	375	484	532	684	648	593	159	574	0	295000	0	0	0	0	0	0	0	0	0	0	0
296000	661	604	384	609	537	658	609	601	176	625	0	296000	0	0	0	0	0	0	0	0	0	0	0
297000	641	631	381	545	463	633	545	576	123	556	0	297000	0	0	0	0	0	0	0	0	0	0	0
298000	656	701	404	613	493	613	550	587	167	515	0	298000	0	0	0	0	0	0	0	0	0	0	0
299000	639	566	390	592	571	707	564	603	141	556	0	299000	0	0	0	0	0	0	0	0	0	0	0
300000	707	671	367	631	520	680	588	641	176	633	0	300000	0	0	0	0	0	0	0	0	0	0	0
301000	738	614	379	672	585	555	645	716	192	607	0	301000	0	0	0	0	0	0	0	0	0	0	0
302000	686	658	350	654	682	558	522	614	172	581	0	302000	0	0	0	0	0	0	0	0	0	0	0
303000	628	670	364	609	517	683	537	610	225	662	0	303000	0	0	0	0	0	0	0	0	0	0	0
304000	560	677	375	652	545	775	519	622	191	542	0	304000	0	0	0	0	0	0	0	0	0	0	0
305000	661	619	390	668	536	704	520	717	149	628	0	305000	0	0	0	0	0	0	0	0	0	0	0
306000	639	545	353	632	498	657	618	621	182	668	0	306000	0	0	0	0	0	0	0	0	0	0	0
307000	657	592	391	669	464	662	564	642	221	684	0	307000	0	0	0	0	0	0	0	0	0	0	0
308000	618	725	420	561	521	662	602	640	157	693	0	308000	0	0	0	0	0	0	0	0	0	0	0
309000	546	665	461	704	449	583	554	677	191	705	0	309000	0	0	0	0	0	0	0	0	0	0	0
310000	566	721	380	740	495	641	564	557	192	747	0	310000	0	0	0	0	0	0	0	0	0	0	0
311000	501	655	369	654	463	768	578	625	151	680	0	311000	0	0	0	0	0	0	0	0	0	0	0
312000	456	696	348	682	530	663	494	634	206	693	0	312000	0	0	0	0	0	0	0	0	0	0	0
313000	497	687	358	729	570	617	399	605	162	772	0	313000	0	0	0	0	0	0	0	0	0	0	0
314000	537	674	389	661	526	655	563	571	201	702	0	314000	0	0	0	0	0	0	0	0	0	0	0
315000	540	680	434	579	555	673	609	632	160	630	0	315000	0	0	0	0	0	0	0	0	0	0	0
316000	543	645	312	688	541	717	554	581	180	639	0	316000	0	0	0	0	0	0	0	0	0	0	0
317000	591	700	289	573	572	522	523	490	230	667	0	317000	0	0	0	0	0	0	0	0	0	0	0
318000	511	660	476	523	529	626	644	526	296	720	0	318000	0	0	0	0	0	0	0	0	0	0	0
319000	537	586	444	687	520	663	676	649	279	637	0	319000	0	0	0	0	0	0	0	0	0	0	0
320000	614	664	508	592	538	669	613	581	275	653	0	320000	0	0	0	0	0	0	0	0	0	0	0
321000	590	763	538	592	560	661	596	624	285	789	0	321000	0	0	0	0	0	0	0	0	0	0	0
322000	659	788	530	575	553	726	620	535	249	752	0	322000	0	0	0	0	0	0	0	0	0	0	0
323000	597	786	464	745	529	763	607	630	282	664	0	323000	0	0	0	0	0	0	0	0	0	0	0
324000	563	705	462	646	526	785	641	633	270	632	0	324000	0	0	0	0	0	0	0	0	0	0	0
325000	663	660	426	602	509	799	622	604	251	690	0	325000	0	0	0	0	0	0	0	0	0	0	0
326000	526	666	406	588	528	700	588	630	196	745	0	326000	0	0	0	0	0	0	0	0	0	0	0
327000	626	609	406	601	612	755	503	618	237	712	0	327000	0	0	0	0	0	0	0	0	0	0	0
328000	583	628	434	656	559	652	629	600	275	713	0	328000	0	0	0	0	0	0	0	0	0	0	0
329000	517	642	426	493	621	740	568	669	280	729	0	329000	0	0	0	0	0	0	0	0	0	0	0
330000	618	671	447	568	555	616	607	654	252	720	0	330000	0	0	0	0	0	0	0	0	0	0	0
331000	611	726	483	726	644	719	592	606	258	699	0	331000	0	0	0	0	0	0	0	0	0	0	0
332000	612	785	439	705	552	644	601	637	259	760	0	332000	0	0	0	0	0	0	0	0	0	0	0
333000	594	724	460	645	565	597	517	675	254	742	0	333000	0	0	0	0	0	0	0	0	0	0	0
334000	672	665	531	615	530	616	567	661	256	723	0	334000	0	0	0	0	0	0	0	0	0	0	0
335000	689	701	520	678	541	695	615	703	367	738	0	335000	0	0	0	0	0	0	0	0	0	0	0
336000	616	685	513	775	545	635	633	719	316	734	0	336000	0	0	0	0	0	0	0	0	0	0	0
337000	614	645	485	648	561	643	579	705	312	728	0	337000	0	0	0	0	0	0	0	0	0	0	0
338000	669	757	430	696	533	567	626	679	312	830	0	338000	0	0	0	0	0	0	0	0	0	0	0
339000	692	748	417	677	661	569	676	653	309	793	0	339000	0	0	0	0	0	0	0	0	0	0	0
340000	616	756	506	650	584	613	616	697	290	809	0	340000	0	0	0	0	0	0	0	0	0	0	0
341000	631	709	489	650	617	581	564	706	308	725	0	341000	0	0	0	0	0	0	0	0	0	0	0
342000	650	745	472	759	680	755	653	695	280	811	0	342000	0	0	0	0	0	0	0	0	0	0	0
343000	586	727	494	620	714	734	530	597	290	821	0	343000	0	0	0	0	0	0	0	0	0	0	0
344000	632	836	450	697	677	567	485	688	274	828	0	344000	0	0	0	0	0	0	0	0	0	0	0
345000	662	777	396	734	644	620	513	666	265	787	0	345000	0	0	0	0	0	0	0	0	0	0	0
346000	586	692	434	670	575	726	604	672	273	723	0	346000	0	0	0	0	0	0	0	0	0	0	0
347000	652	737	508	691	569	781	667	682	310	761	0	347000	0	0	0	0	0	0	0	0	0	0	0
348000	540	537	504	743	483	673	540	675	303	676	0	348000	0	0	0	0	0	0	0	0	0	0	0
349000	610	595	513	741	531	626	636	678	237	658	0	349000	0	0	0	0	0	0	0	0	0	0	0
350000	602	680	402	725	571	574	584	638	191	790	0	350000	0	0	0	0	0	0	0	0	0	0	0
351000	651	789	466	714	603	714	540	680	278	697	0	351000	0	0	0	0	0	0	0	0	0	0	0
352000	621	794	496	770	586	704	486	669	312	755	0	352000	0	0	0	0	0	0	0	0	0	0	0
353000	613	638	483	623	512	628	533	800	336	788	0	353000	0	0	0	0	0	0	0	0	0	0	0
354000	724	731	501	648	653	619	526	849	328	787	0	354000	0	0	0	0	0	0	0	0	0	0	0
355000	634	613	440	669	617	732	599	793	305	787	0	355000	0	0	0	0	0	0	0	0	0	0	0
356000	770	666	492	632	635	670	512	654	346	661	0	356000	0	0	0	0	0	0	0	0	0	0	0
357000	639	729	487	707	534	648	586	678	281	717	0	357000	0	0	0	0	0	0	0	0	0	0	0
358000	682	736	480	675	608	717	599	673	255	763	0	358000	0	0	0	0	0	0	0	0	0	0	0
359000	683	762	472	590	656	714	527	692	255	706	0	359000	0	0	0	0	0	0	0	0	0	0	0
360000	646	721	494	535	648	723	550	730	313	705	0	360000	0	0	0	0	0	0	0	0	0	0	0
361000	596	726	514	695	645	756	666	638	351	720	0	361000	0	0	0	0	0	0	0	0	0	0	0
362000	730	687	530	690	543	723	638	728	288	683	0	362000	0	0	0	0	0	0	0	0	0	0	0
363000	630	663	451	713	625	757	591	661	306	765	0	363000	0	0	0	0	0	0	0	0	0	0	0
364000	720	726	466	654	529	759	682	645	322	710	0	364000	0	0	0	0	0	0	0	0	0	0	0
365000	677	719	497	622	623	763	703	714	313	746	0	365000	0	0	0	0	0	0	0	0	0	0	0
366000	689	667	472	557	649	682	601	784	267	756	0	366000	0	0	0	0	0	0	0	0	0	0	0
367000	616	712	585	479	671	707	683	561	250	755	0	367000	0	0	0	0	0	0	0	0	0	0	0
368000	639	778	459	551	684	632	649	629	228	724	0	368000	0	0	0	0	0	0	0	0	0	0	0
369000	586	722	489	550	698	586	622	645	266	746	0	369000	0	0	0	0	0	0	0	0	0	0	0
370000	610	703	457	620	688	625	664	698	326	748	0	370000	0	0	0	0	0	0	0	0	0	0	0
371000	601	717	484	736	626	639	639	702	316	660	0	371000	0	0	0	0	0	0	0	0	0	0	0
372000	740	781	437	697	580	666	564	788	337	726	0	372000	0	0	0	0	0	0	0	0	0	0	0
373000	601	745	517	665	633	745	646	666	292	686	0	373000	0	0	0	0	0	0	0	0	0	0	0
374000	628	716	517	655	674	820	648	809	304	724	0	374000	0	0	0	0	0	0	0	0	0	0	0
375000	611	708	429	611	649	711	683	744	286	762	0	375000	0	0	0	0	0	0	0	0	0	0	0
376000	642	686	504	675	716	749	692	756	326	842	0	376000	0	0	0	0	0	0	0	0	0	0	0
377000	749	721	433	740	691	699	626	670	313	791	0	377000	0	0	0	0	0	0	0	0	0	0	0
378000	724	742	520	725	711	682	449	732	287	712	0	378000	0	0	0	0	0	0	0	0	0	0	0
379000	712	835	477	676	705	764	631	727	356	676	0	379000	0	0	0	0	0	0	0	0	0	0	0
380000	615	723	542	796	588	782	726	730	321	764	0	380000	0	0	0	0	0	0	0	0	0	0	0
381000	671	853	493	826	764	722	704	640	344	694	0	381000	0	0	0	0	0	0	0	0	0	0	0
382000	706	806	521	763	703	655	648	636	311	730	0	382000	0	0	0	0	0	0	0	0	0	0	0
383000	755	826	441	719	667	616	632	674	269	746	0	383000	0	0	0	0	0	0	0	0	0	0	0
384000	638	713	487	604	587	657	627	719	315	807	0	384000	0	0	0	0	0	0	0	0	0	0	0
385000	693	835	480	614	683	705	614	753	273	633	0	385000	0	0	0	0	0	0	0	0	0	0	0
386000	701	779	468	647	584	764	558	701	320	727	0	386000	0	0	0	0	0	0	0	0	0	0	0
387000	783	828	486	626	670	818	560	659	326	757	0	387000	0	0	0	0	0	0	0	0	0	0	0
388000	747	699	477	681	670	811	470	623	235	852	0	388000	0	0	0	0	0	0	0	0	0	0	0
389000	767	694	514	624	697	778	508	616	177	784	0	389000	0	0	0	0	0	0	0	0	0	0	0
390000	741	762	484	685	657	691	558	746	263	752	0	390000	0	0	0	0	0	0	0	0	0	0	0
391000	745	730	514	644	685	742	605	772	309	714	0	391000	0	0	0	0	0	0	0	0	0	0	0
392000	757	643	556	718	650	695	601	674	270	736	0	392000	0	0	0	0	0	0	0	0	0	0	0
393000	746	760	550	619	702	735	623	703	355	726	0	393000	0	0	0	0	0	0	0	0	0	0	0
394000	725	773	441	646	685	892	664	738	343	689	0	394000	0	0	0	0	0	0	0	0	0	0	0
395000	770	760	424	613	665	814	638	678	340	707	0	395000	0	0	0	0	0	0	0	0	0	0	0
396000	684	847	465	706	746	748	715	733	398	705	0	396000	0	0	0	0	0	0	0	0	0	0	0
397000	828	874	427	698	756	679	676	687	374	733	0	397000	0	0	0	0	0	0	0	0	0	0	0
398000	691	794	469	622	640	695	541	698	312	601	0	398000	0	0	0	0	0	0	0	0	0	0	0
399000	770	691	489	707	611	723	663	751	306	684	0	399000	0	0	0	0	0	0	0	0	0	0	0
400000	842	744	447	684	646	713	575	679	406	667	0	400000	0	0	0	0	0	0	0	0	0	0	0
401000	851	747	455	683	686	763	642	594	360	706	0	401000	0	0	0	0	0	0	0	0	0	0	0
402000	737	759	528	674	735	697	679	588	280	745	0	402000	0	0	0	0	0	0	0	0	0	0	0
403000	718	755	531	664	709	669	706	746	296	647	0	403000	0	0	0	0	0	0	0	0	0	0	0
404000	726	709	533	677	737	721	682	625	313	613	0	404000	0	0	0	0	0	0	0	0	0	0	0
405000	797	808	444	653	766	680	739	660	286	713	0	405000	0	0	0	0	0	0	0	0	0	0	0
406000	743	810	488	536	783	643	720	629	244	794	0	406000	0	0	0	0	0	0	0	0	0	0	0
407000	786	783	549	615	716	691	641	714	236	660	0	407000	0	0	0	0	0	0	0	0	0	0	0
408000	752	751	524	685	758	712	649	811	242	669	0	408000	0	0	0	0	0	0	0	0	0	0	0
409000	837	788	467	626	735	681	667	742	280	639	0	409000	0	0	0	0	0	0	0	0	0	0	0
410000	719	764	530	601	783	737	671	843	295	596	0	410000	0	0	0	0	0	0	0	0	0	0	0
411000	687	740	538	607	767	758	692	710	259	666	0	411000	0	0	0	0	0	0	0	0	0	0	0
412000	718	666	578	543	707	777	568	773	283	641	0	412000	0	0	0	0	0	0	0	0	0	0	0
413000	748	674	502	628	750	712	624	716	331	654	0	413000	0	0	0	0	0	0	0	0	0	0	0
414000	708	693	482	683	753	749	533	705	301	617	0	414000	0	0	0	0	0	0	0	0	0	0	0
415000	674	770	523	737	675	709	519	610	345	592	0	415000	0	0	0	0	0	0	0	0	0	0	0
416000	654	661	486	672	681	748	544	693	322	748	0	416000	0	0	0	0	0	0	0	0	0	0	0
417000	753	680	554	828	735	825	692	630	323	687	0	417000	0	0	0	0	0	0	0	0	0	0	0
418000	752	782	526	692	747	822	642	699	247	732	0	418000	0	0	0	0	0	0	0	0	0	0	0
419000	725	816	476	726	762	757	612	560	322	655	0	419000	0	0	0	0	0	0	0	0	0	0	0
420000	758	705	532	749	700	783	645	568	302	718	0	420000	0	0	0	0	0	0	0	0	0	0	0
421000	616	634	488	807	760	819	647	713	313	665	0	421000	0	0	0	0	0	0	0	0	0	0	0
422000	626	712	604	697	732	701	645	732	243	679	0	422000	0	0	0	0	0	0	0	0	0	0	0
423000	742	786	539	720	739	769	578	618	312	727	0	423000	0	0	0	0	0	0	0	0	0	0	0
424000	701	702	465	834	802	739	634	662	346	650	0	424000	0	0	0	0	0	0	0	0	0	0	0
425000	662	786	502	753	637	698	660	756	262	692	0	425000	0	0	0	0	0	0	0	0	0	0	0
426000	769	661	510	755	621	772	676	765	274	629	0	426000	0	0	0	0	0	0	0	0	0	0	0
427000	695	761	597	650	625	770	586	654	328	700	0	427000	0	0	0	0	0	0	0	0	0	0	0
428000	751	767	494	538	678	727	659	554	337	595	0	428000	0	0	0	0	0	0	0	0	0	0	0
429000	711	727	466	649	606	662	556	581	338	770	0	429000	0	0	0	0	0	0	0	0	0	0	0
430000	711	685	359	756	677	770	675	568	359	717	0	430000	0	0	0	0	0	0	0	0	0	0	0
431000	733	766	450	800	788	784	651	681	340	785	0	431000	0	0	0	0	0	0	0	0	0	0	0
432000	733	706	476	726	808	712	610	683	297	766	0	432000	0	0	0	0	0	0	0	0	0	0	0
433000	736	698	458	763	847	761	611	715	318	751	0	433000	0	0	0	0	0	0	0	0	0	0	0
434000	694	759	476	735	761	697	601	755	314	681	0	434000	0	0	0	0	0	0	0	0	0	0	0
435000	684	752	506	802	794	580	619	697	322	724	0	435000	0	0	0	0	0	0	0	0	0	0	0
436000	673	786	448	754	799	669	634	682	314	701	0	436000	0	0	0	0	0	0	0	0	0	0	0
437000	678	782	443	673	835	640	680	590	337	716	0	437000	0	0	0	0	0	0	0	0	0	0	0
438000	714	735	503	673	770	630	691	659	337	620	0	438000	0	0	0	0	0	0	0	0	0	0	0
439000	673	807	501	687	741	667	657	656	371	664	0	439000	0	0	0	0	0	0	0	0	0	0	0
440000	784	647	487	749	766	755	656	667	345	654	0	440000	0	0	0	0	0	0	0	0	0	0	0
441000	716	782	447	712	687	770	672	737	290	716	0	441000	0	0	0	0	0	0	0	0	0	0	0
442000	797	809	479	759	701	774	683	753	306	658	0	442000	0	0	0	0	0	0	0	0	0	0	0
443000	780	781	449	598	790	752	716	712	335	567	0	443000	0	0	0	0	0	0	0	0	0	0	0
444000	773	741	467	673	819	783	578	604	370	676	0	444000	0	0	0	0	0	0	0	0	0	0	0
445000	661	819	526	676	827	688	650	638	394	706	0	445000	0	0	0	0	0	0	0	0	0	0	0
446000	688	736	480	631	650	707	663	642	332	644	0	446000	0	0	0	0	0	0	0	0	0	0	0
447000	683	632	400	600	792	671	673	631	381	702	0	447000	0	0	0	0	0	0	0	0	0	0	0
448000	697	770	423	701	751	736	671	638	358	550	0	448000	0	0	0	0	0	0	0	0	0	0	0
449000	664	658	451	704	769	718	658	522	397	567	0	449000	0	0	0	0	0	0	0	0	0	0	0
450000	612	654	428	757	716	708	748	626	375	644	0	450000	0	0	0	0	0	0	0	0	0	0	0
451000	653	744	432	708	738	688	787	628	437	556	0	451000	0	0	0	0	0	0	0	0	0	0	0
452000	680	754	460	708	798	765	701	723	428	710	0	452000	0	0	0	0	0	0	0	0	0	0	0
453000	650	727	444	706	762	659	737	709	334	660	0	453000	0	0	0	0	0	0	0	0	0	0	0
454000	720	687	390	746	820	717	632	658	411	736	0	454000	0	0	0	0	0	0	0	0	0	0	0
455000	753	682	438	788	803	705	650	657	368	681	0	455000	0	0	0	0	0	0	0	0	0	0	0
456000	695	693	444	743	788	719	617	702	373	660	0	456000	0	0	0	0	0	0	0	0	0	0	0
457000	704	660	445	729	827	715	554	791	440	639	0	457000	0	0	0	0	0	0	0	0	0	0	0
458000	723	711	499	750	736	714	784	586	440	673	0	458000	0	0	0	0	0	0	0	0	0	0	0
459000	717	764	456	633	779	683	790	686	366	624	0	459000	0	0	0	0	0	0	0	0	0	0	0
460000	743	819	392	596	717	717	678	707	410	693	0	460000	0	0	0	0	0	0	0	0	0	0	0
461000	624	827	398	604	770	725	566	710	418	581	0	461000	0	0	0	0	0	0	0	0	0	0	0
462000	725	793	378	562	776	648	715	620	344	567	0	462000	0	0	0	0	0	0	0	0	0	0	0
463000	650	750	477	570	840	699	701	696	389	687	0	463000	0	0	0	0	0	0	0	0	0	0	0
464000	790	820	501	667	739	785	540	618	424	739	0	464000	0	0	0	0	0	0	0	0	0	0	0
465000	656	787	414	651	836	756	584	662	371	619	0	465000	0	0	0	0	0	0	0	0	0	0	0
466000	639	776	419	660	896	766	742	733	393	622	0	466000	0	0	0	0	0	0	0	0	0	0	0
467000	741	714	407	641	796	730	731	747	403	738	0	467000	0	0	0	0	0	0	0	0	0	0	0
468000	706	752	426	746	786	726	668	753	420	680	0	468000	0	0	0	0	0	0	0	0	0	0	0
469000	689	696	382	769	848	837	624	729	410	698	0	469000	0	0	0	0	0	0	0	0	0	0	0
470000	685	798	403	824	861	724	670	711	464	616	0	470000	0	0	0	0	0	0	0	0	0	0	0
471000	614	830	385	745	812	790	701	693	422	641	0	471000	0	0	0	0	0	0	0	0	0	0	0
472000	651	803	433	678	838	648	633	576	429	562	0	472000	0	0	0	0	0	0	0	0	0	0	0
473000	593	770	414	803	775	683	672	639	437	588	0	473000	0	0	0	0	0	0	0	0	0	0	0
474000	675	803	444	671	794	799	687	717	432	587	0	474000	0	0	0	0	0	0	0	0	0	0	0
475000	631	768	479	691	765	763	670	731	422	618	0	475000	0	0	0	0	0	0	0	0	0	0	0
476000	700	687	462	799	835	799	683	697	478	594	0	476000	0	0	0	0	0	0	0	0	0	0	0
477000	672	784	466	745	823	800	654	707	604	670	0	477000	0	0	0	0	0	0	0	0	0	0	0
478000	639	760	460	696	794	727	751	649	463	664	0	478000	0	0	0	0	0	0	0	0	0	0	0
479000	769	741	463	661	852	741	715	695	480	665	0	479000	0	0	0	0	0	0	0	0	0	0	0
480000	758	743	508	708	866	741	655	736	440	645	0	480000	0	0	0	0	0	0	0	0	0	0	0
481000	734	722	456	625	902	772	757	714	430	783	0	481000	0	0	0	0	0	0	0	0	0	0	0
482000	691	730	417	683	808	694	653	774	378	628	0	482000	0	0	0	0	0	0	0	0	0	0	0
483000	754	741	432	648	717	654	652	732	458	727	0	483000	0	0	0	0	0	0	0	0	0	0	0
484000	612	777	483	665	910	690	568	768	409	749	0	484000	0	0	0	0	0	0	0	0	0	0	0
485000	760	746	439	638	819	637	679	733	409	840	0	485000	0	0	0	0	0	0	0	0	0	0	0
486000	656	742	456	725	736	758	628	744	277	787	0	486000	0	0	0	0	0	0	0	0	0	0	0
487000	666	685	459	761	710	726	625	745	396	789	0	487000	0	0	0	0	0	0	0	0	0	0	0
488000	773	758	466	679	689	731	730	774	414	647	0	488000	0	0	0	0	0	0	0	0	0	0	0
489000	554	733	432	638	831	653	691	648	517	649	0	489000	0	0	0	0	0	0	0	0	0	0	0
490000	703	758	456	651	806	663	648	760	550	693	0	490000	0	0	0	0	0	0	0	0	0	0	0
491000	605	762	440	686	739	602	726	676	608	751	0	491000	0	0	0	0	0	0	0	0	0	0	0
492000	716	734	550	666	742	590	653	593	565	619	0	492000	0	0	0	0	0	0	0	0	0	0	0
493000	701	825	459	621	787	709	673	707	615	717	0	493000	0	0	0	0	0	0	0	0	0	0	0
494000	697	848	504	663	756	668	651	605	441	589	0	494000	0	0	0	0	0	0	0	0	0	0	0
495000	672	837	425	706	785	797	612	730	443	692	0	495000	0	0	0	0	0	0	0	0	0	0	0
496000	771	755	452	734	806	743	697	755	519	674	0	496000	0	0	0	0	0	0	0	0	0	0	0
497000	689	691	456	672	841	593	755	581	566	688	0	497000	0	0	0	0	0	0	0	0	0	0	0
498000	701	705	476	606	781	577	641	721	491	675	0	498000	0	0	0	0	0	0	0	0	0	0	0
499000	701	815	461	694	776	621	677	788	492	653	0	499000	0	0	0	0	0	0	0	0	0	0	0
500000	740	740	460	748	785	756	593	688	517	579	0	500000	0	0	0	0	0	0	0	0	0	0	0
501000	719	775	474	825	826	814	629	698	544	725	0	501000	0	0	0	0	0	0	0	0	0	0	0
502000	695	752	460	717	859	749	733	641	547	664	0	502000	0	0	0	0	0	0	0	0	0	0	0
503000	659	655	462	756	911	746	724	631	508	636	0	503000	0	0	0	0	0	0	0	0	0	0	0
504000	629	623	470	752	813	809	790	667	539	642	0	504000	0	0	0	0	0	0	0	0	0	0	0
505000	709	700	463	731	756	774	674	687	554	676	0	505000	0	0	0	0	0	0	0	0	0	0	0
506000	728	781	417	749	720	808	673	630	606	674	0	506000	0	0	0	0	0	0	0	0	0	0	0
507000	701	796	431	592	722	755	625	745	482	732	0	507000	0	0	0	0	0	0	0	0	0	0	0
508000	713	663	491	688	712	885	668	719	563	728	0	508000	0	0	0	0	0	0	0	0	0	0	0
509000	755	758	461	644	823	678	757	665	539	771	0	509000	0	0	0	0	0	0	0	0	0	0	0
510000	720	836	454	626	847	659	620	716	552	728	0	510000	0	0	0	0	0	0	0	0	0	0	0
511000	663	741	496	667	861	662	638	772	502	682	0	511000	0	0	0	0	0	0	0	0	0	0	0
512000	710	779	461	725	794	694	734	713	586	727	0	512000	0	0	0	0	0	0	0	0	0	0	0
513000	630	753	445	745	882	652	601	747	624	620	0	513000	0	0	0	0	0	0	0	0	0	0	0
514000	695	758	489	721	831	610	692	746	569	691	0	514000	0	0	0	0	0	0	0	0	0	0	0
515000	682	804	426	764	867	605	743	779	530	682	0	515000	0	0	0	0	0	0	0	0	0	0	0
516000	741	766	475	755	784	673	624	710	613	612	0	516000	0	0	0	0	0	0	0	0	0	0	0
517000	664	772	511	800	790	735	627	728	516	596	0	517000	0	0	0	0	0	0	0	0	0	0	0
518000	759	733	420	821	756	650	696	694	486	638	0	518000	0	0	0	0	0	0	0	0	0	0	0
519000	789	814	463	682	801	711	714	664	528	735	0	519000	0	0	0	0	0	0	0	0	0	0	0
520000	835	785	432	751	765	631	713	629	512	667	0	520000	0	0	0	0	0	0	0	0	0	0	0
521000	797	822	455	757	757	635	752	653	469	554	0	521000	0	0	0	0	0	0	0	0	0	0	0
522000	794	753	498	779	765	689	755	739	542	606	0	522000	0	0	0	0	0	0	0	0	0	0	0
523000	652	845	419	694	775	717	727	761	573	492	0	523000	0	0	0	0	0	0	0	0	0	0	0
524000	643	780	426	751	763	638	706	760	551	584	0	524000	0	0	0	0	0	0	0	0	0	0	0
525000	791	826	439	699	761	735	732	722	648	598	0	525000	0	0	0	0	0	0	0	0	0	0	0
526000	816	775	420	702	812	753	635	783	642	611	0	526000	0	0	0	0	0	0	0	0	0	0	0
527000	727	740	350	759	757	703	577	726	549	607	0	527000	0	0	0	0	0	0	0	0	0	0	0
528000	692	784	439	743	724	767	643	741	535	584	0	528000	0	0	0	0	0	0	0	0	0	0	0
529000	685	679	404	736	763	708	686	654	625	714	0	529000	0	0	0	0	0	0	0	0	0	0	0
530000	671	731	395	753	833	743	738	624	595	614	0	530000	0	0	0	0	0	0	0	0	0	0	0
531000	737	806	405	578	820	718	595	621	571	686	0	531000	0	0	0	0	0	0	0	0	0	0	0
532000	716	770	428	710	830	721	620	721	548	679	0	532000	0	0	0	0	0	0	0	0	0	0	0
533000	722	739	423	710	761	774	629	653	566	550	0	533000	0	0	0	0	0	0	0	0	0	0	0
534000	822	814	387	718	712	776	574	689	572	669	0	534000	0	0	0	0	0	0	0	0	0	0	0
535000	679	726	392	706	732	673	661	726	555	670	0	535000	0	0	0	0	0	0	0	0	0	0	0
536000	718	839	426	711	690	695	624	698	538	627	0	536000	0	0	0	0	0	0	0	0	0	0	0
537000	737	779	425	683	692	769	621	706	610	564	0	537000	0	0	0	0	0	0	0	0	0	0	0
538000	775	724	447	743	710	803	581	674	582	620	0	538000	0	0	0	0	0	0	0	0	0	0	0
539000	694	696	444	686	759	728	512	790	585	657	0	539000	0	0	0	0	0	0	0	0	0	0	0
540000	689	728	397	782	609	815	622	726	636	624	0	540000	0	0	0	0	0	0	0	0	0	0	0
541000	677	796	424	762	716	804	692	712	600	679	0	541000	0	0	0	0	0	0	0	0	0	0	0
542000	733	833	440	745	822	863	685	641	531	636	0	542000	0	0	0	0	0	0	0	0	0	0	0
543000	758	767	414	688	782	755	656	734	557	640	0	543000	0	0	0	0	0	0	0	0	0	0	0
544000	636	864	433	706	728	816	668	790	494	659	0	544000	0	0	0	0	0	0	0	0	0	0	0
545000	641	780	427	684	667	852	728	807	544	700	0	545000	0	0	0	0	0	0	0	0	0	0	0
546000	800	849	420	829	841	842	718	740	522	648	0	546000	0	0	0	0	0	0	0	0	0	0	0
547000	773	820	494	753	748	825	675	666	456	605	0	547000	0	0	0	0	0	0	0	0	0	0	0
548000	780	758	549	708	762	826	719	710	442	616	0	548000	0	0	0	0	0	0	0	0	0	0	0
549000	697	863	485	668	789	736	655	753	456	693	0	549000	0	0	0	0	0	0	0	0	0	0	0
550000	767	826	478	718	758	834	747	731	508	720	0	550000	0	0	0	0	0	0	0	0	0	0	0
551000	673	778	516	666	701	748	742	791	517	658	0	551000	0	0	0	0	0	0	0	0	0	0	0
552000	824	858	496	703	716	798	782	704	436	644	0	552000	0	0	0	0	0	0	0	0	0	0	0
553000	743	812	514	663	712	721	610	680	530	754	0	553000	0	0	0	0	0	0	0	0	0	0	0
554000	751	871	548	563	737	842	708	713	534	698	0	554000	0	0	0	0	0	0	0	0	0	0	0
555000	672	729	467	627	693	713	634	669	571	727	0	555000	0	0	0	0	0	0	0	0	0	0	0
556000	686	673	427	693	694	752	677	599	440	685	0	556000	0	0	0	0	0	0	0	0	0	0	0
557000	696	779	417	581	720	651	724	694	488	685	0	557000	0	0	0	0	0	0	0	0	0	0	0
558000	691	771	491	686	767	829	771	808	516	635	0	558000	0	0	0	0	0	0	0	0	0	0	0
559000	667	719	482	685	667	739	713	760	614	675	0	559000	0	0	0	0	0	0	0	0	0	0	0
560000	726	714	513	663	765	725	746	762	603	633	0	560000	0	0	0	0	0	0	0	0	0	0	0
561000	710	777	504	736	749	675	846	653	580	692	0	561000	0	0	0	0	0	0	0	0	0	0	0
562000	716	891	481	734	782	690	875	813	565	582	0	562000	0	0	0	0	0	0	0	0	0	0	0
563000	731	727	531	794	715	744	714	721	503	573	0	563000	0	0	0	0	0	0	0	0	0	0	0
564000	688	815	527	741	719	754	745	861	513	679	0	564000	0	0	0	0	0	0	0	0	0	0	0
565000	830	798	498	687	732	752	767	720	591	661	0	565000	0	0	0	0	0	0	0	0	0	0	0
566000	635	837	479	723	778	722	814	718	586	703	0	566000	0	0	0	0	0	0	0	0	0	0	0
567000	637	818	472	644	860	689	678	768	605	652	0	567000	0	0	0	0	0	0	0	0	0	0	0
568000	769	871	536	662	831	727	706	713	530	609	0	568000	0	0	0	0	0	0	0	0	0	0	0
569000	749	816	529	735	865	718	742	706	586	639	0	569000	0	0	0	0	0	0	0	0	0	0	0
570000	731	640	486	745	876	736	624	675	634	679	0	570000	0	0	0	0	0	0	0	0	0	0	0
571000	725	761	456	819	833	702	819	772	667	625	0	571000	0	0	0	0	0	0	0	0	0	0	0
572000	746	864	462	783	708	765	694	757	624	685	0	572000	0	0	0	0	0	0	0	0	0	0	0
573000	746	789	486	732	784	656	773	698	577	707	0	573000	0	0	0	0	0	0	0	0	0	0	0
574000	739	771	436	737	719	806	667	742	576	695	0	574000	0	0	0	0	0	0	0	0	0	0	0
575000	786	735	432	643	831	706	699	789	648	636	0	575000	0	0	0	0	0	0	0	0	0	0	0
576000	810	818	438	757	817	584	627	648	695	663	0	576000	0	0	0	0	0	0	0	0	0	0	0
577000	750	842	419	709	779	559	693	679	650	609	0	577000	0	0	0	0	0	0	0	0	0	0	0
578000	770	794	404	678	763	572	740	679	595	605	0	578000	0	0	0	0	0	0	0	0	0	0	0
579000	777	788	529	764	773	670	710	742	570	582	0	579000	0	0	0	0	0	0	0	0	0	0	0
580000	690	806	527	597	787	730	677	615	534	604	0	580000	0	0	0	0	0	0	0	0	0	0	0
581000	688	865	506	741	776	649	680	691	628	613	0	581000	0	0	0	0	0	0	0	0	0	0	0
582000	653	842	512	707	690	696	595	719	662	588	0	582000	0	0	0	0	0	0	0	0	0	0	0
583000	656	817	463	764	689	707	543	762	656	557	0	583000	0	0	0	0	0	0	0	0	0	0	0
584000	652	783	511	765	679	637	498	688	506	618	0	584000	0	0	0	0	0	0	0	0	0	0	0
585000	650	747	402	629	751	790	693	732	561	639	0	585000	0	0	0	0	0	0	0	0	0	0	0
586000	691	723	492	696	809	762	644	784	663	654	0	586000	0	0	0	0	0	0	0	0	0	0	0
587000	691	709	408	693	746	722	691	626	652	668	0	587000	0	0	0	0	0	0	0	0	0	0	0
588000	674	827	498	625	765	790	654	752	607	599	0	588000	0	0	0	0	0	0	0	0	0	0	0
589000	687	810	504	676	666	756	570	734	622	589	0	589000	0	0	0	0	0	0	0	0	0	0	0
590000	685	779	515	628	788	658	576	757	635	662	0	590000	0	0	0	0	0	0	0	0	0	0	0
591000	660	758	524	670	694	591	499	657	534	590	0	591000	0	0	0	0	0	0	0	0	0	0	0
592000	659	798	572	732	783	786	600	628	634	649	0	592000	0	0	0	0	0	0	0	0	0	0	0
593000	678	844	612	706	697	700	694	745	600	704	0	593000	0	0	0	0	0	0	0	0	0	0	0
594000	725	821	549	689	813	767	693	689	575	635	0	594000	0	0	0	0	0	0	0	0	0	0	0
595000	707	822	519	775	749	620	691	735	544	685	0	595000	0	0	0	0	0	0	0	0	0	0	0
596000	716	769	566	847	722	543	730	801	581	653	0	596000	0	0	0	0	0	0	0	0	0	0	0
597000	747	815	498	719	745	554	738	741	602	652	0	597000	0	0	0	0	0	0	0	0	0	0	0
598000	695	849	455	780	813	681	743	733	639	542	0	598000	0	0	0	0	0	0	0	0	0	0	0
599000	695	763	439	768	777	728	621	751	636	605	0	599000	0	0	0	0	0	0	0	0	0	0	0
600000	663	837	484	733	815	731	590	693	631	518	0	600000	0	0	0	0	0	0	0	0	0	0	0
601000	711	858	500	657	636	738	598	707	630	552	0	601000	0	0	0	0	0	0	0	0	0	0	0
602000	655	724	520	619	710	643	592	695	640	580	0	602000	0	0	0	0	0	0	0	0	0	0	0
603000	666	796	550	698	766	577	611	656	663	549	0	603000	0	0	0	0	0	0	0	0	0	0	0
604000	654	785	524	626	753	655	563	808	625	537	0	604000	0	0	0	0	0	0	0	0	0	0	0
605000	656	818	514	605	675	635	559	798	569	522	0	605000	0	0	0	0	0	0	0	0	0	0	0
606000	738	839	471	697	791	705	624	771	566	502	0	606000	0	0	0	0	0	0	0	0	0	0	0
607000	791	739	571	666	729	771	607	772	611	473	0	607000	0	0	0	0	0	0	0	0	0	0	0
608000	784	871	490	725	732	721	620	820	613	436	0	608000	0	0	0	0	0	0	0	0	0	0	0
609000	750	849	531	603	747	703	577	754	552	523	0	609000	0	0	0	0	0	0	0	0	0	0	0
610000	757	794	543	626	800	730	647	812	632	558	0	610000	0	0	0	0	0	0	0	0	0	0	0
611000	745	891	570	725	875	647	633	807	596	599	0	611000	0	0	0	0	0	0	0	0	0	0	0
612000	740	772	529	752	708	685	537	802	675	609	0	612000	0	0	0	0	0	0	0	0	0	0	0
613000	636	851	579	682	763	766	576	771	603	666	0	613000	0	0	0	0	0	0	0	0	0	0	0
614000	705	841	492	637	851	702	619	784	601	740	0	614000	0	0	0	0	0	0	0	0	0	0	0
615000	677	775	479	610	789	715	621	779	573	687	0	615000	0	0	0	0	0	0	0	0	0	0	0
616000	707	800	531	752	811	722	567	728	695	727	0	616000	0	0	0	0	0	0	0	0	0	0	0
617000	740	804	591	631	757	815	631	801	567	705	0	617000	0	0	0	0	0	0	0	0	0	0	0
618000	727	866	533	707	782	749	690	640	651	689	0	618000	0	0	0	0	0	0	0	0	0	0	0
619000	737	856	518	696	754	729	707	720	662	671	0	619000	0	0	0	0	0	0	0	0	0	0	0
620000	690	838	540	623	841	802	678	794	649	658	0	620000	0	0	0	0	0	0	0	0	0	0	0
621000	679	877	567	547	726	777	671	668	521	555	0	621000	0	0	0	0	0	0	0	0	0	0	0
622000	750	895	546	646	855	716	660	700	601	695	0	622000	0	0	0	0	0	0	0	0	0	0	0
623000	744	831	467	725	885	694	657	810	609	735	0	623000	0	0	0	0	0	0	0	0	0	0	0
624000	787	801	504	703	798	751	635	755	662	618	0	624000	0	0	0	0	0	0	0	0	0	0	0
625000	704	808	476	718	752	685	628	769	564	689	0	625000	0	0	0	0	0	0	0	0	0	0	0
626000	761	813	506	669	865	591	573	751	575	748	0	626000	0	0	0	0	0	0	0	0	0	0	0
627000	730	721	476	767	709	691	616	814	569	681	0	627000	0	0	0	0	0	0	0	0	0	0	0
628000	766	802	468	719	826	630	557	743	599	720	0	628000	0	0	0	0	0	0	0	0	0	0	0
629000	790	872	432	658	801	663	602	763	584	729	0	629000	0	0	0	0	0	0	0	0	0	0	0
630000	742	772	465	789	775	698	560	803	603	707	0	630000	0	0	0	0	0	0	0	0	0	0	0
631000	781	794	464	712	783	656	599	737	626	720	0	631000	0	0	0	0	0	0	0	0	0	0	0
632000	732	786	516	626	761	717	518	712	665	663	0	632000	0	0	0	0	0	0	0	0	0	0	0
633000	763	807	507	667	839	719	597	671	636	672	0	633000	0	0	0	0	0	0	0	0	0	0	0
634000	789	785	581	742	738	642	600	740	551	679	0	634000	0	0	0	0	0	0	0	0	0	0	0
635000	783	813	520	725	863	687	577	720	549	780	0	635000	0	0	0	0	0	0	0	0	0	0	0
636000	796	794	472	706	687	707	594	686	578	751	0	636000	0	0	0	0	0	0	0	0	0	0	0
637000	766	735	484	629	842	766	571	718	639	722	0	637000	0	0	0	0	0	0	0	0	0	0	0
638000	788	767	499	764	751	780	514	664	702	767	0	638000	0	0	0	0	0	0	0	0	0	0	0
639000	751	811	464	654	786	734	626	739	703	779	0	639000	0	0	0	0	0	0	0	0	0	0	0
640000	782	869	459	632	730	701	603	705	699	700	0	640000	0	0	0	0	0	0	0	0	0	0	0
641000	854	841	486	579	717	782	617	740	624	748	0	641000	0	0	0	0	0	0	0	0	0	0	0
642000	826	809	448	525	715	849	735	663	630	795	0	642000	0	0	0	0	0	0	0	0	0	0	0
643000	765	833	411	550	710	701	598	679	590	846	0	643000	0	0	0	0	0	0	0	0	0	0	0
644000	734	791	400	660	756	669	535	607	615	753	0	644000	0	0	0	0	0	0	0	0	0	0	0
645000	714	759	521	682	778	672	585	668	597	827	0	645000	0	0	0	0	0	0	0	0	0	0	0
646000	727	740	511	695	757	727	590	834	593	747	0	646000	0	0	0	0	0	0	0	0	0	0	0
647000	734	748	512	780	799	759	524	822	601	775	0	647000	0	0	0	0	0	0	0	0	0	0	0
648000	775	785	502	732	787	651	524	664	620	711	0	648000	0	0	0	0	0	0	0	0	0	0	0
649000	817	831	523	786	756	743	515	716	585	737	0	649000	0	0	0	0	0	0	0	0	0	0	0
650000	798	849	457	777	712	746	566	827	532	661	0	650000	0	0	0	0	0	0	0	0	0	0	0
651000	745	786	466	774	738	745	561	815	589	684	0	651000	0	0	0	0	0	0	0	0	0	0	0
652000	799	817	557	707	709	746	566	837	652	733	0	652000	0	0	0	0	0	0	0	0	0	0	0
653000	792	746	513	635	783	863	529	678	665	683	0	653000	0	0	0	0	0	0	0	0	0	0	0
654000	727	765	421	805	739	720	609	834	617	632	0	654000	0	0	0	0	0	0	0	0	0	0	0
655000	745	871	487	716	731	756	569	746	620	692	0	655000	0	0	0	0	0	0	0	0	0	0	0
656000	769	860	508	782	823	710	632	764	570	685	0	656000	0	0	0	0	0	0	0	0	0	0	0
657000	786	855	522	701	744	622	609	678	572	658	0	657000	0	0	0	0	0	0	0	0	0	0	0
658000	750	827	518	717	720	736	570	624	625	668	0	658000	0	0	0	0	0	0	0	0	0	0	0
659000	738	816	523	668	780	638	630	605	638	716	0	659000	0	0	0	0	0	0	0	0	0	0	0
660000	785	780	523	580	756	681	601	719	679	749	0	660000	0	0	0	0	0	0	0	0	0	0	0
661000	823	750	513	648	747	614	601	828	624	706	0	661000	0	0	0	0	0	0	0	0	0	0	0
662000	806	774	495	705	732	742	638	760	630	777	0	662000	0	0	0	0	0	0	0	0	0	0	0
663000	878	819	457	786	696	752	641	731	668	814	0	663000	0	0	0	0	0	0	0	0	0	0	0
664000	847	763	508	774	773	736	627	835	665	888	0	664000	0	0	0	0	0	0	0	0	0	0	0
665000	799	786	490	791	765	761	611	882	727	756	0	665000	0	0	0	0	0	0	0	0	0	0	0
666000	788	719	532	711	821	737	602	827	663	707	0	666000	0	0	0	0	0	0	0	0	0	0	0
667000	679	805	485	701	666	701	640	858	693	789	0	667000	0	0	0	0	0	0	0	0	0	0	0
668000	794	714	589	755	739	707	566	844	676	783	0	668000	0	0	0	0	0	0	0	0	0	0	0
669000	844	702	576	695	710	746	576	830	730	776	0	669000	0	0	0	0	0	0	0	0	0	0	0
670000	844	758	451	762	840	812	610	696	651	753	0	670000	0	0	0	0	0	0	0	0	0	0	0
671000	771	799	475	810	785	788	652	844	713	744	0	671000	0	0	0	0	0	0	0	0	0	0	0
672000	768	829	511	739	779	694	617	761	710	761	0	672000	0	0	0	0	0	0	0	0	0	0	0
673000	714	867	500	734	789	661	499	730	538	764	0	673000	0	0	0	0	0	0	0	0	0	0	0
674000	649	712	628	709	766	769	483	666	624	759	0	674000	0	0	0	0	0	0	0	0	0	0	0
675000	739	755	507	761	690	730	554	757	663	794	0	675000	0	0	0	0	0	0	0	0	0	0	0
676000	709	797	511	701	836	640	738	774	547	859	0	676000	0	0	0	0	0	0	0	0	0	0	0
677000	822	795	534	658	793	644	674	800	612	822	0	677000	0	0	0	0	0	0	0	0	0	0	0
678000	691	717	613	665	748	722	674	814	585	850	0	678000	0	0	0	0	0	0	0	0	0	0	0
679000	795	757	499	708	749	656	631	814	635	832	0	679000	0	0	0	0	0	0	0	0	0	0	0
680000	720	779	606	675	743	772	604	752	637	751	0	680000	0	0	0	0	0	0	0	0	0	0	0
681000	750	778	543	667	724	775	631	723	712	806	0	681000	0	0	0	0	0	0	0	0	0	0	0
682000	753	773	542	661	727	665	669	790	710	739	0	682000	0	0	0	0	0	0	0	0	0	0	0
683000	673	845	559	785	678	642	627	755	598	874	0	683000	0	0	0	0	0	0	0	0	0	0	0
684000	722	836	562	722	752	739	632	754	694	792	0	684000	0	0	0	0	0	0	0	0	0	0	0
685000	778	768	558	720	655	820	614	795	621	760	0	685000	0	0	0	0	0	0	0	0	0	0	0
686000	839	759	529	716	741	801	708	727	676	736	0	686000	0	0	0	0	0	0	0	0	0	0	0
687000	798	828	515	826	707	680	598	765	587	791	0	687000	0	0	0	0	0	0	0	0	0	0	0
688000	767	829	554	777	609	835	580	753	609	781	0	688000	0	0	0	0	0	0	0	0	0	0	0
689000	716	759	540	845	657	730	563	758	612	838	0	689000	0	0	0	0	0	0	0	0	0	0	0
690000	692	701	624	819	654	741	599	793	581	838	0	690000	0	0	0	0	0	0	0	0	0	0	0
691000	805	718	520	790	724	824	599	780	672	794	0	691000	0	0	0	0	0	0	0	0	0	0	0
692000	814	794	552	632	618	773	508	734	651	827	0	692000	0	0	0	0	0	0	0	0	0	0	0
693000	792	801	552	667	637	773	543	784	648	786	0	693000	0	0	0	0	0	0	0	0	0	0	0
694000	733	808	513	792	701	752	455	788	613	724	0	694000	0	0	0	0	0	0	0	0	0	0	0
695000	769	815	521	805	713	738	499	706	633	809	0	695000	0	0	0	0	0	0	0	0	0	0	0
696000	820	763	549	714	730	682	464	764	670	850	0	696000	0	0	0	0	0	0	0	0	0	0	0
697000	800	765	481	784	752	735	466	814	638	883	0	697000	0	0	0	0	0	0	0	0	0	0	0
698000	780	824	450	692	787	723	471	735	655	812	0	698000	0	0	0	0	0	0	0	0	0	0	0
699000	832	704	433	804	799	692	458	745	546	753	0	699000	0	0	0	0	0	0	0	0	0	0	0
700000	889	723	502	811	622	739	471	730	623	777	0	700000	0	0	0	0	0	0	0	0	0	0	0
701000	886	733	617	785	683	733	474	706	653	828	0	701000	0	0	0	0	0	0	0	0	0	0	0
702000	875	769	516	741	685	749	469	831	742	873	0	702000	0	0	0	0	0	0	0	0	0	0	0
703000	760	809	543	658	680	801	450	841	634	742	0	703000	0	0	0	0	0	0	0	0	0	0	0
704000	793	730	473	778	696	740	424	748	679	829	0	704000	0	0	0	0	0	0	0	0	0	0	0
705000	821	686	472	807	692	729	435	824	700	754	0	705000	0	0	0	0	0	0	0	0	0	0	0
706000	775	748	445	814	650	716	393	788	709	752	0	706000	0	0	0	0	0	0	0	0	0	0	0
707000	797	813	422	714	659	745	347	807	628	804	0	707000	0	0	0	0	0	0	0	0	0	0	0
708000	731	741	403	787	724	752	397	720	519	820	0	708000	0	0	0	0	0	0	0	0	0	0	0
709000	847	770	397	821	674	670	361	782	649	758	0	709000	0	0	0	0	0	0	0	0	0	0	0
710000	828	712	441	809	756	765	426	791	678	768	0	710000	0	0	0	0	0	0	0	0	0	0	0
711000	791	725	429	756	691	732	459	698	636	770	0	711000	0	0	0	0	0	0	0	0	0	0	0
712000	825	762	489	691	735	872	527	821	563	743	0	712000	0	0	0	0	0	0	0	0	0	0	0
713000	831	807	400	755	667	743	424	616	684	836	0	713000	0	0	0	0	0	0	0	0	0	0	0
714000	780	782	460	851	749	741	501	761	668	858	0	714000	0	0	0	0	0	0	0	0	0	0	0
715000	801	829	434	773	732	710	471	751	671	855	0	715000	0	0	0	0	0	0	0	0	0	0	0
716000	768	794	469	807	653	725	505	758	759	816	0	716000	0	0	0	0	0	0	0	0	0	0	0
717000	701	758	434	805	646	645	502	699	749	844	0	717000	0	0	0	0	0	0	0	0	0	0	0
718000	752	746	490	868	637	765	461	798	694	779	0	718000	0	0	0	0	0	0	0	0	0	0	0
719000	756	694	472	733	734	714	495	814	689	683	0	719000	0	0	0	0	0	0	0	0	0	0	0
720000	687	758	547	862	620	781	556	816	682	764	0	720000	0	0	0	0	0	0	0	0	0	0	0
721000	737	795	551	777	665	743	669	724	653	841	0	721000	0	0	0	0	0	0	0	0	0	0	0
722000	769	774	530	869	695	667	720	702	797	814	0	722000	0	0	0	0	0	0	0	0	0	0	0
723000	755	839	457	770	658	712	522	728	789	798	0	723000	0	0	0	0	0	0	0	0	0	0	0
724000	831	781	479	719	575	677	506	616	818	875	0	724000	0	0	0	0	0	0	0	0	0	0	0
725000	780	854	530	894	577	736	534	732	803	767	0	725000	0	0	0	0	0	0	0	0	0	0	0
726000	779	724	571	758	677	782	585	646	782	812	0	726000	0	0	0	0	0	0	0	0	0	0	0
727000	785	846	521	761	689	681	595	772	753	749	0	727000	0	0	0	0	0	0	0	0	0	0	0
728000	775	804	525	726	536	643	601	759	685	842	0	728000	0	0	0	0	0	0	0	0	0	0	0
729000	788	779	438	728	578	698	496	693	766	761	0	729000	0	0	0	0	0	0	0	0	0	0	0
730000	687	810	473	873	587	781	624	750	718	817	0	730000	0	0	0	0	0	0	0	0	0	0	0
731000	717	827	521	720	624	771	539	618	756	840	0	731000	0	0	0	0	0	0	0	0	0	0	0
732000	826	865	557	786	681	834	534	697	715	827	0	732000	0	0	0	0	0	0	0	0	0	0	0
733000	879	872	519	798	756	717	489	700	676	849	0	733000	0	0	0	0	0	0	0	0	0	0	0
734000	794	871	500	777	633	772	508	712	718	780	0	734000	0	0	0	0	0	0	0	0	0	0	0
735000	814	816	555	797	702	807	525	744	675	835	0	735000	0	0	0	0	0	0	0	0	0	0	0
736000	742	763	463	794	752	779	658	731	710	839	0	736000	0	0	0	0	0	0	0	0	0	0	0
737000	832	791	508	702	786	755	511	786	749	782	0	737000	0	0	0	0	0	0	0	0	0	0	0
738000	740	802	536	744	663	764	538	720	778	725	0	738000	0	0	0	0	0	0	0	0	0	0	0
739000	729	809	493	804	702	721	459	729	799	795	0	739000	0	0	0	0	0	0	0	0	0	0	0
740000	733	816	501	743	680	637	577	750	803	808	0	740000	0	0	0	0	0	0	0	0	0	0	0
741000	749	815	512	688	738	815	582	705	701	790	0	741000	0	0	0	0	0	0	0	0	0	0	0
742000	837	728	519	903	719	838	586	741	699	804	0	742000	0	0	0	0	0	0	0	0	0	0	0
743000	792	896	478	753	779	751	464	726	678	797	0	743000	0	0	0	0	0	0	0	0	0	0	0
744000	822	865	522	822	681	783	471	677	680	778	0	744000	0	0	0	0	0	0	0	0	0	0	0
745000	772	881	624	772	739	722	530	815	704	828	0	745000	0	0	0	0	0	0	0	0	0	0	0
746000	888	764	562	762	756	777	514	835	843	743	0	746000	0	0	0	0	0	0	0	0	0	0	0
747000	832	785	456	839	688	735	476	752	729	836	0	747000	0	0	0	0	0	0	0	0	0	0	0
748000	696	827	511	660	730	831	558	842	783	711	0	748000	0	0	0	0	0	0	0	0	0	0	0
749000	794	738	567	642	720	808	434	709	769	775	0	749000	0	0	0	0	0	0	0	0	0	0	0
750000	804	778	586	711	707	850	504	683	641	746	0	750000	0	0	0	0	0	0	0	0	0	0	0
751000	792	778	583	764	786	690	552	709	709	799	0	751000	0	0	0	0	0	0	0	0	0	0	0
752000	750	815	522	811	703	694	513	772	725	779	0	752000	0	0	0	0	0	0	0	0	0	0	0
753000	733	845	540	705	766	677	431	751	712	770	0	753000	0	0	0	0	0	0	0	0	0	0	0
754000	828	755	490	707	632	812	537	876	722	792	0	754000	0	0	0	0	0	0	0	0	0	0	0
755000	844	754	557	671	692	796	578	800	766	809	0	755000	0	0	0	0	0	0	0	0	0	0	0
756000	795	770	520	651	687	776	467	755	754	742	0	756000	0	0	0	0	0	0	0	0	0	0	0
757000	773	819	532	686	636	904	440	845	705	744	0	757000	0	0	0	0	0	0	0	0	0	0	0
758000	813	824	497	755	662	829	514	818	762	707	0	758000	0	0	0	0	0	0	0	0	0	0	0
759000	788	714	609	795	843	829	473	794	741	619	0	759000	0	0	0	0	0	0	0	0	0	0	0
760000	835	839	544	701	644	868	482	780	778	613	0	760000	0	0	0	0	0	0	0	0	0	0	0
761000	770	777	471	613	635	818	479	808	725	722	0	761000	0	0	0	0	0	0	0	0	0	0	0
762000	782	774	467	631	756	826	507	762	712	758	0	762000	0	0	0	0	0	0	0	0	0	0	0
763000	784	798	505	746	680	769	519	734	730	764	0	763000	0	0	0	0	0	0	0	0	0	0	0
764000	767	703	528	777	689	849	481	713	793	774	0	764000	0	0	0	0	0	0	0	0	0	0	0
765000	784	672	520	654	740	846	530	812	690	669	0	765000	0	0	0	0	0	0	0	0	0	0	0
766000	702	774	530	788	735	840	518	740	735	725	0	766000	0	0	0	0	0	0	0	0	0	0	0
767000	784	776	567	716	787	798	472	762	767	739	0	767000	0	0	0	0	0	0	0	0	0	0	0
768000	819	874	464	622	681	678	539	850	773	778	0	768000	0	0	0	0	0	0	0	0	0	0	0
769000	738	805	489	684	725	782	500	877	720	784	0	769000	0	0	0	0	0	0	0	0	0	0	0
770000	862	796	564	685	829	784	550	891	732	790	0	770000	0	0	0	0	0	0	0	0	0	0	0
771000	740	832	474	651	773	744	463	798	832	726	0	771000	0	0	0	0	0	0	0	0	0	0	0
772000	771	767	526	715	661	737	512	754	726	758	0	772000	0	0	0	0	0	0	0	0	0	0	0
773000	816	823	537	720	732	789	442	736	798	791	0	773000	0	0	0	0	0	0	0	0	0	0	0
774000	889	716	580	644	803	848	436	739	717	744	0	774000	0	0	0	0	0	0	0	0	0	0	0
775000	857	854	609	758	673	816	490	892	691	773	0	775000	0	0	0	0	0	0	0	0	0	0	0
776000	776	678	598	672	661	796	488	851	611	806	0	776000	0	0	0	0	0	0	0	0	0	0	0
777000	769	756	514	656	696	820	553	845	754	779	0	777000	0	0	0	0	0	0	0	0	0	0	0
778000	797	779	542	680	784	902	546	847	765	702	0	778000	0	0	0	0	0	0	0	0	0	0	0
779000	869	720	551	752	744	769	554	810	769	836	0	779000	0	0	0	0	0	0	0	0	0	0	0
780000	764	758	555	755	765	708	536	867	726	813	0	780000	0	0	0	0	0	0	0	0	0	0	0
781000	787	793	569	692	724	892	448	805	679	776	0	781000	0	0	0	0	0	0	0	0	0	0	0
782000	845	761	553	895	813	754	418	821	638	789	0	782000	0	0	0	0	0	0	0	0	0	0	0
783000	803	693	575	747	668	800	517	786	778	879	0	783000	0	0	0	0	0	0	0	0	0	0	0
784000	754	729	605	689	705	857	552	847	772	795	0	784000	0	0	0	0	0	0	0	0	0	0	0
785000	775	827	570	729	801	847	477	829	750	841	0	785000	0	0	0	0	0	0	0	0	0	0	0
786000	793	841	539	804	677	711	510	773	728	968	0	786000	0	0	0	0	0	0	0	0	0	0	0
787000	847	851	532	655	737	882	512	825	814	848	0	787000	0	0	0	0	0	0	0	0	0	0	0
788000	860	842	518	795	678	817	583	742	764	789	0	788000	0	0	0	0	0	0	0	0	0	0	0
789000	762	798	541	773	697	787	604	750	792	789	0	789000	0	0	0	0	0	0	0	0	0	0	0
790000	828	796	545	709	680	817	570	787	697	690	0	790000	0	0	0	0	0	0	0	0	0	0	0
791000	753	817	520	633	689	726	568	817	753	748	0	791000	0	0	0	0	0	0	0	0	0	0	0
792000	892	787	550	668	604	783	543	855	707	795	0	792000	0	0	0	0	0	0	0	0	0	0	0
793000	869	856	574	767	620	811	538	773	759	741	0	793000	0	0	0	0	0	0	0	0	0	0	0
794000	881	873	575	767	747	767	450	771	699	748	0	794000	0	0	0	0	0	0	0	0	0	0	0
795000	815	801	516	663	736	703	508	832	726	744	0	795000	0	0	0	0	0	0	0	0	0	0	0
796000	858	781	506	625	697	812	608	847	733	759	0	796000	0	0	0	0	0	0	0	0	0	0	0
797000	774	864	455	688	756	722	643	784	764	749	0	797000	0	0	0	0	0	0	0	0	0	0	0
798000	728	827	517	716	730	797	632	826	773	780	0	798000	0	0	0	0	0	0	0	0	0	0	0
799000	847	850	554	737	716	791	613	821	824	770	0	799000	0	0	0	0	0	0	0	0	0	0	0
800000	809	811	495	743	822	745	644	799	786	713	0	800000	0	0	0	0	0	0	0	0	0	0	0
801000	706	836	580	733	804	770	640	911	849	654	0	801000	0	0	0	0	0	0	0	0	0	0	0
802000	807	828	556	727	847	784	651	860	776	763	0	802000	0	0	0	0	0	0	0	0	0	0	0
803000	755	745	486	748	699	834	607	866	779	866	0	803000	0	0	0	0	0	0	0	0	0	0	0
804000	813	778	530	779	844	831	684	841	799	826	0	804000	0	0	0	0	0	0	0	0	0	0	0
805000	730	804	523	691	842	846	578	780	749	759	0	805000	0	0	0	0	0	0	0	0	0	0	0
806000	726	790	599	769	807	840	616	882	770	800	0	806000	0	0	0	0	0	0	0	0	0	0	0
807000	739	854	557	810	795	810	622	792	798	771	0	807000	0	0	0	0	0	0	0	0	0	0	0
808000	815	882	597	654	763	766	630	851	714	741	0	808000	0	0	0	0	0	0	0	0	0	0	0
809000	898	849	589	816	793	745	551	820	731	796	0	809000	0	0	0	0	0	0	0	0	0	0	0
810000	836	851	558	747	745	743	582	737	745	868	0	810000	0	0	0	0	0	0	0	0	0	0	0
811000	833	848	557	742	669	655	583	768	839	789	0	811000	0	0	0	0	0	0	0	0	0	0	0
812000	827	839	651	715	736	774	643	859	849	743	0	812000	0	0	0	0	0	0	0	0	0	0	0
813000	900	884	589	684	738	747	697	784	793	813	0	813000	0	0	0	0	0	0	0	0	0	0	0
814000	863	820	532	596	729	738	614	728	813	846	0	814000	0	0	0	0	0	0	0	0	0	0	0
815000	815	889	518	738	712	683	705	721	801	810	0	815000	0	0	0	0	0	0	0	0	0	0	0
816000	739	853	458	654	642	821	668	750	767	838	0	816000	0	0	0	0	0	0	0	0	0	0	0
817000	781	761	568	819	654	756	714	774	728	825	0	817000	0	0	0	0	0	0	0	0	0	0	0
818000	809	880	478	712	716	824	566	801	741	823	0	818000	0	0	0	0	0	0	0	0	0	0	0
819000	782	801	517	739	716	690	694	837	817	792	0	819000	0	0	0	0	0	0	0	0	0	0	0
820000	797	839	564	863	825	759	569	774	702	841	0	820000	0	0	0	0	0	0	0	0	0	0	0
821000	890	902	492	786	791	842	641	669	779	734	0	821000	0	0	0	0	0	0	0	0	0	0	0
822000	833	828	512	797	772	849	614	797	751	737	0	822000	0	0	0	0	0	0	0	0	0	0	0
823000	882	784	483	789	710	731	681	722	774	775	0	823000	0	0	0	0	0	0	0	0	0	0	0
824000	773	853	513	763	702	731	724	843	846	791	0	824000	0	0	0	0	0	0	0	0	0	0	0
825000	806	834	593	754	769	774	694	774	769	725	0	825000	0	0	0	0	0	0	0	0	0	0	0
826000	756	832	624	734	765	884	671	839	712	784	0	826000	0	0	0	0	0	0	0	0	0	0	0
827000	795	839	595	766	762	757	668	857	718	702	0	827000	0	0	0	0	0	0	0	0	0	0	0
828000	811	851	547	859	802	847	659	849	707	682	0	828000	0	0	0	0	0	0	0	0	0	0	0
829000	748	921	476	651	785	895	709	768	729	777	0	829000	0	0	0	0	0	0	0	0	0	0	0
830000	689	862	505	782	760	888	792	816	767	753	0	830000	0	0	0	0	0	0	0	0	0	0	0
831000	851	816	574	854	690	851	708	821	736	822	0	831000	0	0	0	0	0	0	0	0	0	0	0
832000	844	818	642	773	710	808	712	835	788	730	0	832000	0	0	0	0	0	0	0	0	0	0	0
833000	880	856	592	787	762	812	638	760	781	765	0	833000	0	0	0	0	0	0	0	0	0	0	0
834000	876	855	571	762	718	751	656	853	740	692	0	834000	0	0	0	0	0	0	0	0	0	0	0
835000	835	782	536	695	680	772	623	858	817	580	0	835000	0	0	0	0	0	0	0	0	0	0	0
836000	832	826	599	758	705	703	611	776	815	721	0	836000	0	0	0	0	0	0	0	0	0	0	0
837000	791	819	600	755	630	729	704	771	803	699	0	837000	0	0	0	0	0	0	0	0	0	0	0
838000	643	899	535	710	647	760	661	808	811	698	0	838000	0	0	0	0	0	0	0	0	0	0	0
839000	780	800	563	768	715	825	719	831	834	735	0	839000	0	0	0	0	0	0	0	0	0	0	0
840000	893	790	570	645	747	723	613	749	775	678	0	840000	0	0	0	0	0	0	0	0	0	0	0
841000	796	721	599	763	694	814	613	857	715	736	0	841000	0	0	0	0	0	0	0	0	0	0	0
842000	827	887	683	871	778	854	637	850	724	670	0	842000	0	0	0	0	0	0	0	0	0	0	0
843000	774	819	691	834	743	758	706	1016	746	720	0	843000	0	0	0	0	0	0	0	0	0	0	0
844000	885	906	648	833	761	733	706	910	822	761	0	844000	0	0	0	0	0	0	0	0	0	0	0
845000	985	864	605	777	715	769	619	915	759	737	0	845000	0	0	0	0	0	0	0	0	0	0	0
846000	811	915	711	824	781	953	601	884	782	736	0	846000	0	0	0	0	0	0	0	0	0	0	0
847000	882	783	621	807	683	762	678	883	755	714	0	847000	0	0	0	0	0	0	0	0	0	0	0
848000	837	823	616	783	765	749	734	904	792	704	0	848000	0	0	0	0	0	0	0	0	0	0	0
849000	861	769	530	758	727	748	716	914	762	736	0	849000	0	0	0	0	0	0	0	0	0	0	0
850000	901	789	618	765	676	764	713	935	799	702	0	850000	0	0	0	0	0	0	0	0	0	0	0
851000	852	887	674	679	611	827	596	903	685	719	0	851000	0	0	0	0	0	0	0	0	0	0	0
852000	784	724	589	717	749	826	726	935	777	751	0	852000	0	0	0	0	0	0	0	0	0	0	0
853000	783	775	559	694	788	761	718	764	795	653	0	853000	0	0	0	0	0	0	0	0	0	0	0
854000	670	807	674	851	796	761	716	860	787	669	0	854000	0	0	0	0	0	0	0	0	0	0	0
855000	676	740	547	706	768	791	703	867	718	759	0	855000	0	0	0	0	0	0	0	0	0	0	0
856000	762	781	527	754	621	842	733	855	763	698	0	856000	0	0	0	0	0	0	0	0	0	0	0
857000	776	773	632	748	643	700	745	846	758	638	0	857000	0	0	0	0	0	0	0	0	0	0	0
858000	636	723	674	753	655	749	660	901	853	554	0	858000	0	0	0	0	0	0	0	0	0	0	0
859000	769	734	658	683	738	743	750	910	776	635	0	859000	0	0	0	0	0	0	0	0	0	0	0
860000	724	753	627	640	625	747	716	931	787	696	0	860000	0	0	0	0	0	0	0	0	0	0	0
861000	772	818	637	726	719	797	714	839	784	803	0	861000	0	0	0	0	0	0	0	0	0	0	0
862000	691	827	590	786	606	829	691	788	860	753	0	862000	0	0	0	0	0	0	0	0	0	0	0
863000	726	858	515	816	802	812	729	853	883	750	0	863000	0	0	0	0	0	0	0	0	0	0	0
864000	689	864	578	758	636	882	746	926	850	854	0	864000	0	0	0	0	0	0	0	0	0	0	0
865000	778	832	613	748	657	693	753	920	810	801	0	865000	0	0	0	0	0	0	0	0	0	0	0
866000	833	802	677	671	629	708	766	973	731	729	0	866000	0	0	0	0	0	0	0	0	0	0	0
867000	842	757	609	749	658	789	801	892	758	666	0	867000	0	0	0	0	0	0	0	0	0	0	0
868000	713	762	657	727	634	864	772	844	716	798	0	868000	0	0	0	0	0	0	0	0	0	0	0
869000	804	830	593	733	615	825	740	773	770	764	0	869000	0	0	0	0	0	0	0	0	0	0	0
870000	798	872	609	802	630	746	741	893	713	689	0	870000	0	0	0	0	0	0	0	0	0	0	0
871000	764	944	599	725	702	812	768	926	837	672	0	871000	0	0	0	0	0	0	0	0	0	0	0
872000	757	807	588	763	625	917	814	868	663	682	0	872000	0	0	0	0	0	0	0	0	0	0	0
873000	764	741	647	857	608	886	729	801	757	773	0	873000	0	0	0	0	0	0	0	0	0	0	0
874000	825	741	719	743	651	845	628	827	739	748	0	874000	0	0	0	0	0	0	0	0	0	0	0
875000	784	844	580	764	657	798	698	811	822	775	0	875000	0	0	0	0	0	0	0	0	0	0	0
876000	842	767	547	666	656	692	732	932	744	808	0	876000	0	0	0	0	0	0	0	0	0	0	0
877000	822	859	641	658	657	669	661	914	681	857	0	877000	0	0	0	0	0	0	0	0	0	0	0
878000	701	722	603	817	672	781	661	936	800	753	0	878000	0	0	0	0	0	0	0	0	0	0	0
879000	839	800	618	694	728	708	732	766	819	755	0	879000	0	0	0	0	0	0	0	0	0	0	0
880000	788	768	679	685	675	657	673	903	623	692	0	880000	0	0	0	0	0	0	0	0	0	0	0
881000	840	773	587	747	715	771	709	892	765	779	0	881000	0	0	0	0	0	0	0	0	0	0	0
882000	764	813	611	744	609	819	688	840	732	750	0	882000	0	0	0	0	0	0	0	0	0	0	0
883000	718	851	637	734	634	753	760	952	790	690	0	883000	0	0	0	0	0	0	0	0	0	0	0
884000	698	753	720	746	657	769	772	854	782	619	0	884000	0	0	0	0	0	0	0	0	0	0	0
885000	746	837	735	747	621	738	712	886	889	809	0	885000	0	0	0	0	0	0	0	0	0	0	0
886000	754	818	615	815	575	754	672	917	870	719	0	886000	0	0	0	0	0	0	0	0	0	0	0
887000	797	728	652	682	566	791	856	943	821	738	0	887000	0	0	0	0	0	0	0	0	0	0	0
888000	649	801	612	687	584	735	756	926	861	815	0	888000	0	0	0	0	0	0	0	0	0	0	0
889000	711	773	611	660	618	823	744	874	750	790	0	889000	0	0	0	0	0	0	0	0	0	0	0
890000	729	797	642	721	653	764	693	912	710	863	0	890000	0	0	0	0	0	0	0	0	0	0	0
891000	730	740	645	660	565	729	641	808	700	819	0	891000	0	0	0	0	0	0	0	0	0	0	0
892000	736	778	638	816	613	814	712	893	708	763	0	892000	0	0	0	0	0	0	0	0	0	0	0
893000	710	760	644	622	673	777	831	878	867	722	0	893000	0	0	0	0	0	0	0	0	0	0	0
894000	838	815	637	733	615	807	829	755	752	796	0	894000	0	0	0	0	0	0	0	0	0	0	0
895000	720	713	700	697	701	760	638	842	816	844	0	895000	0	0	0	0	0	0	0	0	0	0	0
896000	740	774	695	643	510	792	869	862	822	707	0	896000	0	0	0	0	0	0	0	0	0	0	0
897000	765	790	620	707	593	690	624	829	870	783	0	897000	0	0	0	0	0	0	0	0	0	0	0
898000	733	807	515	800	587	676	710	793	825	785	0	898000	0	0	0	0	0	0	0	0	0	0	0
899000	720	761	650	762	521	686	741	876	866	732	0	899000	0	0	0	0	0	0	0	0	0	0	0
900000	770	748	701	819	598	676	783	788	774	800	0	900000	0	0	0	0	0	0	0	0	0	0	0
901000	722	775	621	886	505	726	766	835	826	704	0	901000	0	0	0	0	0	0	0	0	0	0	0
902000	578	833	585	752	576	784	758	827	834	680	0	902000	0	0	0	0	0	0	0	0	0	0	0
903000	668	797	592	806	534	750	702	839	763	684	0	903000	0	0	0	0	0	0	0	0	0	0	0
904000	659	757	523	604	559	863	754	769	791	616	0	904000	0	0	0	0	0	0	0	0	0	0	0
905000	712	865	610	699	446	722	752	835	822	755	0	905000	0	0	0	0	0	0	0	0	0	0	0
906000	675	742	629	765	440	788	676	788	872	796	0	906000	0	0	0	0	0	0	0	0	0	0	0
907000	728	921	685	754	500	819	731	808	782	766	0	907000	0	0	0	0	0	0	0	0	0	0	0
908000	687	740	652	827	451	791	763	828	786	769	0	908000	0	0	0	0	0	0	0	0	0	0	0
909000	742	824	627	704	524	790	768	814	751	749	0	909000	0	0	0	0	0	0	0	0	0	0	0
910000	784	727	618	743	534	778	823	790	718	818	0	910000	0	0	0	0	0	0	0	0	0	0	0
911000	856	840	563	804	564	789	822	901	807	750	0	911000	0	0	0	0	0	0	0	0	0	0	0
912000	788	685	593	782	533	779	788	850	744	780	0	912000	0	0	0	0	0	0	0	0	0	0	0
913000	751	849	585	768	598	738	778	833	723	752	0	913000	0	0	0	0	0	0	0	0	0	0	0
914000	784	821	582	742	497	850	738	822	710	766	0	914000	0	0	0	0	0	0	0	0	0	0	0
915000	807	950	661	830	481	804	811	809	761	807	0	915000	0	0	0	0	0	0	0	0	0	0	0
916000	738	822	693	595	418	786	838	846	733	699	0	916000	0	0	0	0	0	0	0	0	0	0	0
917000	723	682	593	764	475	820	741	925	749	768	0	917000	0	0	0	0	0	0	0	0	0	0	0
918000	702	802	649	737	418	771	672	852	755	782	0	918000	0	0	0	0	0	0	0	0	0	0	0
919000	756	865	641	835	450	854	717	831	828	862	0	919000	0	0	0	0	0	0	0	0	0	0	0
920000	747	688	603	701	489	801	808	822	662	772	0	920000	0	0	0	0	0	0	0	0	0	0	0
921000	743	744	583	738	536	765	831	827	767	807	0	921000	0	0	0	0	0	0	0	0	0	0	0
922000	684	865	616	803	460	758	817	828	677	758	0	922000	0	0	0	0	0	0	0	0	0	0	0
923000	712	810	675	813	548	827	738	816	611	835	0	923000	0	0	0	0	0	0	0	0	0	0	0
924000	750	765	610	731	521	735	617	777	754	761	0	924000	0	0	0	0	0	0	0	0	0	0	0
925000	712	813	634	790	502	787	652	756	749	837	0	925000	0	0	0	0	0	0	0	0	0	0	0
926000	703	741	672	717	513	837	731	813	856	778	0	926000	0	0	0	0	0	0	0	0	0	0	0
927000	783	806	530	778	578	759	835	724	858	768	0	927000	0	0	0	0	0	0	0	0	0	0	0
928000	798	884	627	841	517	826	790	824	805	808	0	928000	0	0	0	0	0	0	0	0	0	0	0
929000	781	917	632	751	462	778	815	720	764	870	0	929000	0	0	0	0	0	0	0	0	0	0	0
930000	833	897	603	786	470	796	770	740	820	842	0	930000	0	0	0	0	0	0	0	0	0	0	0
931000	793	791	600	675	507	823	769	759	863	751	0	931000	0	0	0	0	0	0	0	0	0	0	0
932000	775	832	598	692	462	814	768	826	892	757	0	932000	0	0	0	0	0	0	0	0	0	0	0
933000	773	844	729	628	506	873	883	874	819	813	0	933000	0	0	0	0	0	0	0	0	0	0	0
934000	827	871	658	698	449	725	823	846	895	810	0	934000	0	0	0	0	0	0	0	0	0	0	0
935000	797	826	655	786	528	726	728	764	741	790	0	935000	0	0	0	0	0	0	0	0	0	0	0
936000	866	786	545	763	602	770	739	751	788	652	0	936000	0	0	0	0	0	0	0	0	0	0	0
937000	760	867	795	719	528	711	791	758	796	762	0	937000	0	0	0	0	0	0	0	0	0	0	0
938000	822	901	655	764	457	690	777	790	771	685	0	938000	0	0	0	0	0	0	0	0	0	0	0
939000	857	890	615	811	502	812	796	733	860	700	0	939000	0	0	0	0	0	0	0	0	0	0	0
940000	781	869	640	729	446	867	777	771	847	728	0	940000	0	0	0	0	0	0	0	0	0	0	0
941000	713	901	634	796	488	777	778	882	821	692	0	941000	0	0	0	0	0	0	0	0	0	0	0
942000	816	843	669	669	532	851	775	806	883	714	0	942000	0	0	0	0	0	0	0	0	0	0	0
943000	728	862	632	706	489	778	780	804	868	802	0	943000	0	0	0	0	0	0	0	0	0	0	0
944000	783	812	650	826	419	745	774	823	864	632	0	944000	0	0	0	0	0	0	0	0	0	0	0
945000	715	819	565	677	406	818	713	727	928	745	0	945000	0	0	0	0	0	0	0	0	0	0	0
946000	766	774	614	807	487	774	831	772	920	764	0	946000	0	0	0	0	0	0	0	0	0	0	0
947000	760	837	616	768	446	711	830	803	932	795	0	947000	0	0	0	0	0	0	0	0	0	0	0
948000	747	831	653	715	499	795	774	827	864	841	0	948000	0	0	0	0	0	0	0	0	0	0	0
949000	754	816	647	732	467	785	767	803	731	778	0	949000	0	0	0	0	0	0	0	0	0	0	0
950000	743	796	574	741	442	812	656	818	788	738	0	950000	0	0	0	0	0	0	0	0	0	0	0
951000	736	806	632	687	407	727	767	713	858	885	0	951000	0	0	0	0	0	0	0	0	0	0	0
952000	798	843	570	694	504	710	854	779	875	804	0	952000	0	0	0	0	0	0	0	0	0	0	0
953000	742	833	606	643	525	716	850	733	872	866	0	953000	0	0	0	0	0	0	0	0	0	0	0
954000	702	790	570	808	497	781	765	810	858	801	0	954000	0	0	0	0	0	0	0	0	0	0	0
955000	657	747	562	762	480	754	689	877	809	812	0	955000	0	0	0	0	0	0	0	0	0	0	0
956000	613	830	616	802	443	762	729	870	862	788	0	956000	0	0	0	0	0	0	0	0	0	0	0
957000	670	806	546	794	461	805	733	722	831	756	0	957000	0	0	0	0	0	0	0	0	0	0	0
958000	718	874	610	876	502	801	700	731	915	794	0	958000	0	0	0	0	0	0	0	0	0	0	0
959000	702	795	567	848	571	802	836	698	821	840	0	959000	0	0	0	0	0	0	0	0	0	0	0
960000	709	900	596	840	520	734	731	809	917	861	0	960000	0	0	0	0	0	0	0	0	0	0	0
961000	720	864	517	861	560	800	724	766	838	745	0	961000	0	0	0	0	0	0	0	0	0	0	0
962000	655	809	602	930	532	785	777	850	778	738	0	962000	0	0	0	0	0	0	0	0	0	0	0
963000	689	868	635	796	618	836	817	709	871	793	0	963000	0	0	0	0	0	0	0	0	0	0	0
964000	729	882	681	773	573	719	800	734	940	813	0	964000	0	0	0	0	0	0	0	0	0	0	0
965000	654	858	618	828	638	805	875	767	877	707	0	965000	0	0	0	0	0	0	0	0	0	0	0
966000	791	884	591	760	562	620	860	776	877	750	0	966000	0	0	0	0	0	0	0	0	0	0	0
967000	709	843	605	797	477	778	778	806	916	859	0	967000	0	0	0	0	0	0	0	0	0	0	0
968000	790	887	624	731	556	798	737	722	941	845	0	968000	0	0	0	0	0	0	0	0	0	0	0
969000	764	855	617	811	575	821	782	865	923	804	0	969000	0	0	0	0	0	0	0	0	0	0	0
970000	767	861	636	801	648	754	748	847	895	765	0	970000	0	0	0	0	0	0	0	0	0	0	0
971000	630	926	696	796	625	876	660	811	898	738	0	971000	0	0	0	0	0	0	0	0	0	0	0
972000	790	811	643	731	632	801	766	764	887	708	0	972000	0	0	0	0	0	0	0	0	0	0	0
973000	751	798	582	763	549	778	809	787	892	699	0	973000	0	0	0	0	0	0	0	0	0	0	0
974000	711	763	667	796	577	838	674	816	802	708	0	974000	0	0	0	0	0	0	0	0	0	0	0
975000	665	817	629	655	584	807	835	726	842	889	0	975000	0	0	0	0	0	0	0	0	0	0	0
976000	594	742	699	734	621	797	867	787	951	785	0	976000	0	0	0	0	0	0	0	0	0	0	0
977000	620	783	641	827	623	762	787	764	850	747	0	977000	0	0	0	0	0	0	0	0	0	0	0
978000	619	843	714	849	657	772	804	875	779	706	0	978000	0	0	0	0	0	0	0	0	0	0	0
979000	641	764	654	764	557	813	752	844	743	812	0	979000	0	0	0	0	0	0	0	0	0	0	0
980000	799	799	724	785	579	752	720	738	768	748	0	980000	0	0	0	0	0	0	0	0	0	0	0
981000	729	866	655	788	552	789	879	757	738	687	0	981000	0	0	0	0	0	0	0	0	0	0	0
982000	720	821	695	708	559	796	781	777	713	771	0	982000	0	0	0	0	0	0	0	0	0	0	0
983000	765	794	663	730	496	864	773	865	773	765	0	983000	0	0	0	0	0	0	0	0	0	0	0
984000	830	725	627	757	547	855	703	786	770	823	0	984000	0	0	0	0	0	0	0	0	0	0	0
985000	799	652	633	726	517	817	852	675	825	760	0	985000	0	0	0	0	0	0	0	0	0	0	0
986000	731	801	611	697	550	778	784	771	836	734	0	986000	0	0	0	0	0	0	0	0	0	0	0
987000	757	828	628	773	539	830	751	749	781	685	0	987000	0	0	0	0	0	0	0	0	0	0	0
988000	753	851	573	773	617	832	741	790	739	709	0	988000	0	0	0	0	0	0	0	0	0	0	0
989000	767	807	640	775	591	937	802	768	826	738	0	989000	0	0	0	0	0	0	0	0	0	0	0
990000	863	799	603	773	568	813	832	717	931	798	0	990000	0	0	0	0	0	0	0	0	0	0	0
991000	859	710	577	769	616	839	810	783	864	832	0	991000	0	0	0	0	0	0	0	0	0	0	0
992000	793	851	640	824	568	765	765	830	1002	782	0	992000	0	0	0	0	0	0	0	0	0	0	0
993000	760	779	646	737	588	792	743	876	829	726	0	993000	0	0	0	0	0	0	0	0	0	0	0
994000	821	821	659	818	667	870	775	820	847	748	0	994000	0	0	0	0	0	0	0	0	0	0	0
995000	761	812	673	832	582	849	786	831	926	790	0	995000	0	0	0	0	0	0	0	0	0	0	0
996000	788	822	737	738	495	816	722	788	965	679	0	996000	0	0	0	0	0	0	0	0	0	0	0
997000	753	760	703	694	528	818	876	851	928	805	0	997000	0	0	0	0	0	0	0	0	0	0	0
998000	773	731	653	753	533	833	815	825	957	778	0	998000	0	0	0	0	0	0	0	0	0	0	0
999000	838	814	645	662	535	790	840	802	885	816	0	999000	0	0	0	0	0	0	0	0	0	0	0
1000000	0	1	0	2	0	3	1	1	2	0	0	1000000	0	0	0	0	0	0	0	0	0	0	0
