0	15	13	24	6	16	14	12	10	17	11	0	0	0	0	0	0	0	0	0	0	0
1000	4	12	3	4	0	2	2	1	1	5	1000	0	0	0	0	0	0	0	0	0	0
2000	11	8	6	3	0	5	12	5	0	10	2000	0	0	0	0	0	0	0	0	0	0
3000	1	0	12	1	1	2	2	5	1	3	3000	0	0	0	0	0	0	0	0	0	0
4000	3	7	15	6	2	0	0	16	1	3	4000	0	0	0	0	0	0	0	0	0	0
5000	4	6	11	3	1	0	1	15	0	3	5000	0	0	0	0	0	0	0	0	0	0
6000	35	11	14	5	4	0	3	2	14	14	6000	0	0	0	0	0	0	0	0	0	0
7000	16	7	46	1	0	1	3	6	5	1	7000	0	0	0	0	0	0	0	0	0	0
8000	40	8	8	7	0	1	8	3	8	2	8000	0	0	0	0	0	0	0	0	0	0
9000	22	7	14	5	0	0	3	1	12	5	9000	0	0	0	0	0	0	0	0	0	0
10000	15	1	29	2	0	4	1	10	13	8	10000	0	0	0	0	0	0	0	0	0	0
11000	25	2	7	2	0	10	3	4	13	2	11000	0	0	0	0	0	0	0	0	0	0
12000	59	11	9	0	2	9	3	2	2	31	12000	0	0	0	0	0	0	0	0	0	0
13000	42	2	3	0	3	15	2	10	3	37	13000	0	0	0	0	0	0	0	0	0	0
14000	55	3	12	1	5	11	0	2	1	10	14000	0	0	0	0	0	0	0	0	0	0
15000	26	1	19	5	0	16	4	2	9	8	15000	0	0	0	0	0	0	0	0	0	0
16000	16	8	17	3	1	13	5	6	9	2	16000	0	0	0	0	0	0	0	0	0	0
17000	11	5	8	2	1	12	6	10	6	3	17000	0	0	0	0	0	0	0	0	0	0
18000	24	1	2	2	0	8	4	18	14	24	18000	0	0	0	0	0	0	0	0	0	0
19000	14	4	9	15	0	25	25	6	25	39	19000	0	0	0	0	0	0	0	0	0	0
20000	15	9	16	1	0	33	48	3	7	35	20000	0	0	0	0	0	0	0	0	0	0
21000	10	2	4	2	3	28	37	4	23	36	21000	0	0	0	0	0	0	0	0	0	0
22000	10	3	10	0	1	20	21	0	3	51	22000	0	0	0	0	0	0	0	0	0	0
23000	27	2	2	0	2	24	63	6	8	35	23000	0	0	0	0	0	0	0	0	0	0
24000	48	2	22	2	1	13	91	10	5	38	24000	0	0	0	0	0	0	0	0	0	0
25000	38	6	18	11	10	22	69	5	20	56	25000	0	0	0	0	0	0	0	0	0	0
26000	32	4	38	0	6	4	67	0	30	42	26000	0	0	0	0	0	0	0	0	0	0
27000	22	10	48	14	2	14	88	0	14	58	27000	0	0	0	0	0	0	0	0	0	0
28000	31	10	71	8	2	33	127	3	8	73	28000	0	0	0	0	0	0	0	0	0	0
29000	46	5	65	18	3	23	93	0	27	61	29000	0	0	0	0	0	0	0	0	0	0
30000	33	6	43	14	0	27	180	0	12	55	30000	0	0	0	0	0	0	0	0	0	0
31000	34	3	53	3	0	28	218	2	10	98	31000	0	0	0	0	0	0	0	0	0	0
32000	67	3	65	4	1	52	172	2	29	51	32000	0	0	0	0	0	0	0	0	0	0
33000	89	0	35	19	0	40	173	3	77	70	33000	0	0	0	0	0	0	0	0	0	0
34000	39	0	10	4	8	56	192	6	60	66	34000	0	0	0	0	0	0	0	0	0	0
35000	36	3	36	4	2	67	182	5	33	48	35000	0	0	0	0	0	0	0	0	0	0
36000	47	1	10	8	2	50	196	2	16	72	36000	0	0	0	0	0	0	0	0	0	0
37000	43	2	31	3	3	71	197	6	23	66	37000	0	0	0	0	0	0	0	0	0	0
38000	48	1	45	19	2	42	228	7	29	134	38000	0	0	0	0	0	0	0	0	0	0
39000	23	1	35	34	3	22	306	8	26	102	39000	0	0	0	0	0	0	0	0	0	0
40000	57	1	35	13	3	14	207	9	56	58	40000	0	0	0	0	0	0	0	0	0	0
41000	58	1	40	3	2	27	194	2	59	79	41000	0	0	0	0	0	0	0	0	0	0
42000	40	17	38	7	2	28	222	0	43	75	42000	0	0	0	0	0	0	0	0	0	0
43000	36	14	25	4	4	33	189	5	45	160	43000	0	0	0	0	0	0	0	0	0	0
44000	42	5	18	1	0	88	240	2	16	166	44000	0	0	0	0	0	0	0	0	0	0
45000	83	5	26	2	14	79	266	5	43	139	45000	0	0	0	0	0	0	0	0	0	0
46000	52	13	51	3	8	49	181	0	34	116	46000	0	0	0	0	0	0	0	0	0	0
47000	49	5	61	5	2	45	222	1	21	106	47000	0	0	0	0	0	0	0	0	0	0
48000	68	3	87	7	2	61	261	0	42	135	48000	0	0	0	0	0	0	0	0	0	0
49000	60	3	86	10	0	104	250	1	37	121	49000	0	0	0	0	0	0	0	0	0	0
50000	47	4	48	17	5	85	221	4	62	150	50000	0	0	0	0	0	0	0	0	0	0
51000	54	2	63	4	4	70	186	4	65	163	51000	0	0	0	0	0	0	0	0	0	0
52000	64	11	25	1	6	56	136	0	106	225	52000	0	0	0	0	0	0	0	0	0	0
53000	71	3	31	3	12	93	106	2	155	256	53000	0	0	0	0	0	0	0	0	0	0
54000	43	2	82	0	20	68	211	0	195	276	54000	0	0	0	0	0	0	0	0	0	0
55000	65	2	75	1	3	104	191	0	124	240	55000	0	0	0	0	0	0	0	0	0	0
56000	63	3	84	2	2	136	204	1	168	294	56000	0	0	0	0	0	0	0	0	0	0
57000	46	2	79	6	5	155	254	3	160	269	57000	0	0	0	0	0	0	0	0	0	0
58000	31	0	57	6	4	127	297	0	142	238	58000	0	0	0	0	0	0	0	0	0	0
59000	41	12	59	3	7	133	301	2	179	216	59000	0	0	0	0	0	0	0	0	0	0
60000	24	12	76	2	0	150	376	5	168	227	60000	0	0	0	0	0	0	0	0	0	0
61000	28	11	81	0	1	171	315	1	134	209	61000	0	0	0	0	0	0	0	0	0	0
62000	62	1	55	2	6	176	292	6	165	241	62000	0	0	0	0	0	0	0	0	0	0
63000	79	9	80	20	0	210	299	3	144	215	63000	0	0	0	0	0	0	0	0	0	0
64000	75	1	117	4	5	197	226	2	117	187	64000	0	0	0	0	0	0	0	0	0	0
65000	45	13	99	0	8	197	290	1	157	299	65000	0	0	0	0	0	0	0	0	0	0
66000	73	1	107	1	0	201	369	1	121	334	66000	0	0	0	0	0	0	0	0	0	0
67000	104	5	141	4	0	225	308	1	135	334	67000	0	0	0	0	0	0	0	0	0	0
68000	77	0	173	6	4	200	271	0	167	287	68000	0	0	0	0	0	0	0	0	0	0
69000	87	0	151	4	4	207	183	0	228	219	69000	0	0	0	0	0	0	0	0	0	0
70000	106	2	100	7	3	193	302	0	223	211	70000	0	0	0	0	0	0	0	0	0	0
71000	48	0	106	7	12	236	272	2	221	228	71000	0	0	0	0	0	0	0	0	0	0
72000	51	4	191	3	8	221	257	1	200	181	72000	0	0	0	0	0	0	0	0	0	0
73000	82	14	164	4	7	233	215	1	220	302	73000	0	0	0	0	0	0	0	0	0	0
74000	86	11	178	15	4	226	330	1	329	235	74000	0	0	0	0	0	0	0	0	0	0
75000	115	3	151	10	4	227	286	5	401	194	75000	0	0	0	0	0	0	0	0	0	0
76000	125	4	152	6	2	241	348	11	383	314	76000	0	0	0	0	0	0	0	0	0	0
77000	100	26	186	7	4	310	402	1	401	245	77000	0	0	0	0	0	0	0	0	0	0
78000	73	13	205	5	7	286	372	1	286	236	78000	0	0	0	0	0	0	0	0	0	0
79000	62	9	190	1	4	212	400	0	348	256	79000	0	0	0	0	0	0	0	0	0	0
80000	71	5	155	19	0	249	380	1	439	202	80000	0	0	0	0	0	0	0	0	0	0
81000	102	9	212	8	6	302	348	3	469	225	81000	0	0	0	0	0	0	0	0	0	0
82000	127	5	186	11	8	263	357	10	465	233	82000	0	0	0	0	0	0	0	0	0	0
83000	118	15	219	19	5	270	380	1	417	275	83000	0	0	0	0	0	0	0	0	0	0
84000	146	6	205	27	8	287	371	3	313	298	84000	0	0	0	0	0	0	0	0	0	0
85000	137	15	160	77	10	371	332	1	454	246	85000	0	0	0	0	0	0	0	0	0	0
86000	146	6	194	48	15	333	389	2	430	220	86000	0	0	0	0	0	0	0	0	0	0
87000	118	6	220	42	9	328	423	0	496	192	87000	0	0	0	0	0	0	0	0	0	0
88000	122	10	174	30	10	269	357	4	435	202	88000	0	0	0	0	0	0	0	0	0	0
89000	162	6	235	47	2	267	302	0	433	256	89000	0	0	0	0	0	0	0	0	0	0
90000	142	2	213	40	7	280	340	3	408	247	90000	0	0	0	0	0	0	0	0	0	0
91000	130	15	240	59	6	272	347	2	363	233	91000	0	0	0	0	0	0	0	0	0	0
92000	190	4	258	64	16	347	319	6	414	318	92000	0	0	0	0	0	0	0	0	0	0
93000	242	9	247	36	26	383	389	3	389	262	93000	0	0	0	0	0	0	0	0	0	0
94000	200	3	237	62	14	396	427	3	479	330	94000	0	0	0	0	0	0	0	0	0	0
95000	158	6	225	149	13	408	392	3	403	273	95000	0	0	0	0	0	0	0	0	0	0
96000	172	3	283	150	5	292	416	7	494	361	96000	0	0	0	0	0	0	0	0	0	0
97000	203	11	258	146	10	309	264	6	414	348	97000	0	0	0	0	0	0	0	0	0	0
98000	241	6	270	189	17	326	289	5	420	362	98000	0	0	0	0	0	0	0	0	0	0
99000	193	14	264	120	12	439	282	3	486	350	99000	0	0	0	0	0	0	0	0	0	0
100000	259	5	246	102	5	331	339	17	415	355	100000	0	0	0	0	0	0	0	0	0	0
101000	273	5	279	134	3	305	352	4	438	428	101000	0	0	0	0	0	0	0	0	0	0
102000	280	1	233	185	12	308	344	4	550	435	102000	0	0	0	0	0	0	0	0	0	0
103000	288	3	301	193	4	363	324	4	472	472	103000	0	0	0	0	0	0	0	0	0	0
104000	264	3	310	213	16	369	308	1	511	487	104000	0	0	0	0	0	0	0	0	0	0
105000	247	5	286	178	7	373	324	2	476	394	105000	0	0	0	0	0	0	0	0	0	0
106000	259	6	297	212	3	446	315	6	459	521	106000	0	0	0	0	0	0	0	0	0	0
107000	320	10	206	198	12	359	277	9	331	476	107000	0	0	0	0	0	0	0	0	0	0
108000	301	6	190	128	4	382	226	12	402	496	108000	0	0	0	0	0	0	0	0	0	0
109000	238	26	145	190	7	394	175	12	473	497	109000	0	0	0	0	0	0	0	0	0	0
110000	229	21	194	162	10	424	201	8	556	425	110000	0	0	0	0	0	0	0	0	0	0
111000	292	14	248	137	5	383	198	4	529	473	111000	0	0	0	0	0	0	0	0	0	0
112000	261	7	332	173	10	402	262	8	448	503	112000	0	0	0	0	0	0	0	0	0	0
113000	272	8	316	142	20	412	259	16	508	539	113000	0	0	0	0	0	0	0	0	0	0
114000	320	1	266	145	37	465	247	18	604	509	114000	0	0	0	0	0	0	0	0	0	0
115000	383	12	263	93	21	399	273	12	556	460	115000	0	0	0	0	0	0	0	0	0	0
116000	317	38	291	166	6	444	272	16	465	453	116000	0	0	0	0	0	0	0	0	0	0
117000	277	19	303	158	4	422	289	29	614	461	117000	0	0	0	0	0	0	0	0	0	0
118000	331	12	344	90	12	475	407	55	468	494	118000	0	0	0	0	0	0	0	0	0	0
119000	346	8	374	140	24	485	422	76	499	505	119000	0	0	0	0	0	0	0	0	0	0
120000	367	16	334	86	50	464	347	109	586	608	120000	0	0	0	0	0	0	0	0	0	0
121000	332	18	300	137	62	529	371	88	497	622	121000	0	0	0	0	0	0	0	0	0	0
122000	331	11	300	164	62	448	337	102	610	489	122000	0	0	0	0	0	0	0	0	0	0
123000	393	9	337	143	11	502	373	87	529	535	123000	0	0	0	0	0	0	0	0	0	0
124000	371	2	375	112	24	525	401	65	538	521	124000	0	0	0	0	0	0	0	0	0	0
125000	407	9	336	182	25	465	291	31	485	528	125000	0	0	0	0	0	0	0	0	0	0
126000	385	10	352	177	23	455	367	20	446	597	126000	0	0	0	0	0	0	0	0	0	0
127000	357	24	336	190	20	472	352	33	412	631	127000	0	0	0	0	0	0	0	0	0	0
128000	372	13	395	138	27	397	410	44	543	632	128000	0	0	0	0	0	0	0	0	0	0
129000	298	9	323	129	28	375	386	26	592	635	129000	0	0	0	0	0	0	0	0	0	0
130000	357	10	280	146	10	367	376	34	509	660	130000	0	0	0	0	0	0	0	0	0	0
131000	312	32	397	181	8	458	382	86	591	693	131000	0	0	0	0	0	0	0	0	0	0
132000	316	25	355	195	6	386	429	77	464	607	132000	0	0	0	0	0	0	0	0	0	0
133000	322	29	363	224	16	415	400	97	480	504	133000	0	0	0	0	0	0	0	0	0	0
134000	323	11	378	179	10	326	481	96	536	440	134000	0	0	0	0	0	0	0	0	0	0
135000	375	23	346	190	34	458	484	67	478	554	135000	0	0	0	0	0	0	0	0	0	0
136000	273	20	321	139	26	371	469	65	591	585	136000	0	0	0	0	0	0	0	0	0	0
137000	270	13	335	123	21	470	367	118	580	618	137000	0	0	0	0	0	0	0	0	0	0
138000	288	32	304	227	33	410	415	106	627	607	138000	0	0	0	0	0	0	0	0	0	0
139000	363	41	400	206	37	394	421	91	666	583	139000	0	0	0	0	0	0	0	0	0	0
140000	352	28	409	256	35	397	453	70	720	716	140000	0	0	0	0	0	0	0	0	0	0
141000	362	31	350	216	27	452	377	69	550	686	141000	0	0	0	0	0	0	0	0	0	0
142000	315	38	400	258	45	381	449	99	620	664	142000	0	0	0	0	0	0	0	0	0	0
143000	336	15	438	298	40	431	492	88	636	613	143000	0	0	0	0	0	0	0	0	0	0
144000	344	42	331	322	14	501	431	115	602	581	144000	0	0	0	0	0	0	0	0	0	0
145000	365	36	366	257	27	465	402	145	733	605	145000	0	0	0	0	0	0	0	0	0	0
146000	438	22	407	220	12	486	434	115	539	665	146000	0	0	0	0	0	0	0	0	0	0
147000	427	25	398	281	9	387	436	101	683	543	147000	0	0	0	0	0	0	0	0	0	0
148000	360	23	436	255	23	385	448	165	664	557	148000	0	0	0	0	0	0	0	0	0	0
149000	326	26	457	325	31	300	444	163	647	473	149000	0	0	0	0	0	0	0	0	0	0
150000	422	21	384	293	20	359	418	144	574	622	150000	0	0	0	0	0	0	0	0	0	0
151000	415	24	424	320	23	337	355	176	601	555	151000	0	0	0	0	0	0	0	0	0	0
152000	452	15	464	310	23	416	342	198	665	623	152000	0	0	0	0	0	0	0	0	0	0
153000	445	43	413	189	9	363	404	218	608	668	153000	0	0	0	0	0	0	0	0	0	0
154000	388	47	368	200	8	339	371	199	631	546	154000	0	0	0	0	0	0	0	0	0	0
155000	407	43	396	213	16	376	317	156	727	652	155000	0	0	0	0	0	0	0	0	0	0
156000	396	66	430	264	16	430	410	179	581	674	156000	0	0	0	0	0	0	0	0	0	0
157000	419	65	364	290	29	369	325	226	541	609	157000	0	0	0	0	0	0	0	0	0	0
158000	340	46	311	263	40	406	398	244	619	569	158000	0	0	0	0	0	0	0	0	0	0
159000	353	88	349	260	14	456	363	271	602	594	159000	0	0	0	0	0	0	0	0	0	0
160000	469	62	376	322	8	412	372	325	512	507	160000	0	0	0	0	0	0	0	0	0	0
161000	430	106	441	267	18	446	370	345	533	683	161000	0	0	0	0	0	0	0	0	0	0
162000	387	95	378	329	7	428	422	238	588	623	162000	0	0	0	0	0	0	0	0	0	0
163000	545	114	395	305	6	445	395	253	671	621	163000	0	0	0	0	0	0	0	0	0	0
164000	410	80	376	323	9	465	380	223	622	676	164000	0	0	0	0	0	0	0	0	0	0
165000	406	73	397	292	40	424	377	247	600	548	165000	0	0	0	0	0	0	0	0	0	0
166000	442	39	404	398	18	400	351	268	609	561	166000	0	0	0	0	0	0	0	0	0	0
167000	516	64	405	345	30	407	336	225	595	524	167000	0	0	0	0	0	0	0	0	0	0
168000	476	109	353	279	17	442	294	238	588	496	168000	0	0	0	0	0	0	0	0	0	0
169000	366	62	394	324	25	356	317	228	709	616	169000	0	0	0	0	0	0	0	0	0	0
170000	445	110	460	297	31	438	310	253	645	614	170000	0	0	0	0	0	0	0	0	0	0
171000	432	117	418	318	25	438	354	217	653	562	171000	0	0	0	0	0	0	0	0	0	0
172000	387	85	398	331	30	387	344	219	656	681	172000	0	0	0	0	0	0	0	0	0	0
173000	454	71	370	270	19	407	346	199	659	614	173000	0	0	0	0	0	0	0	0	0	0
174000	408	93	360	297	40	499	354	204	666	652	174000	0	0	0	0	0	0	0	0	0	0
175000	371	109	393	284	46	483	322	193	571	525	175000	0	0	0	0	0	0	0	0	0	0
176000	453	79	405	222	35	413	328	195	582	549	176000	0	0	0	0	0	0	0	0	0	0
177000	530	129	489	215	13	434	422	232	544	634	177000	0	0	0	0	0	0	0	0	0	0
178000	507	115	410	208	35	492	507	185	464	687	178000	0	0	0	0	0	0	0	0	0	0
179000	508	87	414	248	24	416	405	223	606	773	179000	0	0	0	0	0	0	0	0	0	0
180000	420	100	441	269	27	433	485	290	571	700	180000	0	0	0	0	0	0	0	0	0	0
181000	496	111	435	324	23	470	397	235	652	592	181000	0	0	0	0	0	0	0	0	0	0
182000	455	74	452	289	37	518	401	221	600	637	182000	0	0	0	0	0	0	0	0	0	0
183000	483	82	389	411	57	452	329	195	603	655	183000	0	0	0	0	0	0	0	0	0	0
184000	620	117	531	369	46	496	338	211	559	647	184000	0	0	0	0	0	0	0	0	0	0
185000	558	150	442	354	26	432	312	257	610	635	185000	0	0	0	0	0	0	0	0	0	0
186000	451	179	399	311	16	458	346	303	541	574	186000	0	0	0	0	0	0	0	0	0	0
187000	474	127	460	298	30	533	297	327	548	639	187000	0	0	0	0	0	0	0	0	0	0
188000	431	179	518	362	34	412	372	318	497	580	188000	0	0	0	0	0	0	0	0	0	0
189000	440	127	547	340	22	505	378	297	503	543	189000	0	0	0	0	0	0	0	0	0	0
190000	456	169	504	330	31	485	396	277	569	562	190000	0	0	0	0	0	0	0	0	0	0
191000	440	145	495	367	12	496	409	317	601	578	191000	0	0	0	0	0	0	0	0	0	0
192000	430	133	472	359	29	459	407	303	574	522	192000	0	0	0	0	0	0	0	0	0	0
193000	382	153	392	463	31	538	376	313	659	517	193000	0	0	0	0	0	0	0	0	0	0
194000	480	190	491	406	33	508	426	385	639	637	194000	0	0	0	0	0	0	0	0	0	0
195000	487	142	361	369	16	465	340	309	666	620	195000	0	0	0	0	0	0	0	0	0	0
196000	547	186	483	397	5	429	394	343	631	638	196000	0	0	0	0	0	0	0	0	0	0
197000	523	146	485	306	21	427	315	268	602	648	197000	0	0	0	0	0	0	0	0	0	0
198000	427	170	495	354	32	509	325	287	565	558	198000	0	0	0	0	0	0	0	0	0	0
199000	345	123	469	302	49	478	369	264	604	662	199000	0	0	0	0	0	0	0	0	0	0
200000	490	128	465	408	23	577	388	281	559	607	200000	0	0	0	0	0	0	0	0	0	0
201000	466	189	561	363	51	507	319	237	536	524	201000	0	0	0	0	0	0	0	0	0	0
202000	479	175	489	363	48	485	337	281	547	485	202000	0	0	0	0	0	0	0	0	0	0
203000	398	199	433	369	47	473	422	279	546	577	203000	0	0	0	0	0	0	0	0	0	0
204000	447	170	443	262	36	560	403	331	592	629	204000	0	0	0	0	0	0	0	0	0	0
205000	360	250	463	244	52	519	327	246	531	679	205000	0	0	0	0	0	0	0	0	0	0
206000	492	167	430	246	23	531	353	309	606	558	206000	0	0	0	0	0	0	0	0	0	0
207000	471	135	491	293	79	498	339	351	557	532	207000	0	0	0	0	0	0	0	0	0	0
208000	483	142	492	287	46	428	334	298	613	622	208000	0	0	0	0	0	0	0	0	0	0
209000	533	132	439	368	43	477	360	332	563	557	209000	0	0	0	0	0	0	0	0	0	0
210000	495	165	437	499	58	508	309	277	589	589	210000	0	0	0	0	0	0	0	0	0	0
211000	457	154	378	369	51	421	358	301	589	583	211000	0	0	0	0	0	0	0	0	0	0
212000	493	149	456	439	24	486	376	281	499	574	212000	0	0	0	0	0	0	0	0	0	0
213000	357	170	459	426	73	459	349	375	575	667	213000	0	0	0	0	0	0	0	0	0	0
214000	358	213	479	337	57	514	298	277	588	595	214000	0	0	0	0	0	0	0	0	0	0
215000	387	248	534	405	50	554	276	287	564	559	215000	0	0	0	0	0	0	0	0	0	0
216000	454	186	460	484	59	489	364	258	636	522	216000	0	0	0	0	0	0	0	0	0	0
217000	538	201	498	563	18	454	355	256	576	638	217000	0	0	0	0	0	0	0	0	0	0
218000	458	139	478	458	16	475	339	291	600	585	218000	0	0	0	0	0	0	0	0	0	0
219000	461	143	438	485	30	437	369	248	638	560	219000	0	0	0	0	0	0	0	0	0	0
220000	501	163	521	469	44	501	373	264	627	650	220000	0	0	0	0	0	0	0	0	0	0
221000	557	167	508	408	54	540	440	247	556	570	221000	0	0	0	0	0	0	0	0	0	0
222000	509	118	506	361	39	533	397	287	560	634	222000	0	0	0	0	0	0	0	0	0	0
223000	533	171	449	380	46	479	376	343	467	539	223000	0	0	0	0	0	0	0	0	0	0
224000	525	139	468	472	59	515	438	342	552	618	224000	0	0	0	0	0	0	0	0	0	0
225000	549	182	493	370	64	593	417	323	496	633	225000	0	0	0	0	0	0	0	0	0	0
226000	525	182	517	392	68	526	410	425	606	543	226000	0	0	0	0	0	0	0	0	0	0
227000	535	260	481	375	50	525	440	360	567	616	227000	0	0	0	0	0	0	0	0	0	0
228000	580	268	510	438	35	481	369	387	572	616	228000	0	0	0	0	0	0	0	0	0	0
229000	630	248	526	410	100	460	413	344	570	598	229000	0	0	0	0	0	0	0	0	0	0
230000	510	266	601	408	126	525	434	338	618	640	230000	0	0	0	0	0	0	0	0	0	0
231000	589	173	515	366	125	449	459	275	561	603	231000	0	0	0	0	0	0	0	0	0	0
232000	536	179	469	309	38	430	412	303	526	609	232000	0	0	0	0	0	0	0	0	0	0
233000	578	174	461	421	74	447	475	292	560	608	233000	0	0	0	0	0	0	0	0	0	0
234000	555	186	446	443	113	410	433	325	611	652	234000	0	0	0	0	0	0	0	0	0	0
235000	542	225	617	449	112	493	469	394	634	560	235000	0	0	0	0	0	0	0	0	0	0
236000	586	230	502	486	66	507	409	403	596	630	236000	0	0	0	0	0	0	0	0	0	0
237000	585	260	541	443	115	373	491	355	648	704	237000	0	0	0	0	0	0	0	0	0	0
238000	513	267	502	401	78	409	413	363	624	617	238000	0	0	0	0	0	0	0	0	0	0
239000	567	284	535	440	133	411	490	423	602	572	239000	0	0	0	0	0	0	0	0	0	0
240000	615	251	522	374	140	470	406	324	643	664	240000	0	0	0	0	0	0	0	0	0	0
241000	548	257	542	402	94	461	475	313	592	678	241000	0	0	0	0	0	0	0	0	0	0
242000	612	227	481	377	92	462	449	418	550	644	242000	0	0	0	0	0	0	0	0	0	0
243000	656	302	469	429	34	486	458	414	640	650	243000	0	0	0	0	0	0	0	0	0	0
244000	597	244	511	443	35	477	457	433	610	547	244000	0	0	0	0	0	0	0	0	0	0
245000	510	312	464	497	56	483	435	405	685	603	245000	0	0	0	0	0	0	0	0	0	0
246000	552	284	526	487	49	560	440	369	575	507	246000	0	0	0	0	0	0	0	0	0	0
247000	626	267	517	401	89	574	409	376	646	564	247000	0	0	0	0	0	0	0	0	0	0
248000	600	273	497	444	83	580	370	401	585	601	248000	0	0	0	0	0	0	0	0	0	0
249000	528	285	459	488	116	521	354	457	635	621	249000	0	0	0	0	0	0	0	0	0	0
250000	521	372	454	487	131	551	432	457	683	632	250000	0	0	0	0	0	0	0	0	0	0
251000	516	331	470	455	132	556	356	438	621	645	251000	0	0	0	0	0	0	0	0	0	0
252000	652	324	455	461	113	583	385	437	600	561	252000	0	0	0	0	0	0	0	0	0	0
253000	527	271	605	464	143	572	338	453	672	629	253000	0	0	0	0	0	0	0	0	0	0
254000	631	312	616	462	128	536	370	409	616	581	254000	0	0	0	0	0	0	0	0	0	0
255000	546	300	554	464	165	543	389	398	684	512	255000	0	0	0	0	0	0	0	0	0	0
256000	559	280	497	421	114	502	441	419	701	540	256000	0	0	0	0	0	0	0	0	0	0
257000	505	266	479	391	89	544	480	492	811	546	257000	0	0	0	0	0	0	0	0	0	0
258000	580	229	507	438	107	540	463	460	743	581	258000	0	0	0	0	0	0	0	0	0	0
259000	547	282	503	452	102	593	486	432	702	625	259000	0	0	0	0	0	0	0	0	0	0
260000	544	313	443	439	126	516	443	455	765	578	260000	0	0	0	0	0	0	0	0	0	0
261000	538	323	459	462	127	452	448	416	642	597	261000	0	0	0	0	0	0	0	0	0	0
262000	518	319	454	466	143	426	473	489	690	539	262000	0	0	0	0	0	0	0	0	0	0
263000	553	306	475	416	146	495	497	525	684	568	263000	0	0	0	0	0	0	0	0	0	0
264000	560	275	490	458	100	476	361	540	642	570	264000	0	0	0	0	0	0	0	0	0	0
265000	517	327	499	427	206	476	394	481	588	596	265000	0	0	0	0	0	0	0	0	0	0
266000	519	290	614	433	149	497	473	502	531	594	266000	0	0	0	0	0	0	0	0	0	0
267000	585	234	548	461	126	525	473	489	630	548	267000	0	0	0	0	0	0	0	0	0	0
268000	480	229	518	509	123	458	447	501	665	655	268000	0	0	0	0	0	0	0	0	0	0
269000	446	334	527	442	128	499	456	393	698	702	269000	0	0	0	0	0	0	0	0	0	0
270000	411	299	473	554	155	507	452	514	621	616	270000	0	0	0	0	0	0	0	0	0	0
271000	533	264	492	475	134	524	457	538	605	749	271000	0	0	0	0	0	0	0	0	0	0
272000	521	294	544	498	168	421	448	470	678	678	272000	0	0	0	0	0	0	0	0	0	0
273000	541	258	574	505	164	488	470	483	670	712	273000	0	0	0	0	0	0	0	0	0	0
274000	532	285	631	489	169	503	513	433	578	737	274000	0	0	0	0	0	0	0	0	0	0
275000	500	225	534	520	151	528	511	507	629	689	275000	0	0	0	0	0	0	0	0	0	0
276000	473	308	432	503	160	499	483	450	585	710	276000	0	0	0	0	0	0	0	0	0	0
277000	457	341	483	474	168	480	453	445	611	695	277000	0	0	0	0	0	0	0	0	0	0
278000	470	353	604	427	194	426	470	464	670	654	278000	0	0	0	0	0	0	0	0	0	0
279000	461	366	616	468	132	483	520	437	741	652	279000	0	0	0	0	0	0	0	0	0	0
280000	476	328	595	512	130	438	503	443	702	690	280000	0	0	0	0	0	0	0	0	0	0
281000	463	311	614	503	134	452	541	471	714	723	281000	0	0	0	0	0	0	0	0	0	0
282000	440	359	629	458	163	510	470	428	674	702	282000	0	0	0	0	0	0	0	0	0	0
283000	516	276	570	392	152	562	517	438	706	644	283000	0	0	0	0	0	0	0	0	0	0
284000	414	356	665	524	207	538	551	479	745	699	284000	0	0	0	0	0	0	0	0	0	0
285000	469	379	643	487	231	402	560	471	727	672	285000	0	0	0	0	0	0	0	0	0	0
286000	478	333	623	412	211	503	641	472	657	641	286000	0	0	0	0	0	0	0	0	0	0
287000	543	382	623	484	243	500	635	455	628	610	287000	0	0	0	0	0	0	0	0	0	0
288000	528	420	629	507	190	458	559	482	743	644	288000	0	0	0	0	0	0	0	0	0	0
289000	515	400	567	404	195	523	491	429	798	691	289000	0	0	0	0	0	0	0	0	0	0
290000	538	311	545	441	193	492	521	432	688	670	290000	0	0	0	0	0	0	0	0	0	0
291000	588	346	618	530	218	467	579	377	643	693	291000	0	0	0	0	0	0	0	0	0	0
292000	588	426	584	548	232	578	543	394	647	649	292000	0	0	0	0	0	0	0	0	0	0
293000	538	342	581	495	189	520	596	486	702	731	293000	0	0	0	0	0	0	0	0	0	0
294000	591	377	573	501	175	460	547	478	647	622	294000	0	0	0	0	0	0	0	0	0	0
295000	586	458	655	516	177	480	545	521	756	611	295000	0	0	0	0	0	0	0	0	0	0
296000	535	386	584	531	208	537	608	497	648	601	296000	0	0	0	0	0	0	0	0	0	0
297000	644	429	571	487	280	496	556	491	677	672	297000	0	0	0	0	0	0	0	0	0	0
298000	605	416	582	480	240	504	561	506	666	714	298000	0	0	0	0	0	0	0	0	0	0
299000	541	357	556	469	207	450	538	440	640	733	299000	0	0	0	0	0	0	0	0	0	0
300000	629	439	622	434	178	455	622	433	645	678	300000	0	0	0	0	0	0	0	0	0	0
301000	577	432	581	473	179	462	652	476	792	768	301000	0	0	0	0	0	0	0	0	0	0
302000	538	443	588	485	157	450	599	582	713	664	302000	0	0	0	0	0	0	0	0	0	0
303000	523	384	657	474	199	446	619	560	725	725	303000	0	0	0	0	0	0	0	0	0	0
304000	550	343	597	496	188	428	549	528	720	688	304000	0	0	0	0	0	0	0	0	0	0
305000	508	322	590	464	230	435	615	476	738	632	305000	0	0	0	0	0	0	0	0	0	0
306000	573	318	568	519	232	490	601	508	710	650	306000	0	0	0	0	0	0	0	0	0	0
307000	609	363	605	537	234	538	569	497	773	774	307000	0	0	0	0	0	0	0	0	0	0
308000	589	350	715	555	272	482	548	564	641	698	308000	0	0	0	0	0	0	0	0	0	0
309000	634	347	703	585	247	498	688	462	713	648	309000	0	0	0	0	0	0	0	0	0	0
310000	564	310	607	493	259	526	655	452	660	713	310000	0	0	0	0	0	0	0	0	0	0
311000	647	228	633	510	242	542	713	429	649	686	311000	0	0	0	0	0	0	0	0	0	0
312000	475	339	603	574	266	482	766	616	747	669	312000	0	0	0	0	0	0	0	0	0	0
313000	504	341	621	563	250	550	740	492	635	761	313000	0	0	0	0	0	0	0	0	0	0
314000	601	326	646	549	236	476	775	545	653	638	314000	0	0	0	0	0	0	0	0	0	0
315000	569	333	735	527	196	474	693	515	644	673	315000	0	0	0	0	0	0	0	0	0	0
316000	584	266	681	540	182	490	729	428	726	726	316000	0	0	0	0	0	0	0	0	0	0
317000	617	233	632	506	191	543	675	500	724	603	317000	0	0	0	0	0	0	0	0	0	0
318000	564	392	590	485	210	519	705	574	716	661	318000	0	0	0	0	0	0	0	0	0	0
319000	497	333	686	530	285	564	750	577	737	615	319000	0	0	0	0	0	0	0	0	0	0
320000	525	372	643	575	221	492	645	490	701	688	320000	0	0	0	0	0	0	0	0	0	0
321000	497	380	660	647	255	494	697	453	741	668	321000	0	0	0	0	0	0	0	0	0	0
322000	587	361	638	558	250	386	691	491	703	720	322000	0	0	0	0	0	0	0	0	0	0
323000	596	358	686	535	250	427	810	496	703	679	323000	0	0	0	0	0	0	0	0	0	0
324000	560	358	650	544	275	542	766	531	701	761	324000	0	0	0	0	0	0	0	0	0	0
325000	624	340	694	611	224	511	725	531	695	754	325000	0	0	0	0	0	0	0	0	0	0
326000	561	340	660	602	226	512	674	487	768	595	326000	0	0	0	0	0	0	0	0	0	0
327000	589	290	682	613	229	480	608	492	716	577	327000	0	0	0	0	0	0	0	0	0	0
328000	448	322	684	634	232	508	701	524	734	608	328000	0	0	0	0	0	0	0	0	0	0
329000	526	333	700	649	249	533	700	475	693	684	329000	0	0	0	0	0	0	0	0	0	0
330000	527	326	629	656	264	597	696	456	766	745	330000	0	0	0	0	0	0	0	0	0	0
331000	566	354	688	620	278	567	755	473	724	740	331000	0	0	0	0	0	0	0	0	0	0
332000	567	318	639	620	274	575	722	472	710	737	332000	0	0	0	0	0	0	0	0	0	0
333000	588	300	610	643	258	583	766	430	696	737	333000	0	0	0	0	0	0	0	0	0	0
334000	569	289	637	538	259	602	660	470	822	781	334000	0	0	0	0	0	0	0	0	0	0
335000	644	286	584	507	279	524	682	420	748	753	335000	0	0	0	0	0	0	0	0	0	0
336000	607	365	598	488	237	534	699	471	757	725	336000	0	0	0	0	0	0	0	0	0	0
337000	521	385	604	572	225	498	720	482	801	672	337000	0	0	0	0	0	0	0	0	0	0
338000	570	375	645	655	268	529	761	440	710	790	338000	0	0	0	0	0	0	0	0	0	0
339000	546	341	527	606	304	512	716	464	820	816	339000	0	0	0	0	0	0	0	0	0	0
340000	649	365	581	698	276	564	749	531	798	796	340000	0	0	0	0	0	0	0	0	0	0
341000	657	366	671	669	345	543	759	465	754	775	341000	0	0	0	0	0	0	0	0	0	0
342000	580	391	613	669	298	517	736	497	830	784	342000	0	0	0	0	0	0	0	0	0	0
343000	610	322	575	691	243	580	642	496	771	768	343000	0	0	0	0	0	0	0	0	0	0
344000	530	336	613	573	264	528	724	488	737	798	344000	0	0	0	0	0	0	0	0	0	0
345000	572	299	635	671	362	569	719	476	762	771	345000	0	0	0	0	0	0	0	0	0	0
346000	638	276	612	618	368	537	685	533	730	870	346000	0	0	0	0	0	0	0	0	0	0
347000	651	304	670	555	267	499	732	523	702	778	347000	0	0	0	0	0	0	0	0	0	0
348000	674	248	659	625	269	534	734	492	740	807	348000	0	0	0	0	0	0	0	0	0	0
349000	672	311	568	577	400	612	624	388	672	666	349000	0	0	0	0	0	0	0	0	0	0
350000	701	312	650	635	375	631	622	467	714	750	350000	0	0	0	0	0	0	0	0	0	0
351000	633	363	644	582	329	571	566	450	683	788	351000	0	0	0	0	0	0	0	0	0	0
352000	672	407	613	548	343	563	724	517	669	841	352000	0	0	0	0	0	0	0	0	0	0
353000	619	380	670	632	343	580	693	515	651	783	353000	0	0	0	0	0	0	0	0	0	0
354000	592	418	669	571	321	596	689	470	673	812	354000	0	0	0	0	0	0	0	0	0	0
355000	623	342	668	554	325	628	756	412	768	791	355000	0	0	0	0	0	0	0	0	0	0
356000	629	448	645	589	319	635	608	534	596	777	356000	0	0	0	0	0	0	0	0	0	0
357000	613	442	573	570	309	577	760	603	622	752	357000	0	0	0	0	0	0	0	0	0	0
358000	671	420	577	679	298	575	712	527	742	743	358000	0	0	0	0	0	0	0	0	0	0
359000	708	405	578	627	326	561	746	510	754	770	359000	0	0	0	0	0	0	0	0	0	0
360000	687	456	657	748	339	527	677	541	802	776	360000	0	0	0	0	0	0	0	0	0	0
361000	634	484	757	546	367	579	684	454	746	814	361000	0	0	0	0	0	0	0	0	0	0
362000	620	477	749	621	380	632	704	535	590	780	362000	0	0	0	0	0	0	0	0	0	0
363000	542	463	733	569	338	559	668	476	659	794	363000	0	0	0	0	0	0	0	0	0	0
364000	614	480	714	536	301	590	708	442	657	768	364000	0	0	0	0	0	0	0	0	0	0
365000	630	397	820	467	316	698	599	489	620	754	365000	0	0	0	0	0	0	0	0	0	0
366000	588	316	720	607	307	628	739	398	738	725	366000	0	0	0	0	0	0	0	0	0	0
367000	561	377	729	571	357	556	716	432	665	753	367000	0	0	0	0	0	0	0	0	0	0
368000	588	338	641	597	330	516	724	466	718	749	368000	0	0	0	0	0	0	0	0	0	0
369000	628	358	761	550	352	575	737	540	731	768	369000	0	0	0	0	0	0	0	0	0	0
370000	599	420	785	618	361	601	786	518	672	745	370000	0	0	0	0	0	0	0	0	0	0
371000	580	427	739	627	305	630	779	507	707	801	371000	0	0	0	0	0	0	0	0	0	0
372000	666	469	678	543	266	617	760	487	661	779	372000	0	0	0	0	0	0	0	0	0	0
373000	555	477	731	595	300	654	656	495	706	828	373000	0	0	0	0	0	0	0	0	0	0
374000	574	476	706	575	260	629	721	549	647	739	374000	0	0	0	0	0	0	0	0	0	0
375000	673	410	789	610	254	650	706	501	711	789	375000	0	0	0	0	0	0	0	0	0	0
376000	586	412	807	504	329	676	780	460	788	842	376000	0	0	0	0	0	0	0	0	0	0
377000	663	445	769	608	301	569	842	524	697	738	377000	0	0	0	0	0	0	0	0	0	0
378000	670	438	737	600	254	633	775	479	787	778	378000	0	0	0	0	0	0	0	0	0	0
379000	664	446	798	540	289	575	704	533	740	751	379000	0	0	0	0	0	0	0	0	0	0
380000	719	471	746	617	347	604	696	580	699	709	380000	0	0	0	0	0	0	0	0	0	0
381000	622	530	716	631	418	685	824	528	660	794	381000	0	0	0	0	0	0	0	0	0	0
382000	712	477	806	624	374	640	801	492	673	769	382000	0	0	0	0	0	0	0	0	0	0
383000	635	416	833	709	327	628	752	442	731	765	383000	0	0	0	0	0	0	0	0	0	0
384000	630	422	707	641	384	650	775	489	698	870	384000	0	0	0	0	0	0	0	0	0	0
385000	575	502	814	489	398	633	776	498	753	769	385000	0	0	0	0	0	0	0	0	0	0
386000	647	411	721	635	368	612	762	477	714	760	386000	0	0	0	0	0	0	0	0	0	0
387000	681	446	753	680	350	543	866	537	724	767	387000	0	0	0	0	0	0	0	0	0	0
388000	642	467	709	659	349	588	776	538	638	783	388000	0	0	0	0	0	0	0	0	0	0
389000	608	399	758	642	321	609	775	471	592	761	389000	0	0	0	0	0	0	0	0	0	0
390000	563	495	764	680	337	718	791	417	696	828	390000	0	0	0	0	0	0	0	0	0	0
391000	663	472	789	717	372	734	712	472	599	766	391000	0	0	0	0	0	0	0	0	0	0
392000	633	460	739	735	354	707	689	521	679	755	392000	0	0	0	0	0	0	0	0	0	0
393000	580	479	891	654	368	800	663	433	676	775	393000	0	0	0	0	0	0	0	0	0	0
394000	655	394	716	566	419	710	714	408	690	735	394000	0	0	0	0	0	0	0	0	0	0
395000	652	420	772	676	460	685	699	479	666	689	395000	0	0	0	0	0	0	0	0	0	0
396000	700	474	732	753	413	659	660	475	640	793	396000	0	0	0	0	0	0	0	0	0	0
397000	663	478	739	732	384	714	768	467	670	804	397000	0	0	0	0	0	0	0	0	0	0
398000	597	495	676	677	370	695	767	459	729	708	398000	0	0	0	0	0	0	0	0	0	0
399000	691	431	621	681	405	709	883	482	648	765	399000	0	0	0	0	0	0	0	0	0	0
400000	663	517	686	698	424	753	793	436	705	748	400000	0	0	0	0	0	0	0	0	0	0
401000	774	487	745	686	417	798	788	492	678	733	401000	0	0	0	0	0	0	0	0	0	0
402000	602	546	619	632	422	699	751	507	524	812	402000	0	0	0	0	0	0	0	0	0	0
403000	515	512	680	614	391	614	671	480	648	817	403000	0	0	0	0	0	0	0	0	0	0
404000	612	550	688	600	372	659	725	534	666	765	404000	0	0	0	0	0	0	0	0	0	0
405000	642	477	739	651	354	675	840	504	652	804	405000	0	0	0	0	0	0	0	0	0	0
406000	606	541	679	607	331	705	746	501	561	815	406000	0	0	0	0	0	0	0	0	0	0
407000	623	513	704	592	358	718	859	458	696	819	407000	0	0	0	0	0	0	0	0	0	0
408000	582	515	750	648	320	757	821	538	766	862	408000	0	0	0	0	0	0	0	0	0	0
409000	693	479	626	716	416	715	877	468	728	793	409000	0	0	0	0	0	0	0	0	0	0
410000	653	552	651	610	428	655	793	461	733	731	410000	0	0	0	0	0	0	0	0	0	0
411000	659	504	720	542	387	612	850	440	687	743	411000	0	0	0	0	0	0	0	0	0	0
412000	701	629	771	746	363	678	798	478	669	805	412000	0	0	0	0	0	0	0	0	0	0
413000	675	475	767	690	344	671	714	547	776	758	413000	0	0	0	0	0	0	0	0	0	0
414000	649	539	750	643	356	784	848	580	662	861	414000	0	0	0	0	0	0	0	0	0	0
415000	608	512	709	641	325	682	786	570	673	772	415000	0	0	0	0	0	0	0	0	0	0
416000	731	523	721	535	403	764	660	632	701	904	416000	0	0	0	0	0	0	0	0	0	0
417000	606	547	749	644	367	812	775	605	755	767	417000	0	0	0	0	0	0	0	0	0	0
418000	719	494	797	640	370	776	790	585	672	797	418000	0	0	0	0	0	0	0	0	0	0
419000	692	606	758	570	385	760	826	589	616	854	419000	0	0	0	0	0	0	0	0	0	0
420000	713	513	650	629	375	703	814	553	679	710	420000	0	0	0	0	0	0	0	0	0	0
421000	661	506	678	725	387	756	686	544	820	786	421000	0	0	0	0	0	0	0	0	0	0
422000	660	500	721	702	373	719	682	515	793	719	422000	0	0	0	0	0	0	0	0	0	0
423000	613	511	716	703	329	604	804	486	720	736	423000	0	0	0	0	0	0	0	0	0	0
424000	564	547	718	584	436	609	749	525	775	766	424000	0	0	0	0	0	0	0	0	0	0
425000	628	510	767	586	354	673	843	457	719	774	425000	0	0	0	0	0	0	0	0	0	0
426000	609	495	800	692	291	781	863	491	685	778	426000	0	0	0	0	0	0	0	0	0	0
427000	671	503	776	714	330	742	855	461	719	677	427000	0	0	0	0	0	0	0	0	0	0
428000	634	545	890	649	257	669	781	531	729	797	428000	0	0	0	0	0	0	0	0	0	0
429000	581	573	782	692	329	678	750	509	642	777	429000	0	0	0	0	0	0	0	0	0	0
430000	563	530	767	642	305	682	812	566	613	690	430000	0	0	0	0	0	0	0	0	0	0
431000	592	525	765	639	306	692	791	613	698	798	431000	0	0	0	0	0	0	0	0	0	0
432000	513	533	739	615	304	662	845	613	770	805	432000	0	0	0	0	0	0	0	0	0	0
433000	549	633	727	654	364	771	785	569	724	808	433000	0	0	0	0	0	0	0	0	0	0
434000	586	546	795	683	376	804	891	538	669	802	434000	0	0	0	0	0	0	0	0	0	0
435000	554	500	820	732	342	742	747	679	643	748	435000	0	0	0	0	0	0	0	0	0	0
436000	789	581	735	725	288	712	892	588	714	900	436000	0	0	0	0	0	0	0	0	0	0
437000	654	555	669	693	366	735	826	649	749	805	437000	0	0	0	0	0	0	0	0	0	0
438000	753	524	714	733	333	792	808	543	664	783	438000	0	0	0	0	0	0	0	0	0	0
439000	678	524	695	481	307	735	819	577	813	783	439000	0	0	0	0	0	0	0	0	0	0
440000	659	550	825	651	351	693	780	576	785	825	440000	0	0	0	0	0	0	0	0	0	0
441000	648	542	714	664	346	808	778	539	727	735	441000	0	0	0	0	0	0	0	0	0	0
442000	592	465	751	650	359	808	801	508	700	801	442000	0	0	0	0	0	0	0	0	0	0
443000	759	628	781	542	377	861	873	624	700	862	443000	0	0	0	0	0	0	0	0	0	0
444000	747	578	746	627	331	846	830	567	734	755	444000	0	0	0	0	0	0	0	0	0	0
445000	789	536	725	606	359	849	843	606	761	841	445000	0	0	0	0	0	0	0	0	0	0
446000	799	542	792	658	367	800	866	496	638	919	446000	0	0	0	0	0	0	0	0	0	0
447000	732	591	812	641	350	749	846	584	670	852	447000	0	0	0	0	0	0	0	0	0	0
448000	717	597	734	654	324	621	851	590	588	869	448000	0	0	0	0	0	0	0	0	0	0
449000	655	534	807	592	293	657	771	606	645	922	449000	0	0	0	0	0	0	0	0	0	0
450000	786	591	804	687	370	717	873	602	612	967	450000	0	0	0	0	0	0	0	0	0	0
451000	727	579	773	726	375	717	846	718	669	935	451000	0	0	0	0	0	0	0	0	0	0
452000	650	605	727	644	379	672	798	584	661	788	452000	0	0	0	0	0	0	0	0	0	0
453000	568	663	822	777	344	697	811	696	706	825	453000	0	0	0	0	0	0	0	0	0	0
454000	721	632	878	735	363	770	748	609	696	801	454000	0	0	0	0	0	0	0	0	0	0
455000	600	599	892	710	352	763	792	594	785	846	455000	0	0	0	0	0	0	0	0	0	0
456000	629	626	846	661	345	775	754	604	756	822	456000	0	0	0	0	0	0	0	0	0	0
457000	678	656	809	727	355	822	728	606	797	815	457000	0	0	0	0	0	0	0	0	0	0
458000	736	564	787	828	426	745	744	622	674	854	458000	0	0	0	0	0	0	0	0	0	0
459000	678	613	807	706	461	678	742	685	735	835	459000	0	0	0	0	0	0	0	0	0	0
460000	693	560	734	716	452	581	798	696	679	743	460000	0	0	0	0	0	0	0	0	0	0
461000	666	708	810	708	429	671	783	621	818	748	461000	0	0	0	0	0	0	0	0	0	0
462000	687	667	842	712	435	715	791	697	818	754	462000	0	0	0	0	0	0	0	0	0	0
463000	686	652	769	744	412	645	762	662	821	771	463000	0	0	0	0	0	0	0	0	0	0
464000	797	530	709	653	479	524	726	659	832	764	464000	0	0	0	0	0	0	0	0	0	0
465000	789	562	728	686	358	715	702	755	820	836	465000	0	0	0	0	0	0	0	0	0	0
466000	801	545	771	657	362	676	726	698	791	876	466000	0	0	0	0	0	0	0	0	0	0
467000	668	588	709	715	445	799	732	653	887	870	467000	0	0	0	0	0	0	0	0	0	0
468000	705	608	765	789	385	738	876	666	791	838	468000	0	0	0	0	0	0	0	0	0	0
469000	639	552	763	699	371	750	768	724	753	890	469000	0	0	0	0	0	0	0	0	0	0
470000	581	613	744	645	453	721	792	685	677	769	470000	0	0	0	0	0	0	0	0	0	0
471000	614	554	746	716	419	728	775	624	730	851	471000	0	0	0	0	0	0	0	0	0	0
472000	646	564	762	722	441	750	831	657	776	848	472000	0	0	0	0	0	0	0	0	0	0
473000	650	685	778	749	417	652	719	687	815	783	473000	0	0	0	0	0	0	0	0	0	0
474000	672	599	805	734	498	730	760	729	706	812	474000	0	0	0	0	0	0	0	0	0	0
475000	629	599	688	703	424	624	819	659	816	809	475000	0	0	0	0	0	0	0	0	0	0
476000	688	551	788	687	431	653	836	650	748	772	476000	0	0	0	0	0	0	0	0	0	0
477000	736	648	730	705	420	743	771	660	718	743	477000	0	0	0	0	0	0	0	0	0	0
478000	725	670	772	770	404	793	794	660	802	826	478000	0	0	0	0	0	0	0	0	0	0
479000	597	648	697	824	452	772	793	629	708	848	479000	0	0	0	0	0	0	0	0	0	0
480000	652	716	781	773	480	713	756	655	791	751	480000	0	0	0	0	0	0	0	0	0	0
481000	576	645	781	794	446	779	848	699	693	779	481000	0	0	0	0	0	0	0	0	0	0
482000	596	604	775	770	456	671	789	719	614	841	482000	0	0	0	0	0	0	0	0	0	0
483000	593	672	731	772	450	691	746	712	601	788	483000	0	0	0	0	0	0	0	0	0	0
484000	586	651	806	747	404	632	785	709	704	778	484000	0	0	0	0	0	0	0	0	0	0
485000	634	633	794	769	436	679	903	718	682	846	485000	0	0	0	0	0	0	0	0	0	0
486000	635	524	852	815	501	750	796	701	779	833	486000	0	0	0	0	0	0	0	0	0	0
487000	739	717	794	731	495	761	798	685	736	870	487000	0	0	0	0	0	0	0	0	0	0
488000	751	660	706	703	445	729	749	635	677	831	488000	0	0	0	0	0	0	0	0	0	0
489000	779	661	761	774	491	621	832	690	712	868	489000	0	0	0	0	0	0	0	0	0	0
490000	597	690	836	677	435	604	809	619	773	845	490000	0	0	0	0	0	0	0	0	0	0
491000	657	742	734	711	502	729	842	729	733	737	491000	0	0	0	0	0	0	0	0	0	0
492000	624	666	796	741	409	715	842	664	708	739	492000	0	0	0	0	0	0	0	0	0	0
493000	637	615	795	751	371	731	824	725	745	741	493000	0	0	0	0	0	0	0	0	0	0
494000	512	661	815	749	391	740	812	733	869	748	494000	0	0	0	0	0	0	0	0	0	0
495000	666	618	766	801	462	697	890	655	693	785	495000	0	0	0	0	0	0	0	0	0	0
496000	703	546	693	762	379	705	834	582	671	896	496000	0	0	0	0	0	0	0	0	0	0
497000	676	483	717	787	432	639	805	645	647	875	497000	0	0	0	0	0	0	0	0	0	0
498000	565	564	814	602	424	805	769	641	764	868	498000	0	0	0	0	0	0	0	0	0	0
499000	626	623	809	750	431	734	830	623	713	882	499000	0	0	0	0	0	0	0	0	0	0
500000	597	520	770	655	396	787	870	712	721	906	500000	0	0	0	0	0	0	0	0	0	0
501000	560	640	723	638	465	744	847	686	644	821	501000	0	0	0	0	0	0	0	0	0	0
502000	584	686	749	642	526	757	855	651	774	850	502000	0	0	0	0	0	0	0	0	0	0
503000	736	654	732	681	491	723	887	720	779	801	503000	0	0	0	0	0	0	0	0	0	0
504000	684	662	831	642	463	846	828	746	782	695	504000	0	0	0	0	0	0	0	0	0	0
505000	752	706	802	579	404	738	918	673	724	762	505000	0	0	0	0	0	0	0	0	0	0
506000	610	644	726	584	402	833	863	747	757	816	506000	0	0	0	0	0	0	0	0	0	0
507000	672	588	734	691	327	814	917	609	778	885	507000	0	0	0	0	0	0	0	0	0	0
508000	702	568	795	760	396	864	855	550	767	865	508000	0	0	0	0	0	0	0	0	0	0
509000	720	573	808	721	412	783	855	587	725	767	509000	0	0	0	0	0	0	0	0	0	0
510000	720	670	724	746	489	812	786	672	708	821	510000	0	0	0	0	0	0	0	0	0	0
511000	668	600	857	792	412	821	802	685	807	815	511000	0	0	0	0	0	0	0	0	0	0
512000	646	653	828	785	405	789	847	629	860	771	512000	0	0	0	0	0	0	0	0	0	0
513000	684	610	830	738	380	763	840	704	829	743	513000	0	0	0	0	0	0	0	0	0	0
514000	776	641	762	736	380	760	789	688	727	824	514000	0	0	0	0	0	0	0	0	0	0
515000	705	650	795	736	372	786	768	684	811	870	515000	0	0	0	0	0	0	0	0	0	0
516000	836	686	765	851	416	833	809	731	791	830	516000	0	0	0	0	0	0	0	0	0	0
517000	693	649	710	824	415	810	783	685	891	756	517000	0	0	0	0	0	0	0	0	0	0
518000	659	665	722	758	412	803	782	614	842	924	518000	0	0	0	0	0	0	0	0	0	0
519000	635	608	827	797	453	869	826	647	793	818	519000	0	0	0	0	0	0	0	0	0	0
520000	632	705	703	797	437	848	878	602	828	832	520000	0	0	0	0	0	0	0	0	0	0
521000	585	665	764	827	401	775	895	614	773	897	521000	0	0	0	0	0	0	0	0	0	0
522000	655	664	739	797	442	797	898	679	806	843	522000	0	0	0	0	0	0	0	0	0	0
523000	559	694	683	799	343	737	861	679	782	839	523000	0	0	0	0	0	0	0	0	0	0
524000	660	708	698	719	337	766	715	636	747	815	524000	0	0	0	0	0	0	0	0	0	0
525000	652	664	704	708	389	832	802	677	835	862	525000	0	0	0	0	0	0	0	0	0	0
526000	642	738	733	665	349	791	829	668	718	793	526000	0	0	0	0	0	0	0	0	0	0
527000	626	708	835	766	432	836	774	650	782	837	527000	0	0	0	0	0	0	0	0	0	0
528000	663	671	748	704	385	733	880	538	714	862	528000	0	0	0	0	0	0	0	0	0	0
529000	620	572	794	719	501	770	844	646	815	833	529000	0	0	0	0	0	0	0	0	0	0
530000	632	573	794	705	516	782	788	680	864	832	530000	0	0	0	0	0	0	0	0	0	0
531000	676	672	695	673	508	790	883	649	907	893	531000	0	0	0	0	0	0	0	0	0	0
532000	755	662	767	702	546	783	838	607	931	912	532000	0	0	0	0	0	0	0	0	0	0
533000	662	623	726	682	533	843	847	715	831	792	533000	0	0	0	0	0	0	0	0	0	0
534000	653	668	835	769	472	766	858	746	798	760	534000	0	0	0	0	0	0	0	0	0	0
535000	697	689	662	724	432	891	839	713	908	905	535000	0	0	0	0	0	0	0	0	0	0
536000	744	608	823	670	448	835	773	714	918	931	536000	0	0	0	0	0	0	0	0	0	0
537000	665	665	690	602	400	860	795	614	851	906	537000	0	0	0	0	0	0	0	0	0	0
538000	656	603	777	596	415	932	930	693	771	861	538000	0	0	0	0	0	0	0	0	0	0
539000	742	595	722	644	448	780	850	666	772	750	539000	0	0	0	0	0	0	0	0	0	0
540000	683	589	729	677	472	846	870	599	871	766	540000	0	0	0	0	0	0	0	0	0	0
541000	611	593	742	627	410	819	876	707	778	818	541000	0	0	0	0	0	0	0	0	0	0
542000	567	606	832	636	444	807	855	717	783	714	542000	0	0	0	0	0	0	0	0	0	0
543000	528	608	756	690	467	776	803	785	778	704	543000	0	0	0	0	0	0	0	0	0	0
544000	686	643	771	712	464	813	842	670	830	889	544000	0	0	0	0	0	0	0	0	0	0
545000	659	651	758	574	404	762	858	679	763	819	545000	0	0	0	0	0	0	0	0	0	0
546000	631	598	816	620	406	831	823	673	868	885	546000	0	0	0	0	0	0	0	0	0	0
547000	570	683	820	700	404	846	809	730	828	907	547000	0	0	0	0	0	0	0	0	0	0
548000	611	570	835	671	468	955	827	636	856	810	548000	0	0	0	0	0	0	0	0	0	0
549000	672	601	728	694	364	813	871	583	831	805	549000	0	0	0	0	0	0	0	0	0	0
550000	735	554	765	658	419	817	851	569	848	865	550000	0	0	0	0	0	0	0	0	0	0
551000	703	600	764	678	359	802	853	635	784	837	551000	0	0	0	0	0	0	0	0	0	0
552000	711	616	820	630	400	911	926	636	822	908	552000	0	0	0	0	0	0	0	0	0	0
553000	730	563	784	566	388	764	841	768	845	798	553000	0	0	0	0	0	0	0	0	0	0
554000	734	604	727	621	422	724	872	700	869	864	554000	0	0	0	0	0	0	0	0	0	0
555000	658	510	740	710	378	797	836	708	869	803	555000	0	0	0	0	0	0	0	0	0	0
556000	690	656	703	674	409	845	782	640	726	865	556000	0	0	0	0	0	0	0	0	0	0
557000	704	611	720	631	394	793	825	670	876	889	557000	0	0	0	0	0	0	0	0	0	0
558000	715	578	663	637	382	824	877	693	819	841	558000	0	0	0	0	0	0	0	0	0	0
559000	595	657	832	574	430	884	817	666	842	798	559000	0	0	0	0	0	0	0	0	0	0
560000	644	666	710	566	434	862	882	638	865	840	560000	0	0	0	0	0	0	0	0	0	0
561000	669	611	660	570	409	882	718	723	790	748	561000	0	0	0	0	0	0	0	0	0	0
562000	660	603	747	543	387	875	876	710	819	851	562000	0	0	0	0	0	0	0	0	0	0
563000	689	650	693	562	333	847	812	731	856	759	563000	0	0	0	0	0	0	0	0	0	0
564000	740	706	700	633	425	862	690	657	830	791	564000	0	0	0	0	0	0	0	0	0	0
565000	741	674	754	549	466	867	796	648	852	758	565000	0	0	0	0	0	0	0	0	0	0
566000	721	681	767	564	386	822	794	646	864	774	566000	0	0	0	0	0	0	0	0	0	0
567000	801	623	767	587	443	875	817	653	848	825	567000	0	0	0	0	0	0	0	0	0	0
568000	816	616	779	649	428	923	718	580	842	832	568000	0	0	0	0	0	0	0	0	0	0
569000	745	537	715	617	427	874	797	618	749	824	569000	0	0	0	0	0	0	0	0	0	0
570000	636	632	783	616	387	865	691	736	885	796	570000	0	0	0	0	0	0	0	0	0	0
571000	665	500	705	571	415	905	745	663	810	806	571000	0	0	0	0	0	0	0	0	0	0
572000	622	618	723	679	418	853	785	660	891	818	572000	0	0	0	0	0	0	0	0	0	0
573000	679	699	784	691	394	877	753	631	762	792	573000	0	0	0	0	0	0	0	0	0	0
574000	573	679	717	676	453	919	761	596	852	788	574000	0	0	0	0	0	0	0	0	0	0
575000	619	628	729	703	526	1017	820	684	782	790	575000	0	0	0	0	0	0	0	0	0	0
576000	605	715	710	707	463	873	817	505	882	932	576000	0	0	0	0	0	0	0	0	0	0
577000	584	611	834	752	484	902	796	706	855	921	577000	0	0	0	0	0	0	0	0	0	0
578000	645	746	775	688	503	781	766	620	774	848	578000	0	0	0	0	0	0	0	0	0	0
579000	661	657	829	775	462	886	865	620	720	887	579000	0	0	0	0	0	0	0	0	0	0
580000	575	587	689	783	523	834	848	517	769	915	580000	0	0	0	0	0	0	0	0	0	0
581000	595	706	799	784	406	860	875	652	801	860	581000	0	0	0	0	0	0	0	0	0	0
582000	598	682	855	653	450	1019	837	452	881	873	582000	0	0	0	0	0	0	0	0	0	0
583000	720	618	822	605	463	895	871	643	898	829	583000	0	0	0	0	0	0	0	0	0	0
584000	718	596	731	655	333	956	830	611	804	796	584000	0	0	0	0	0	0	0	0	0	0
585000	562	694	846	538	453	965	787	698	844	851	585000	0	0	0	0	0	0	0	0	0	0
586000	608	640	797	723	465	860	807	705	822	836	586000	0	0	0	0	0	0	0	0	0	0
587000	638	638	864	717	481	855	823	815	936	801	587000	0	0	0	0	0	0	0	0	0	0
588000	609	617	720	706	449	942	827	751	959	903	588000	0	0	0	0	0	0	0	0	0	0
589000	518	552	821	726	455	885	830	821	785	863	589000	0	0	0	0	0	0	0	0	0	0
590000	562	505	717	662	398	880	889	766	851	862	590000	0	0	0	0	0	0	0	0	0	0
591000	515	583	756	698	409	910	766	803	824	868	591000	0	0	0	0	0	0	0	0	0	0
592000	565	636	797	736	439	896	883	790	848	800	592000	0	0	0	0	0	0	0	0	0	0
593000	683	633	744	684	448	938	810	851	794	733	593000	0	0	0	0	0	0	0	0	0	0
594000	726	646	783	720	445	941	817	744	752	799	594000	0	0	0	0	0	0	0	0	0	0
595000	777	732	765	725	454	952	823	743	913	838	595000	0	0	0	0	0	0	0	0	0	0
596000	729	653	758	707	482	852	825	765	839	763	596000	0	0	0	0	0	0	0	0	0	0
597000	670	648	689	752	496	879	841	685	820	844	597000	0	0	0	0	0	0	0	0	0	0
598000	677	632	757	795	522	923	857	677	784	772	598000	0	0	0	0	0	0	0	0	0	0
599000	621	626	893	722	451	906	729	795	844	766	599000	0	0	0	0	0	0	0	0	0	0
600000	619	647	759	695	456	826	837	726	827	820	600000	0	0	0	0	0	0	0	0	0	0
601000	578	700	797	693	353	826	780	727	944	856	601000	0	0	0	0	0	0	0	0	0	0
602000	600	700	752	727	444	791	889	653	852	773	602000	0	0	0	0	0	0	0	0	0	0
603000	555	717	770	708	435	786	818	645	828	824	603000	0	0	0	0	0	0	0	0	0	0
604000	578	694	776	668	389	894	857	728	871	904	604000	0	0	0	0	0	0	0	0	0	0
605000	671	684	691	779	456	945	890	668	857	865	605000	0	0	0	0	0	0	0	0	0	0
606000	709	641	746	737	462	895	807	745	798	865	606000	0	0	0	0	0	0	0	0	0	0
607000	659	571	701	752	495	865	766	698	785	968	607000	0	0	0	0	0	0	0	0	0	0
608000	669	598	841	686	516	845	834	719	798	855	608000	0	0	0	0	0	0	0	0	0	0
609000	628	627	697	637	530	832	849	726	848	911	609000	0	0	0	0	0	0	0	0	0	0
610000	755	658	740	697	551	902	794	598	851	930	610000	0	0	0	0	0	0	0	0	0	0
611000	697	581	771	656	501	914	873	767	829	907	611000	0	0	0	0	0	0	0	0	0	0
612000	754	689	867	683	495	943	817	789	821	785	612000	0	0	0	0	0	0	0	0	0	0
613000	668	661	804	683	437	858	782	799	717	902	613000	0	0	0	0	0	0	0	0	0	0
614000	671	724	779	661	492	913	846	715	745	776	614000	0	0	0	0	0	0	0	0	0	0
615000	653	653	715	615	518	924	832	775	846	821	615000	0	0	0	0	0	0	0	0	0	0
616000	646	573	686	653	473	746	937	837	776	767	616000	0	0	0	0	0	0	0	0	0	0
617000	690	563	717	616	485	836	883	847	832	746	617000	0	0	0	0	0	0	0	0	0	0
618000	650	619	754	621	602	862	963	701	809	857	618000	0	0	0	0	0	0	0	0	0	0
619000	728	642	736	650	590	890	942	703	875	811	619000	0	0	0	0	0	0	0	0	0	0
620000	687	588	750	644	524	932	853	804	857	854	620000	0	0	0	0	0	0	0	0	0	0
621000	690	667	738	628	489	944	815	822	869	929	621000	0	0	0	0	0	0	0	0	0	0
622000	693	621	722	682	444	905	784	735	867	836	622000	0	0	0	0	0	0	0	0	0	0
623000	665	654	742	712	567	870	896	672	911	777	623000	0	0	0	0	0	0	0	0	0	0
624000	621	711	680	720	494	844	809	805	878	776	624000	0	0	0	0	0	0	0	0	0	0
625000	683	667	759	720	538	867	820	684	899	741	625000	0	0	0	0	0	0	0	0	0	0
626000	678	748	758	758	502	913	820	730	791	818	626000	0	0	0	0	0	0	0	0	0	0
627000	661	650	665	765	467	908	877	791	807	824	627000	0	0	0	0	0	0	0	0	0	0
628000	655	705	719	687	474	792	864	746	817	977	628000	0	0	0	0	0	0	0	0	0	0
629000	658	677	798	724	524	881	872	764	938	831	629000	0	0	0	0	0	0	0	0	0	0
630000	763	704	728	651	474	837	855	748	843	783	630000	0	0	0	0	0	0	0	0	0	0
631000	661	641	740	643	489	812	893	704	783	824	631000	0	0	0	0	0	0	0	0	0	0
632000	738	703	725	687	510	847	863	803	821	767	632000	0	0	0	0	0	0	0	0	0	0
633000	655	629	715	714	484	826	889	728	881	808	633000	0	0	0	0	0	0	0	0	0	0
634000	780	639	707	692	563	918	824	740	892	825	634000	0	0	0	0	0	0	0	0	0	0
635000	654	584	673	698	576	877	877	851	961	807	635000	0	0	0	0	0	0	0	0	0	0
636000	716	652	750	765	488	916	759	772	844	823	636000	0	0	0	0	0	0	0	0	0	0
637000	636	647	736	728	497	872	903	733	756	880	637000	0	0	0	0	0	0	0	0	0	0
638000	657	636	669	680	453	777	770	722	841	846	638000	0	0	0	0	0	0	0	0	0	0
639000	687	638	706	654	483	926	815	774	870	778	639000	0	0	0	0	0	0	0	0	0	0
640000	585	758	723	798	505	907	787	738	848	818	640000	0	0	0	0	0	0	0	0	0	0
641000	677	664	731	724	474	825	867	791	848	897	641000	0	0	0	0	0	0	0	0	0	0
642000	707	565	788	751	490	919	800	714	843	808	642000	0	0	0	0	0	0	0	0	0	0
643000	753	645	770	802	421	928	823	772	907	846	643000	0	0	0	0	0	0	0	0	0	0
644000	690	610	755	801	506	926	799	745	852	826	644000	0	0	0	0	0	0	0	0	0	0
645000	623	608	723	736	461	866	836	729	653	907	645000	0	0	0	0	0	0	0	0	0	0
646000	729	739	708	582	447	891	842	714	804	926	646000	0	0	0	0	0	0	0	0	0	0
647000	707	646	681	627	471	804	859	737	815	943	647000	0	0	0	0	0	0	0	0	0	0
648000	702	575	736	686	521	811	836	784	810	874	648000	0	0	0	0	0	0	0	0	0	0
649000	705	539	713	735	428	812	897	777	819	880	649000	0	0	0	0	0	0	0	0	0	0
650000	761	635	779	675	454	793	836	694	793	869	650000	0	0	0	0	0	0	0	0	0	0
651000	762	639	842	617	429	869	827	797	771	822	651000	0	0	0	0	0	0	0	0	0	0
652000	759	651	718	663	420	900	828	880	799	871	652000	0	0	0	0	0	0	0	0	0	0
653000	599	709	784	643	462	890	845	810	786	931	653000	0	0	0	0	0	0	0	0	0	0
654000	646	662	775	661	437	936	896	808	877	886	654000	0	0	0	0	0	0	0	0	0	0
655000	683	592	719	569	433	846	864	862	807	814	655000	0	0	0	0	0	0	0	0	0	0
656000	728	579	759	619	457	830	854	833	836	861	656000	0	0	0	0	0	0	0	0	0	0
657000	625	616	753	710	472	739	833	698	838	752	657000	0	0	0	0	0	0	0	0	0	0
658000	587	639	703	685	479	824	853	746	812	906	658000	0	0	0	0	0	0	0	0	0	0
659000	618	694	661	749	467	798	842	807	884	949	659000	0	0	0	0	0	0	0	0	0	0
660000	705	645	801	700	485	950	874	877	916	864	660000	0	0	0	0	0	0	0	0	0	0
661000	760	678	761	686	470	812	731	832	758	857	661000	0	0	0	0	0	0	0	0	0	0
662000	735	652	795	738	480	817	844	806	834	900	662000	0	0	0	0	0	0	0	0	0	0
663000	715	656	783	753	472	880	767	710	832	921	663000	0	0	0	0	0	0	0	0	0	0
664000	623	593	810	673	460	940	826	748	813	918	664000	0	0	0	0	0	0	0	0	0	0
665000	807	598	752	719	484	834	706	725	860	879	665000	0	0	0	0	0	0	0	0	0	0
666000	738	628	709	678	466	939	864	723	865	945	666000	0	0	0	0	0	0	0	0	0	0
667000	722	619	732	651	436	899	826	778	808	916	667000	0	0	0	0	0	0	0	0	0	0
668000	714	668	760	670	455	927	879	771	826	896	668000	0	0	0	0	0	0	0	0	0	0
669000	738	647	765	699	431	803	771	762	834	848	669000	0	0	0	0	0	0	0	0	0	0
670000	737	615	695	601	467	755	806	832	810	834	670000	0	0	0	0	0	0	0	0	0	0
671000	734	662	743	616	495	787	844	779	874	934	671000	0	0	0	0	0	0	0	0	0	0
672000	687	638	711	606	412	909	805	698	832	857	672000	0	0	0	0	0	0	0	0	0	0
673000	718	702	714	726	467	746	839	778	800	846	673000	0	0	0	0	0	0	0	0	0	0
674000	789	706	766	645	473	720	831	894	766	893	674000	0	0	0	0	0	0	0	0	0	0
675000	717	694	688	706	435	814	844	846	662	835	675000	0	0	0	0	0	0	0	0	0	0
676000	702	651	639	626	432	824	878	880	737	876	676000	0	0	0	0	0	0	0	0	0	0
677000	614	668	682	674	394	889	923	833	787	862	677000	0	0	0	0	0	0	0	0	0	0
678000	570	581	717	644	401	900	824	876	791	941	678000	0	0	0	0	0	0	0	0	0	0
679000	512	576	700	724	470	863	838	892	808	921	679000	0	0	0	0	0	0	0	0	0	0
680000	627	623	753	768	456	777	811	796	835	813	680000	0	0	0	0	0	0	0	0	0	0
681000	545	656	820	670	473	764	796	884	800	827	681000	0	0	0	0	0	0	0	0	0	0
682000	602	565	703	628	510	810	850	802	792	856	682000	0	0	0	0	0	0	0	0	0	0
683000	670	647	703	577	453	873	812	847	707	902	683000	0	0	0	0	0	0	0	0	0	0
684000	572	581	729	648	400	825	816	768	699	916	684000	0	0	0	0	0	0	0	0	0	0
685000	685	731	749	678	440	793	776	876	836	951	685000	0	0	0	0	0	0	0	0	0	0
686000	764	620	734	670	502	776	768	721	709	837	686000	0	0	0	0	0	0	0	0	0	0
687000	648	619	697	667	450	859	790	832	832	952	687000	0	0	0	0	0	0	0	0	0	0
688000	744	641	764	677	484	803	803	827	765	856	688000	0	0	0	0	0	0	0	0	0	0
689000	798	692	861	613	414	882	830	827	799	910	689000	0	0	0	0	0	0	0	0	0	0
690000	640	689	751	635	503	808	793	811	846	855	690000	0	0	0	0	0	0	0	0	0	0
691000	677	653	738	638	475	886	783	834	870	909	691000	0	0	0	0	0	0	0	0	0	0
692000	651	587	774	692	526	792	823	814	859	862	692000	0	0	0	0	0	0	0	0	0	0
693000	767	659	753	598	441	714	806	769	841	917	693000	0	0	0	0	0	0	0	0	0	0
694000	746	678	703	644	466	762	811	786	861	865	694000	0	0	0	0	0	0	0	0	0	0
695000	706	701	820	644	491	740	825	796	840	851	695000	0	0	0	0	0	0	0	0	0	0
696000	657	681	775	707	473	739	871	812	874	837	696000	0	0	0	0	0	0	0	0	0	0
697000	697	728	685	586	497	772	801	770	951	942	697000	0	0	0	0	0	0	0	0	0	0
698000	734	677	818	678	410	790	842	753	902	898	698000	0	0	0	0	0	0	0	0	0	0
699000	799	651	818	646	417	717	871	741	839	845	699000	0	0	0	0	0	0	0	0	0	0
700000	650	612	715	605	386	691	898	752	856	850	700000	0	0	0	0	0	0	0	0	0	0
701000	674	551	785	680	450	792	841	865	908	851	701000	0	0	0	0	0	0	0	0	0	0
702000	640	687	769	614	400	820	790	863	848	957	702000	0	0	0	0	0	0	0	0	0	0
703000	712	679	759	587	456	799	819	856	814	886	703000	0	0	0	0	0	0	0	0	0	0
704000	550	653	756	612	419	788	830	793	832	827	704000	0	0	0	0	0	0	0	0	0	0
705000	634	677	768	650	481	784	763	733	734	831	705000	0	0	0	0	0	0	0	0	0	0
706000	565	619	728	660	548	813	774	844	812	810	706000	0	0	0	0	0	0	0	0	0	0
707000	608	583	789	678	462	772	903	805	745	959	707000	0	0	0	0	0	0	0	0	0	0
708000	634	721	719	678	437	734	744	932	795	995	708000	0	0	0	0	0	0	0	0	0	0
709000	729	667	752	650	497	818	914	860	891	875	709000	0	0	0	0	0	0	0	0	0	0
710000	727	649	780	628	431	729	815	823	788	909	710000	0	0	0	0	0	0	0	0	0	0
711000	647	618	803	684	490	775	959	824	887	873	711000	0	0	0	0	0	0	0	0	0	0
712000	566	656	862	722	454	745	835	844	817	941	712000	0	0	0	0	0	0	0	0	0	0
713000	664	640	744	662	519	798	836	709	796	905	713000	0	0	0	0	0	0	0	0	0	0
714000	669	576	844	665	544	828	862	855	761	1021	714000	0	0	0	0	0	0	0	0	0	0
715000	760	660	849	612	552	788	892	854	779	972	715000	0	0	0	0	0	0	0	0	0	0
716000	696	686	702	585	571	828	904	830	870	962	716000	0	0	0	0	0	0	0	0	0	0
717000	691	717	718	539	499	712	849	849	794	877	717000	0	0	0	0	0	0	0	0	0	0
718000	705	735	759	587	479	858	797	775	913	886	718000	0	0	0	0	0	0	0	0	0	0
719000	672	746	765	614	469	814	714	644	883	861	719000	0	0	0	0	0	0	0	0	0	0
720000	710	696	779	639	554	844	731	602	806	914	720000	0	0	0	0	0	0	0	0	0	0
721000	760	724	802	614	496	795	835	760	835	806	721000	0	0	0	0	0	0	0	0	0	0
722000	747	639	782	681	562	905	777	784	825	847	722000	0	0	0	0	0	0	0	0	0	0
723000	709	663	735	675	537	807	909	748	917	846	723000	0	0	0	0	0	0	0	0	0	0
724000	745	704	712	601	591	783	877	806	851	858	724000	0	0	0	0	0	0	0	0	0	0
725000	771	671	703	691	690	810	855	749	917	875	725000	0	0	0	0	0	0	0	0	0	0
726000	845	690	642	746	599	820	822	742	851	777	726000	0	0	0	0	0	0	0	0	0	0
727000	817	665	757	730	645	812	797	737	873	811	727000	0	0	0	0	0	0	0	0	0	0
728000	736	533	825	640	601	872	819	713	832	962	728000	0	0	0	0	0	0	0	0	0	0
729000	697	475	782	733	545	694	808	771	803	885	729000	0	0	0	0	0	0	0	0	0	0
730000	780	556	653	717	666	736	798	825	800	975	730000	0	0	0	0	0	0	0	0	0	0
731000	675	529	748	744	617	852	818	797	836	891	731000	0	0	0	0	0	0	0	0	0	0
732000	795	666	804	684	624	880	732	752	882	816	732000	0	0	0	0	0	0	0	0	0	0
733000	722	655	837	718	612	772	771	789	904	831	733000	0	0	0	0	0	0	0	0	0	0
734000	690	686	738	658	652	824	882	835	809	883	734000	0	0	0	0	0	0	0	0	0	0
735000	761	712	755	630	617	714	895	794	793	807	735000	0	0	0	0	0	0	0	0	0	0
736000	838	611	729	659	672	690	883	703	816	897	736000	0	0	0	0	0	0	0	0	0	0
737000	734	694	741	594	671	825	889	759	807	896	737000	0	0	0	0	0	0	0	0	0	0
738000	797	714	844	648	682	727	960	743	749	834	738000	0	0	0	0	0	0	0	0	0	0
739000	771	659	766	706	564	733	865	800	805	878	739000	0	0	0	0	0	0	0	0	0	0
740000	625	715	797	624	683	824	839	772	715	903	740000	0	0	0	0	0	0	0	0	0	0
741000	705	709	701	701	645	785	782	853	719	957	741000	0	0	0	0	0	0	0	0	0	0
742000	656	791	687	728	621	821	836	814	812	814	742000	0	0	0	0	0	0	0	0	0	0
743000	741	603	708	754	665	742	809	813	829	867	743000	0	0	0	0	0	0	0	0	0	0
744000	855	668	754	648	658	884	874	801	842	901	744000	0	0	0	0	0	0	0	0	0	0
745000	818	652	790	734	687	885	755	867	887	862	745000	0	0	0	0	0	0	0	0	0	0
746000	761	656	833	687	641	840	835	764	861	821	746000	0	0	0	0	0	0	0	0	0	0
747000	809	586	782	703	691	862	830	783	813	832	747000	0	0	0	0	0	0	0	0	0	0
748000	834	739	805	717	695	967	833	761	817	833	748000	0	0	0	0	0	0	0	0	0	0
749000	801	621	784	692	618	772	834	782	808	892	749000	0	0	0	0	0	0	0	0	0	0
750000	816	703	781	773	630	761	881	735	920	845	750000	0	0	0	0	0	0	0	0	0	0
751000	749	700	768	757	671	854	780	793	811	909	751000	0	0	0	0	0	0	0	0	0	0
752000	691	742	793	737	509	857	941	812	781	966	752000	0	0	0	0	0	0	0	0	0	0
753000	715	605	739	721	622	830	751	819	793	904	753000	0	0	0	0	0	0	0	0	0	0
754000	667	595	729	665	646	814	891	774	914	892	754000	0	0	0	0	0	0	0	0	0	0
755000	702	701	750	768	705	832	863	866	887	929	755000	0	0	0	0	0	0	0	0	0	0
756000	585	688	759	690	575	797	892	719	795	858	756000	0	0	0	0	0	0	0	0	0	0
757000	764	784	686	752	649	835	864	749	838	916	757000	0	0	0	0	0	0	0	0	0	0
758000	871	724	746	722	636	843	806	707	829	926	758000	0	0	0	0	0	0	0	0	0	0
759000	771	607	692	762	681	837	852	801	777	878	759000	0	0	0	0	0	0	0	0	0	0
760000	788	677	668	727	652	839	965	824	831	870	760000	0	0	0	0	0	0	0	0	0	0
761000	660	687	769	683	590	891	842	875	831	896	761000	0	0	0	0	0	0	0	0	0	0
762000	699	676	794	726	666	773	895	839	873	824	762000	0	0	0	0	0	0	0	0	0	0
763000	723	676	703	830	577	911	838	890	809	902	763000	0	0	0	0	0	0	0	0	0	0
764000	720	724	737	823	537	879	873	794	851	938	764000	0	0	0	0	0	0	0	0	0	0
765000	679	603	731	732	639	833	824	932	886	946	765000	0	0	0	0	0	0	0	0	0	0
766000	614	660	766	805	625	768	851	930	808	848	766000	0	0	0	0	0	0	0	0	0	0
767000	783	729	743	773	469	853	813	942	872	896	767000	0	0	0	0	0	0	0	0	0	0
768000	752	663	702	649	694	834	885	855	899	829	768000	0	0	0	0	0	0	0	0	0	0
769000	753	719	679	760	616	832	864	846	788	954	769000	0	0	0	0	0	0	0	0	0	0
770000	799	664	704	642	610	823	925	825	861	922	770000	0	0	0	0	0	0	0	0	0	0
771000	709	679	675	764	573	835	820	821	915	894	771000	0	0	0	0	0	0	0	0	0	0
772000	654	664	659	896	567	890	876	759	748	889	772000	0	0	0	0	0	0	0	0	0	0
773000	656	665	730	887	644	828	814	857	699	760	773000	0	0	0	0	0	0	0	0	0	0
774000	710	626	740	824	630	900	745	679	740	853	774000	0	0	0	0	0	0	0	0	0	0
775000	776	580	760	842	651	843	843	903	711	955	775000	0	0	0	0	0	0	0	0	0	0
776000	813	555	766	855	614	952	948	757	708	775	776000	0	0	0	0	0	0	0	0	0	0
777000	724	656	857	794	652	879	887	916	770	841	777000	0	0	0	0	0	0	0	0	0	0
778000	797	648	820	747	586	927	951	883	722	785	778000	0	0	0	0	0	0	0	0	0	0
779000	752	645	795	720	601	986	800	820	825	815	779000	0	0	0	0	0	0	0	0	0	0
780000	864	551	751	810	757	912	809	852	846	886	780000	0	0	0	0	0	0	0	0	0	0
781000	832	565	820	735	665	888	782	749	812	914	781000	0	0	0	0	0	0	0	0	0	0
782000	776	632	752	723	657	862	813	828	794	842	782000	0	0	0	0	0	0	0	0	0	0
783000	814	658	777	841	547	900	783	887	798	941	783000	0	0	0	0	0	0	0	0	0	0
784000	832	687	791	832	649	821	855	821	841	816	784000	0	0	0	0	0	0	0	0	0	0
785000	804	583	785	755	587	835	819	872	798	875	785000	0	0	0	0	0	0	0	0	0	0
786000	803	658	778	674	789	883	813	894	771	890	786000	0	0	0	0	0	0	0	0	0	0
787000	763	721	797	686	644	943	815	758	754	874	787000	0	0	0	0	0	0	0	0	0	0
788000	651	653	756	754	624	903	782	817	786	837	788000	0	0	0	0	0	0	0	0	0	0
789000	689	611	784	733	644	854	856	728	864	883	789000	0	0	0	0	0	0	0	0	0	0
790000	745	693	765	713	662	934	925	842	835	868	790000	0	0	0	0	0	0	0	0	0	0
791000	847	591	690	694	644	955	831	896	835	898	791000	0	0	0	0	0	0	0	0	0	0
792000	812	664	780	607	736	895	822	861	862	925	792000	0	0	0	0	0	0	0	0	0	0
793000	797	680	800	613	737	889	810	828	817	887	793000	0	0	0	0	0	0	0	0	0	0
794000	697	642	801	618	737	856	829	835	898	898	794000	0	0	0	0	0	0	0	0	0	0
795000	658	674	840	638	693	857	772	816	969	888	795000	0	0	0	0	0	0	0	0	0	0
796000	683	592	852	479	692	844	747	771	897	903	796000	0	0	0	0	0	0	0	0	0	0
797000	709	679	823	528	732	931	790	877	776	840	797000	0	0	0	0	0	0	0	0	0	0
798000	708	641	780	541	710	896	830	781	870	841	798000	0	0	0	0	0	0	0	0	0	0
799000	739	626	777	630	722	824	798	793	857	910	799000	0	0	0	0	0	0	0	0	0	0
800000	850	653	772	599	626	822	861	869	828	900	800000	0	0	0	0	0	0	0	0	0	0
801000	778	703	824	574	650	846	874	939	916	982	801000	0	0	0	0	0	0	0	0	0	0
802000	794	643	799	617	625	855	842	810	806	797	802000	0	0	0	0	0	0	0	0	0	0
803000	781	681	814	525	673	838	851	814	792	936	803000	0	0	0	0	0	0	0	0	0	0
804000	744	722	702	595	662	829	786	865	871	905	804000	0	0	0	0	0	0	0	0	0	0
805000	839	657	691	534	739	880	854	919	887	920	805000	0	0	0	0	0	0	0	0	0	0
806000	800	679	728	487	723	919	857	831	894	884	806000	0	0	0	0	0	0	0	0	0	0
807000	795	645	740	525	646	888	806	891	958	899	807000	0	0	0	0	0	0	0	0	0	0
808000	729	672	792	546	666	866	794	784	840	899	808000	0	0	0	0	0	0	0	0	0	0
809000	748	713	706	638	587	900	811	917	858	892	809000	0	0	0	0	0	0	0	0	0	0
810000	819	743	882	651	608	841	717	915	823	977	810000	0	0	0	0	0	0	0	0	0	0
811000	781	711	776	659	617	872	793	833	822	895	811000	0	0	0	0	0	0	0	0	0	0
812000	731	700	779	693	622	799	769	886	803	959	812000	0	0	0	0	0	0	0	0	0	0
813000	678	705	779	685	654	894	934	833	895	883	813000	0	0	0	0	0	0	0	0	0	0
814000	711	555	830	711	593	919	830	847	781	865	814000	0	0	0	0	0	0	0	0	0	0
815000	687	704	847	656	613	916	818	879	932	827	815000	0	0	0	0	0	0	0	0	0	0
816000	734	674	983	633	701	867	776	878	841	847	816000	0	0	0	0	0	0	0	0	0	0
817000	699	678	748	683	661	826	905	866	865	859	817000	0	0	0	0	0	0	0	0	0	0
818000	796	668	746	652	698	742	804	819	855	916	818000	0	0	0	0	0	0	0	0	0	0
819000	710	747	752	707	647	845	845	891	806	855	819000	0	0	0	0	0	0	0	0	0	0
820000	712	574	828	733	667	816	771	738	778	873	820000	0	0	0	0	0	0	0	0	0	0
821000	770	618	852	667	671	808	787	901	885	799	821000	0	0	0	0	0	0	0	0	0	0
822000	771	629	930	674	694	838	824	842	903	854	822000	0	0	0	0	0	0	0	0	0	0
823000	822	654	798	609	661	940	876	922	923	884	823000	0	0	0	0	0	0	0	0	0	0
824000	782	644	880	715	750	858	748	833	912	869	824000	0	0	0	0	0	0	0	0	0	0
825000	678	696	850	658	704	861	892	893	931	909	825000	0	0	0	0	0	0	0	0	0	0
826000	647	628	771	588	694	823	781	812	968	924	826000	0	0	0	0	0	0	0	0	0	0
827000	789	610	780	660	678	855	793	849	821	848	827000	0	0	0	0	0	0	0	0	0	0
828000	842	680	770	635	721	793	738	948	767	890	828000	0	0	0	0	0	0	0	0	0	0
829000	926	665	797	624	737	786	806	843	815	908	829000	0	0	0	0	0	0	0	0	0	0
830000	803	548	828	614	707	819	866	869	850	869	830000	0	0	0	0	0	0	0	0	0	0
831000	762	629	801	694	714	799	797	866	873	825	831000	0	0	0	0	0	0	0	0	0	0
832000	707	699	815	624	659	789	852	841	861	938	832000	0	0	0	0	0	0	0	0	0	0
833000	746	554	739	542	717	842	797	859	809	878	833000	0	0	0	0	0	0	0	0	0	0
834000	792	578	749	702	777	850	770	824	791	807	834000	0	0	0	0	0	0	0	0	0	0
835000	781	604	741	664	617	878	827	830	863	841	835000	0	0	0	0	0	0	0	0	0	0
836000	713	566	757	626	598	791	797	867	827	857	836000	0	0	0	0	0	0	0	0	0	0
837000	736	628	832	671	608	780	774	768	914	829	837000	0	0	0	0	0	0	0	0	0	0
838000	824	651	874	683	624	927	872	849	851	779	838000	0	0	0	0	0	0	0	0	0	0
839000	821	523	801	558	706	879	775	918	800	934	839000	0	0	0	0	0	0	0	0	0	0
840000	707	513	784	604	640	885	797	914	792	843	840000	0	0	0	0	0	0	0	0	0	0
841000	757	555	799	582	669	871	819	896	883	840	841000	0	0	0	0	0	0	0	0	0	0
842000	840	565	748	634	606	816	789	876	861	830	842000	0	0	0	0	0	0	0	0	0	0
843000	815	519	855	599	669	913	884	908	893	907	843000	0	0	0	0	0	0	0	0	0	0
844000	819	572	753	603	638	788	752	835	787	920	844000	0	0	0	0	0	0	0	0	0	0
845000	756	679	776	557	693	890	775	767	828	896	845000	0	0	0	0	0	0	0	0	0	0
846000	774	683	788	589	764	857	868	789	835	807	846000	0	0	0	0	0	0	0	0	0	0
847000	723	679	781	606	740	959	792	821	785	868	847000	0	0	0	0	0	0	0	0	0	0
848000	739	669	759	585	724	839	785	797	783	847	848000	0	0	0	0	0	0	0	0	0	0
849000	811	628	709	651	654	892	742	834	865	977	849000	0	0	0	0	0	0	0	0	0	0
850000	812	717	777	682	674	912	778	824	804	840	850000	0	0	0	0	0	0	0	0	0	0
851000	749	639	796	636	609	909	803	800	770	916	851000	0	0	0	0	0	0	0	0	0	0
852000	827	583	808	628	637	927	753	778	863	862	852000	0	0	0	0	0	0	0	0	0	0
853000	799	642	821	658	641	974	770	875	776	905	853000	0	0	0	0	0	0	0	0	0	0
854000	726	662	779	609	689	815	838	813	933	842	854000	0	0	0	0	0	0	0	0	0	0
855000	701	708	835	687	645	922	758	777	895	840	855000	0	0	0	0	0	0	0	0	0	0
856000	700	706	811	597	641	887	830	890	869	718	856000	0	0	0	0	0	0	0	0	0	0
857000	742	637	797	569	637	866	811	844	885	860	857000	0	0	0	0	0	0	0	0	0	0
858000	697	610	808	584	589	920	852	929	893	910	858000	0	0	0	0	0	0	0	0	0	0
859000	754	607	821	608	677	915	887	883	874	887	859000	0	0	0	0	0	0	0	0	0	0
860000	851	710	798	599	729	840	908	904	733	898	860000	0	0	0	0	0	0	0	0	0	0
861000	790	676	804	580	674	849	942	908	772	804	861000	0	0	0	0	0	0	0	0	0	0
862000	776	575	846	567	661	869	881	894	825	871	862000	0	0	0	0	0	0	0	0	0	0
863000	748	578	767	525	646	844	817	875	776	821	863000	0	0	0	0	0	0	0	0	0	0
864000	866	631	823	587	695	877	781	877	788	869	864000	0	0	0	0	0	0	0	0	0	0
865000	831	674	711	632	676	816	806	995	823	954	865000	0	0	0	0	0	0	0	0	0	0
866000	736	576	829	655	577	907	872	799	888	884	866000	0	0	0	0	0	0	0	0	0	0
867000	779	619	773	568	644	732	819	920	838	962	867000	0	0	0	0	0	0	0	0	0	0
868000	753	648	805	558	665	880	838	861	794	896	868000	0	0	0	0	0	0	0	0	0	0
869000	839	603	744	630	772	868	770	786	830	814	869000	0	0	0	0	0	0	0	0	0	0
870000	820	631	731	648	749	757	817	875	836	905	870000	0	0	0	0	0	0	0	0	0	0
871000	821	569	806	631	738	757	806	823	769	939	871000	0	0	0	0	0	0	0	0	0	0
872000	823	625	761	599	708	857	881	803	911	846	872000	0	0	0	0	0	0	0	0	0	0
873000	821	552	772	602	765	851	896	895	877	928	873000	0	0	0	0	0	0	0	0	0	0
874000	771	547	824	570	772	868	910	855	919	883	874000	0	0	0	0	0	0	0	0	0	0
875000	788	637	852	560	780	757	900	927	905	885	875000	0	0	0	0	0	0	0	0	0	0
876000	832	605	746	656	748	810	886	784	838	896	876000	0	0	0	0	0	0	0	0	0	0
877000	843	634	780	637	713	807	872	851	770	825	877000	0	0	0	0	0	0	0	0	0	0
878000	814	563	792	741	707	773	828	950	796	961	878000	0	0	0	0	0	0	0	0	0	0
879000	781	654	821	732	657	847	938	829	823	986	879000	0	0	0	0	0	0	0	0	0	0
880000	826	654	774	709	659	864	865	799	860	909	880000	0	0	0	0	0	0	0	0	0	0
881000	783	685	706	635	655	877	844	724	885	901	881000	0	0	0	0	0	0	0	0	0	0
882000	816	675	678	732	685	782	856	804	830	889	882000	0	0	0	0	0	0	0	0	0	0
883000	835	687	747	692	695	800	923	775	900	849	883000	0	0	0	0	0	0	0	0	0	0
884000	804	603	776	653	711	873	787	893	860	972	884000	0	0	0	0	0	0	0	0	0	0
885000	757	686	827	646	725	890	772	812	885	830	885000	0	0	0	0	0	0	0	0	0	0
886000	838	700	820	632	747	750	869	831	852	862	886000	0	0	0	0	0	0	0	0	0	0
887000	671	676	874	619	736	780	772	835	906	770	887000	0	0	0	0	0	0	0	0	0	0
888000	801	754	839	584	720	783	829	811	754	849	888000	0	0	0	0	0	0	0	0	0	0
889000	781	668	813	611	773	870	936	807	825	843	889000	0	0	0	0	0	0	0	0	0	0
890000	788	690	869	714	825	820	838	863	780	845	890000	0	0	0	0	0	0	0	0	0	0
891000	780	670	831	646	764	874	884	846	755	833	891000	0	0	0	0	0	0	0	0	0	0
892000	827	637	813	681	753	793	860	846	762	853	892000	0	0	0	0	0	0	0	0	0	0
893000	850	638	817	598	806	734	745	890	827	812	893000	0	0	0	0	0	0	0	0	0	0
894000	784	584	783	661	736	832	819	824	843	853	894000	0	0	0	0	0	0	0	0	0	0
895000	664	640	796	674	713	835	771	837	825	753	895000	0	0	0	0	0	0	0	0	0	0
896000	677	657	822	629	752	916	816	860	854	750	896000	0	0	0	0	0	0	0	0	0	0
897000	830	709	941	699	699	716	789	902	921	879	897000	0	0	0	0	0	0	0	0	0	0
898000	784	723	817	628	801	779	837	813	820	801	898000	0	0	0	0	0	0	0	0	0	0
899000	779	624	836	707	754	848	820	786	863	817	899000	0	0	0	0	0	0	0	0	0	0
900000	856	702	802	640	740	910	885	777	880	789	900000	0	0	0	0	0	0	0	0	0	0
901000	854	619	844	614	696	806	810	840	815	799	901000	0	0	0	0	0	0	0	0	0	0
902000	845	622	800	629	751	877	878	831	743	881	902000	0	0	0	0	0	0	0	0	0	0
903000	821	661	789	665	739	852	815	842	739	877	903000	0	0	0	0	0	0	0	0	0	0
904000	864	590	754	548	791	814	860	810	732	797	904000	0	0	0	0	0	0	0	0	0	0
905000	874	599	772	602	800	837	897	825	808	761	905000	0	0	0	0	0	0	0	0	0	0
906000	846	455	788	710	743	830	821	894	800	829	906000	0	0	0	0	0	0	0	0	0	0
907000	833	543	800	687	799	785	816	853	854	876	907000	0	0	0	0	0	0	0	0	0	0
908000	926	636	859	678	796	801	828	825	788	952	908000	0	0	0	0	0	0	0	0	0	0
909000	801	610	853	627	801	802	920	842	844	694	909000	0	0	0	0	0	0	0	0	0	0
910000	759	578	795	663	741	874	920	905	764	857	910000	0	0	0	0	0	0	0	0	0	0
911000	1000	638	851	818	778	834	906	819	886	808	911000	0	0	0	0	0	0	0	0	0	0
912000	877	573	774	790	662	934	867	784	780	824	912000	0	0	0	0	0	0	0	0	0	0
913000	789	435	782	793	688	866	944	911	756	816	913000	0	0	0	0	0	0	0	0	0	0
914000	901	527	846	813	726	861	861	823	753	703	914000	0	0	0	0	0	0	0	0	0	0
915000	840	630	855	738	778	803	725	826	868	732	915000	0	0	0	0	0	0	0	0	0	0
916000	784	658	794	581	772	727	874	864	826	815	916000	0	0	0	0	0	0	0	0	0	0
917000	817	602	843	640	783	806	835	825	767	872	917000	0	0	0	0	0	0	0	0	0	0
918000	966	503	895	652	707	907	847	867	773	909	918000	0	0	0	0	0	0	0	0	0	0
919000	944	494	850	646	734	871	873	849	846	808	919000	0	0	0	0	0	0	0	0	0	0
920000	886	660	861	671	689	866	834	925	823	787	920000	0	0	0	0	0	0	0	0	0	0
921000	878	515	830	714	785	880	735	857	868	837	921000	0	0	0	0	0	0	0	0	0	0
922000	887	642	851	677	752	886	847	788	655	796	922000	0	0	0	0	0	0	0	0	0	0
923000	871	539	844	766	685	919	848	820	764	810	923000	0	0	0	0	0	0	0	0	0	0
924000	893	550	768	779	756	896	857	758	786	856	924000	0	0	0	0	0	0	0	0	0	0
925000	883	549	752	726	833	856	728	814	867	880	925000	0	0	0	0	0	0	0	0	0	0
926000	935	511	746	728	718	858	899	871	775	815	926000	0	0	0	0	0	0	0	0	0	0
927000	941	632	751	723	683	946	805	858	852	822	927000	0	0	0	0	0	0	0	0	0	0
928000	932	552	865	749	669	835	823	874	761	829	928000	0	0	0	0	0	0	0	0	0	0
929000	875	587	724	673	759	853	721	787	807	831	929000	0	0	0	0	0	0	0	0	0	0
930000	862	596	823	727	684	880	735	818	761	839	930000	0	0	0	0	0	0	0	0	0	0
931000	897	598	801	665	719	863	817	811	736	850	931000	0	0	0	0	0	0	0	0	0	0
932000	904	660	734	702	621	803	866	838	838	814	932000	0	0	0	0	0	0	0	0	0	0
933000	903	633	677	702	742	764	878	700	814	846	933000	0	0	0	0	0	0	0	0	0	0
934000	976	613	740	661	706	810	793	922	798	841	934000	0	0	0	0	0	0	0	0	0	0
935000	969	653	794	565	717	869	843	841	783	846	935000	0	0	0	0	0	0	0	0	0	0
936000	849	591	820	702	634	907	799	869	723	795	936000	0	0	0	0	0	0	0	0	0	0
937000	905	627	816	753	605	911	824	838	813	801	937000	0	0	0	0	0	0	0	0	0	0
938000	915	578	809	765	647	878	885	755	836	860	938000	0	0	0	0	0	0	0	0	0	0
939000	897	560	752	821	697	830	910	821	922	764	939000	0	0	0	0	0	0	0	0	0	0
940000	949	608	827	805	745	844	829	845	876	766	940000	0	0	0	0	0	0	0	0	0	0
941000	928	642	814	671	664	811	849	912	938	785	941000	0	0	0	0	0	0	0	0	0	0
942000	938	589	897	735	735	769	867	832	872	730	942000	0	0	0	0	0	0	0	0	0	0
943000	913	587	728	687	658	770	866	910	895	744	943000	0	0	0	0	0	0	0	0	0	0
944000	837	653	715	775	720	714	856	826	880	746	944000	0	0	0	0	0	0	0	0	0	0
945000	825	593	754	720	705	956	893	845	910	785	945000	0	0	0	0	0	0	0	0	0	0
946000	820	665	859	710	660	838	869	839	809	709	946000	0	0	0	0	0	0	0	0	0	0
947000	899	624	775	666	628	817	877	863	846	716	947000	0	0	0	0	0	0	0	0	0	0
948000	838	638	771	740	626	998	767	820	704	728	948000	0	0	0	0	0	0	0	0	0	0
949000	889	601	818	735	654	950	785	815	842	858	949000	0	0	0	0	0	0	0	0	0	0
950000	808	654	860	676	569	876	888	873	817	833	950000	0	0	0	0	0	0	0	0	0	0
951000	907	658	796	634	730	832	849	874	830	749	951000	0	0	0	0	0	0	0	0	0	0
952000	756	623	778	696	690	822	878	830	881	764	952000	0	0	0	0	0	0	0	0	0	0
953000	850	543	723	754	663	739	930	881	845	697	953000	0	0	0	0	0	0	0	0	0	0
954000	770	621	830	778	694	742	841	892	781	755	954000	0	0	0	0	0	0	0	0	0	0
955000	757	600	762	664	602	831	751	904	817	735	955000	0	0	0	0	0	0	0	0	0	0
956000	847	657	831	780	665	874	825	842	818	814	956000	0	0	0	0	0	0	0	0	0	0
957000	865	617	851	711	675	830	939	794	778	770	957000	0	0	0	0	0	0	0	0	0	0
958000	803	654	814	710	678	840	908	755	835	733	958000	0	0	0	0	0	0	0	0	0	0
959000	930	563	796	756	597	867	872	777	796	845	959000	0	0	0	0	0	0	0	0	0	0
960000	800	607	767	779	641	915	826	891	834	857	960000	0	0	0	0	0	0	0	0	0	0
961000	853	611	765	772	598	824	870	874	789	749	961000	0	0	0	0	0	0	0	0	0	0
962000	843	662	821	782	655	783	869	827	786	742	962000	0	0	0	0	0	0	0	0	0	0
963000	778	644	807	748	598	816	751	827	881	689	963000	0	0	0	0	0	0	0	0	0	0
964000	824	597	801	693	707	788	767	895	816	723	964000	0	0	0	0	0	0	0	0	0	0
965000	918	589	861	815	756	756	797	907	801	803	965000	0	0	0	0	0	0	0	0	0	0
966000	939	615	789	716	697	754	815	932	803	854	966000	0	0	0	0	0	0	0	0	0	0
967000	940	618	741	657	657	831	852	947	878	886	967000	0	0	0	0	0	0	0	0	0	0
968000	921	671	827	622	698	736	829	931	787	824	968000	0	0	0	0	0	0	0	0	0	0
969000	865	722	795	764	632	790	842	867	873	831	969000	0	0	0	0	0	0	0	0	0	0
970000	914	650	808	682	633	890	811	835	846	749	970000	0	0	0	0	0	0	0	0	0	0
971000	908	585	801	671	645	800	859	800	841	849	971000	0	0	0	0	0	0	0	0	0	0
972000	872	673	927	691	629	897	937	905	926	786	972000	0	0	0	0	0	0	0	0	0	0
973000	804	644	825	675	690	766	840	888	808	797	973000	0	0	0	0	0	0	0	0	0	0
974000	857	639	899	636	653	766	815	772	840	800	974000	0	0	0	0	0	0	0	0	0	0
975000	781	761	832	718	695	790	929	733	864	825	975000	0	0	0	0	0	0	0	0	0	0
976000	825	623	771	714	720	799	842	808	771	889	976000	0	0	0	0	0	0	0	0	0	0
977000	790	626	754	690	757	805	796	845	823	887	977000	0	0	0	0	0	0	0	0	0	0
978000	832	585	857	747	733	785	864	819	906	870	978000	0	0	0	0	0	0	0	0	0	0
979000	804	658	863	717	709	849	848	829	846	940	979000	0	0	0	0	0	0	0	0	0	0
980000	867	645	853	760	791	895	787	880	798	858	980000	0	0	0	0	0	0	0	0	0	0
981000	881	591	775	671	690	904	857	880	858	906	981000	0	0	0	0	0	0	0	0	0	0
982000	894	718	767	614	619	809	788	895	949	899	982000	0	0	0	0	0	0	0	0	0	0
983000	905	626	837	656	752	859	726	931	825	906	983000	0	0	0	0	0	0	0	0	0	0
984000	883	601	848	592	762	811	757	912	754	861	984000	0	0	0	0	0	0	0	0	0	0
985000	882	648	791	621	731	886	841	949	795	829	985000	0	0	0	0	0	0	0	0	0	0
986000	952	618	795	681	759	718	866	927	697	825	986000	0	0	0	0	0	0	0	0	0	0
987000	977	569	801	549	747	825	873	847	839	955	987000	0	0	0	0	0	0	0	0	0	0
988000	966	668	791	639	735	757	828	871	854	839	988000	0	0	0	0	0	0	0	0	0	0
989000	913	686	880	660	745	775	937	855	996	941	989000	0	0	0	0	0	0	0	0	0	0
990000	899	654	813	579	805	815	851	895	895	945	990000	0	0	0	0	0	0	0	0	0	0
991000	910	737	855	537	755	888	840	804	896	874	991000	0	0	0	0	0	0	0	0	0	0
992000	939	587	860	556	714	849	870	813	848	850	992000	0	0	0	0	0	0	0	0	0	0
993000	983	730	852	645	711	838	894	902	898	869	993000	0	0	0	0	0	0	0	0	0	0
994000	915	728	785	671	713	737	802	968	885	830	994000	0	0	0	0	0	0	0	0	0	0
995000	994	749	786	697	677	782	910	921	755	871	995000	0	0	0	0	0	0	0	0	0	0
996000	971	724	829	686	741	702	803	865	754	926	996000	0	0	0	0	0	0	0	0	0	0
997000	1004	732	817	787	752	918	875	835	865	909	997000	0	0	0	0	0	0	0	0	0	0
998000	927	685	825	747	757	788	916	793	925	887	998000	0	0	0	0	0	0	0	0	0	0
999000	947	669	874	714	795	749	770	790	793	883	999000	0	0	0	0	0	0	0	0	0	0
1000000	1	0	3	0	0	1	1	0	0	2	1000000	0	0	0	0	0	0	0	0	0	0
