0	10	9	14	9	9	11	17	16	12	13	0	0	0	0	0	0	0	0	0	0	0
1000	5	2	1	3	5	5	1	8	3	2	1000	0	0	0	0	0	0	0	0	0	0
2000	4	2	3	5	8	1	6	6	5	12	2000	0	0	0	0	0	0	0	0	0	0
3000	9	2	1	6	5	2	3	5	1	8	3000	0	0	0	0	0	0	0	0	0	0
4000	27	6	3	5	1	4	5	7	1	2	4000	0	0	0	0	0	0	0	0	0	0
5000	25	3	0	2	1	1	2	7	0	4	5000	0	0	0	0	0	0	0	0	0	0
6000	65	6	1	0	1	1	7	1	0	4	6000	0	0	0	0	0	0	0	0	0	0
7000	42	7	1	1	1	3	12	6	1	5	7000	0	0	0	0	0	0	0	0	0	0
8000	51	9	2	5	6	1	4	7	6	1	8000	0	0	0	0	0	0	0	0	0	0
9000	54	8	1	2	2	1	6	14	8	11	9000	0	0	0	0	0	0	0	0	0	0
10000	80	9	3	1	2	0	3	38	0	16	10000	0	0	0	0	0	0	0	0	0	0
11000	95	6	3	2	2	1	5	22	4	16	11000	0	0	0	0	0	0	0	0	0	0
12000	67	20	6	9	1	6	5	40	2	13	12000	0	0	0	0	0	0	0	0	0	0
13000	69	9	2	5	2	9	4	45	1	12	13000	0	0	0	0	0	0	0	0	0	0
14000	140	1	3	0	0	7	2	46	4	5	14000	0	0	0	0	0	0	0	0	0	0
15000	136	4	2	0	2	3	4	16	7	25	15000	0	0	0	0	0	0	0	0	0	0
16000	207	2	5	2	0	4	1	16	3	7	16000	0	0	0	0	0	0	0	0	0	0
17000	189	6	0	0	1	19	3	41	12	12	17000	0	0	0	0	0	0	0	0	0	0
18000	232	0	5	0	5	15	1	55	8	16	18000	0	0	0	0	0	0	0	0	0	0
19000	183	0	5	0	0	5	3	59	25	5	19000	0	0	0	0	0	0	0	0	0	0
20000	192	3	11	0	1	16	4	57	22	30	20000	0	0	0	0	0	0	0	0	0	0
21000	214	2	15	0	0	27	2	35	28	15	21000	0	0	0	0	0	0	0	0	0	0
22000	236	0	22	2	2	30	4	64	8	17	22000	0	0	0	0	0	0	0	0	0	0
23000	241	1	11	6	4	25	1	39	1	6	23000	0	0	0	0	0	0	0	0	0	0
24000	240	8	15	5	7	19	0	36	13	17	24000	0	0	0	0	0	0	0	0	0	0
25000	326	18	23	0	6	34	4	28	32	18	25000	0	0	0	0	0	0	0	0	0	0
26000	305	9	71	3	2	49	11	37	50	31	26000	0	0	0	0	0	0	0	0	0	0
27000	283	0	44	1	0	49	10	34	73	39	27000	0	0	0	0	0	0	0	0	0	0
28000	212	0	48	2	2	47	7	41	71	6	28000	0	0	0	0	0	0	0	0	0	0
29000	234	2	59	1	1	33	6	41	81	19	29000	0	0	0	0	0	0	0	0	0	0
30000	216	1	65	3	2	46	21	46	51	8	30000	0	0	0	0	0	0	0	0	0	0
31000	199	0	85	0	1	40	15	138	27	13	31000	0	0	0	0	0	0	0	0	0	0
32000	262	7	74	6	2	22	3	116	60	22	32000	0	0	0	0	0	0	0	0	0	0
33000	286	10	52	2	1	67	9	133	67	15	33000	0	0	0	0	0	0	0	0	0	0
34000	304	19	58	4	1	71	3	158	59	6	34000	0	0	0	0	0	0	0	0	0	0
35000	317	9	47	2	1	50	3	158	92	8	35000	0	0	0	0	0	0	0	0	0	0
36000	317	6	60	1	2	78	2	147	92	7	36000	0	0	0	0	0	0	0	0	0	0
37000	323	17	44	2	1	67	3	178	75	13	37000	0	0	0	0	0	0	0	0	0	0
38000	263	35	33	3	4	109	8	139	136	29	38000	0	0	0	0	0	0	0	0	0	0
39000	241	26	41	6	6	73	4	189	105	23	39000	0	0	0	0	0	0	0	0	0	0
40000	225	9	77	4	6	85	11	152	126	22	40000	0	0	0	0	0	0	0	0	0	0
41000	253	7	71	13	4	68	6	115	90	13	41000	0	0	0	0	0	0	0	0	0	0
42000	303	12	62	3	6	57	4	202	94	13	42000	0	0	0	0	0	0	0	0	0	0
43000	290	10	70	6	6	74	4	135	112	5	43000	0	0	0	0	0	0	0	0	0	0
44000	271	1	80	11	9	41	6	192	116	7	44000	0	0	0	0	0	0	0	0	0	0
45000	315	2	68	3	32	51	3	157	118	7	45000	0	0	0	0	0	0	0	0	0	0
46000	245	8	63	3	21	49	8	122	155	7	46000	0	0	0	0	0	0	0	0	0	0
47000	252	19	86	6	18	72	1	177	147	6	47000	0	0	0	0	0	0	0	0	0	0
48000	279	19	109	15	16	60	6	181	225	23	48000	0	0	0	0	0	0	0	0	0	0
49000	235	35	170	13	19	107	0	168	211	10	49000	0	0	0	0	0	0	0	0	0	0
50000	262	24	126	3	43	125	0	202	219	19	50000	0	0	0	0	0	0	0	0	0	0
51000	280	23	108	2	22	132	6	218	248	20	51000	0	0	0	0	0	0	0	0	0	0
52000	277	17	123	2	50	79	1	225	182	26	52000	0	0	0	0	0	0	0	0	0	0
53000	232	15	109	3	31	58	8	208	167	7	53000	0	0	0	0	0	0	0	0	0	0
54000	269	27	96	1	22	93	5	223	237	28	54000	0	0	0	0	0	0	0	0	0	0
55000	293	16	102	1	47	135	23	194	207	15	55000	0	0	0	0	0	0	0	0	0	0
56000	309	10	152	3	66	158	17	185	205	23	56000	0	0	0	0	0	0	0	0	0	0
57000	322	2	159	5	98	151	1	171	256	42	57000	0	0	0	0	0	0	0	0	0	0
58000	273	26	182	2	83	90	5	159	274	42	58000	0	0	0	0	0	0	0	0	0	0
59000	341	19	140	8	114	136	10	173	233	47	59000	0	0	0	0	0	0	0	0	0	0
60000	293	10	154	2	79	148	16	174	224	43	60000	0	0	0	0	0	0	0	0	0	0
61000	277	13	139	4	83	155	10	185	269	46	61000	0	0	0	0	0	0	0	0	0	0
62000	291	7	180	1	110	115	6	171	286	62	62000	0	0	0	0	0	0	0	0	0	0
63000	281	41	157	1	98	154	6	199	264	48	63000	0	0	0	0	0	0	0	0	0	0
64000	329	29	195	6	80	148	1	202	294	70	64000	0	0	0	0	0	0	0	0	0	0
65000	292	8	222	4	79	117	22	225	338	34	65000	0	0	0	0	0	0	0	0	0	0
66000	293	17	206	8	118	152	10	227	360	28	66000	0	0	0	0	0	0	0	0	0	0
67000	250	12	187	11	88	171	8	212	256	70	67000	0	0	0	0	0	0	0	0	0	0
68000	224	16	229	6	135	141	9	267	243	95	68000	0	0	0	0	0	0	0	0	0	0
69000	282	14	169	3	132	123	17	244	268	51	69000	0	0	0	0	0	0	0	0	0	0
70000	328	14	161	10	91	148	23	210	193	81	70000	0	0	0	0	0	0	0	0	0	0
71000	284	18	214	6	129	130	11	217	213	77	71000	0	0	0	0	0	0	0	0	0	0
72000	313	13	242	2	184	183	11	229	237	71	72000	0	0	0	0	0	0	0	0	0	0
73000	264	13	222	5	199	158	7	181	259	101	73000	0	0	0	0	0	0	0	0	0	0
74000	229	8	205	9	166	170	5	178	233	89	74000	0	0	0	0	0	0	0	0	0	0
75000	313	16	202	16	120	177	9	187	253	74	75000	0	0	0	0	0	0	0	0	0	0
76000	288	13	200	10	114	165	6	248	233	60	76000	0	0	0	0	0	0	0	0	0	0
77000	241	12	198	8	98	204	10	227	239	35	77000	0	0	0	0	0	0	0	0	0	0
78000	242	2	247	9	159	213	12	237	272	43	78000	0	0	0	0	0	0	0	0	0	0
79000	271	10	257	5	124	247	7	174	297	35	79000	0	0	0	0	0	0	0	0	0	0
80000	261	11	278	5	120	213	3	203	220	68	80000	0	0	0	0	0	0	0	0	0	0
81000	253	12	255	9	119	166	2	203	286	54	81000	0	0	0	0	0	0	0	0	0	0
82000	235	7	209	5	108	211	7	198	259	64	82000	0	0	0	0	0	0	0	0	0	0
83000	240	12	230	8	132	226	18	140	248	49	83000	0	0	0	0	0	0	0	0	0	0
84000	228	7	309	13	126	213	21	203	234	29	84000	0	0	0	0	0	0	0	0	0	0
85000	256	3	328	15	77	188	6	266	280	36	85000	0	0	0	0	0	0	0	0	0	0
86000	278	22	275	16	89	230	8	200	248	40	86000	0	0	0	0	0	0	0	0	0	0
87000	317	12	281	3	92	254	8	223	298	55	87000	0	0	0	0	0	0	0	0	0	0
88000	212	13	256	2	135	236	17	220	254	67	88000	0	0	0	0	0	0	0	0	0	0
89000	234	15	219	28	193	298	20	217	304	63	89000	0	0	0	0	0	0	0	0	0	0
90000	211	9	262	28	167	201	10	241	344	82	90000	0	0	0	0	0	0	0	0	0	0
91000	284	9	265	24	141	211	27	241	359	102	91000	0	0	0	0	0	0	0	0	0	0
92000	299	4	272	20	258	244	23	214	312	129	92000	0	0	0	0	0	0	0	0	0	0
93000	282	12	229	23	228	268	33	301	361	108	93000	0	0	0	0	0	0	0	0	0	0
94000	286	13	240	27	165	289	9	244	319	85	94000	0	0	0	0	0	0	0	0	0	0
95000	243	12	212	22	221	298	13	228	352	129	95000	0	0	0	0	0	0	0	0	0	0
96000	297	6	213	23	200	257	22	278	290	134	96000	0	0	0	0	0	0	0	0	0	0
97000	305	7	239	10	241	230	18	235	290	144	97000	0	0	0	0	0	0	0	0	0	0
98000	380	26	283	21	262	286	23	247	276	136	98000	0	0	0	0	0	0	0	0	0	0
99000	337	25	286	10	236	254	10	261	289	130	99000	0	0	0	0	0	0	0	0	0	0
100000	313	16	227	21	232	248	26	278	298	143	100000	0	0	0	0	0	0	0	0	0	0
101000	325	15	232	13	212	275	16	218	309	151	101000	0	0	0	0	0	0	0	0	0	0
102000	395	26	283	15	249	233	10	254	250	139	102000	0	0	0	0	0	0	0	0	0	0
103000	344	36	234	3	222	271	8	282	294	128	103000	0	0	0	0	0	0	0	0	0	0
104000	453	19	179	5	199	289	19	330	292	144	104000	0	0	0	0	0	0	0	0	0	0
105000	437	13	153	12	222	257	10	359	288	155	105000	0	0	0	0	0	0	0	0	0	0
106000	456	10	215	19	175	253	5	251	316	176	106000	0	0	0	0	0	0	0	0	0	0
107000	421	20	236	19	185	253	12	337	314	168	107000	0	0	0	0	0	0	0	0	0	0
108000	400	9	257	47	150	251	9	327	284	220	108000	0	0	0	0	0	0	0	0	0	0
109000	431	5	263	54	213	254	23	342	372	182	109000	0	0	0	0	0	0	0	0	0	0
110000	395	21	226	22	211	345	28	345	378	158	110000	0	0	0	0	0	0	0	0	0	0
111000	455	28	285	10	213	335	38	365	362	151	111000	0	0	0	0	0	0	0	0	0	0
112000	488	28	255	12	190	347	19	351	372	179	112000	0	0	0	0	0	0	0	0	0	0
113000	513	37	246	30	188	334	2	331	329	159	113000	0	0	0	0	0	0	0	0	0	0
114000	450	70	306	18	330	390	20	268	375	180	114000	0	0	0	0	0	0	0	0	0	0
115000	453	73	300	24	289	407	24	321	328	174	115000	0	0	0	0	0	0	0	0	0	0
116000	419	56	311	31	242	440	49	344	304	173	116000	0	0	0	0	0	0	0	0	0	0
117000	470	24	248	43	208	379	36	362	357	189	117000	0	0	0	0	0	0	0	0	0	0
118000	428	35	270	10	233	407	32	304	345	152	118000	0	0	0	0	0	0	0	0	0	0
119000	382	52	161	11	258	474	40	310	384	183	119000	0	0	0	0	0	0	0	0	0	0
120000	413	55	246	6	285	447	32	326	374	168	120000	0	0	0	0	0	0	0	0	0	0
121000	502	69	269	19	299	506	56	392	316	174	121000	0	0	0	0	0	0	0	0	0	0
122000	493	57	238	60	367	547	50	364	353	169	122000	0	0	0	0	0	0	0	0	0	0
123000	550	83	197	55	368	531	19	353	301	219	123000	0	0	0	0	0	0	0	0	0	0
124000	525	73	182	23	367	524	28	374	372	226	124000	0	0	0	0	0	0	0	0	0	0
125000	527	73	191	48	317	531	53	454	364	200	125000	0	0	0	0	0	0	0	0	0	0
126000	501	61	152	51	296	473	22	471	319	187	126000	0	0	0	0	0	0	0	0	0	0
127000	488	62	174	26	306	489	33	405	317	201	127000	0	0	0	0	0	0	0	0	0	0
128000	511	67	244	25	326	525	19	322	318	166	128000	0	0	0	0	0	0	0	0	0	0
129000	495	81	290	14	360	527	39	387	366	158	129000	0	0	0	0	0	0	0	0	0	0
130000	493	67	251	18	333	518	37	349	357	168	130000	0	0	0	0	0	0	0	0	0	0
131000	485	79	270	39	227	451	48	344	434	206	131000	0	0	0	0	0	0	0	0	0	0
132000	484	54	296	43	268	461	27	334	466	212	132000	0	0	0	0	0	0	0	0	0	0
133000	477	65	249	18	245	437	58	273	385	204	133000	0	0	0	0	0	0	0	0	0	0
134000	450	50	218	21	287	563	68	318	395	156	134000	0	0	0	0	0	0	0	0	0	0
135000	459	96	207	33	306	567	82	295	417	176	135000	0	0	0	0	0	0	0	0	0	0
136000	486	89	233	58	339	603	59	307	456	226	136000	0	0	0	0	0	0	0	0	0	0
137000	500	90	175	57	302	580	83	346	403	200	137000	0	0	0	0	0	0	0	0	0	0
138000	430	95	236	54	293	584	91	314	402	253	138000	0	0	0	0	0	0	0	0	0	0
139000	548	80	322	71	303	560	136	302	478	267	139000	0	0	0	0	0	0	0	0	0	0
140000	517	72	352	56	332	518	148	347	501	200	140000	0	0	0	0	0	0	0	0	0	0
141000	505	50	399	89	323	622	111	343	498	181	141000	0	0	0	0	0	0	0	0	0	0
142000	453	47	335	44	272	666	117	288	455	195	142000	0	0	0	0	0	0	0	0	0	0
143000	426	76	392	80	256	674	117	338	521	219	143000	0	0	0	0	0	0	0	0	0	0
144000	441	72	343	75	214	630	126	314	528	221	144000	0	0	0	0	0	0	0	0	0	0
145000	447	86	281	94	205	634	71	348	521	231	145000	0	0	0	0	0	0	0	0	0	0
146000	464	74	339	60	214	455	114	378	469	195	146000	0	0	0	0	0	0	0	0	0	0
147000	456	84	265	52	174	637	129	404	424	197	147000	0	0	0	0	0	0	0	0	0	0
148000	518	62	337	47	190	560	100	378	473	202	148000	0	0	0	0	0	0	0	0	0	0
149000	462	76	397	123	271	555	121	443	425	190	149000	0	0	0	0	0	0	0	0	0	0
150000	431	75	407	130	332	590	154	423	444	201	150000	0	0	0	0	0	0	0	0	0	0
151000	470	86	487	96	271	637	113	368	475	159	151000	0	0	0	0	0	0	0	0	0	0
152000	431	80	437	88	290	646	92	388	484	198	152000	0	0	0	0	0	0	0	0	0	0
153000	454	127	333	132	285	666	110	388	384	191	153000	0	0	0	0	0	0	0	0	0	0
154000	514	149	375	83	252	597	161	325	452	195	154000	0	0	0	0	0	0	0	0	0	0
155000	493	135	295	101	257	562	158	351	497	221	155000	0	0	0	0	0	0	0	0	0	0
156000	474	115	334	116	278	709	111	416	496	184	156000	0	0	0	0	0	0	0	0	0	0
157000	407	115	327	174	326	563	148	397	410	194	157000	0	0	0	0	0	0	0	0	0	0
158000	407	131	346	147	340	618	126	416	419	179	158000	0	0	0	0	0	0	0	0	0	0
159000	417	132	303	147	307	685	149	442	465	237	159000	0	0	0	0	0	0	0	0	0	0
160000	419	165	300	131	321	644	172	445	493	217	160000	0	0	0	0	0	0	0	0	0	0
161000	399	121	325	121	338	673	173	395	543	191	161000	0	0	0	0	0	0	0	0	0	0
162000	402	120	343	93	361	651	108	450	475	152	162000	0	0	0	0	0	0	0	0	0	0
163000	415	110	450	101	379	742	142	463	432	168	163000	0	0	0	0	0	0	0	0	0	0
164000	479	116	434	100	386	635	106	456	503	212	164000	0	0	0	0	0	0	0	0	0	0
165000	467	152	323	126	399	525	158	486	436	208	165000	0	0	0	0	0	0	0	0	0	0
166000	477	137	377	129	417	568	186	500	476	265	166000	0	0	0	0	0	0	0	0	0	0
167000	453	131	331	97	422	633	240	483	472	228	167000	0	0	0	0	0	0	0	0	0	0
168000	449	145	356	111	493	618	200	399	438	232	168000	0	0	0	0	0	0	0	0	0	0
169000	397	141	432	115	483	615	201	480	416	239	169000	0	0	0	0	0	0	0	0	0	0
170000	354	158	265	109	485	559	179	463	466	215	170000	0	0	0	0	0	0	0	0	0	0
171000	368	163	250	122	512	545	180	451	442	246	171000	0	0	0	0	0	0	0	0	0	0
172000	419	202	300	104	544	456	178	417	457	222	172000	0	0	0	0	0	0	0	0	0	0
173000	428	190	266	100	549	577	175	446	523	245	173000	0	0	0	0	0	0	0	0	0	0
174000	410	152	266	145	526	598	202	504	534	249	174000	0	0	0	0	0	0	0	0	0	0
175000	403	167	310	130	519	602	214	436	517	230	175000	0	0	0	0	0	0	0	0	0	0
176000	406	215	278	142	488	705	195	442	492	234	176000	0	0	0	0	0	0	0	0	0	0
177000	422	214	320	175	523	620	193	421	545	298	177000	0	0	0	0	0	0	0	0	0	0
178000	396	174	363	165	476	694	158	428	504	267	178000	0	0	0	0	0	0	0	0	0	0
179000	448	226	387	119	512	587	186	473	517	245	179000	0	0	0	0	0	0	0	0	0	0
180000	484	207	316	136	426	511	206	496	457	300	180000	0	0	0	0	0	0	0	0	0	0
181000	406	216	288	141	518	581	168	464	452	243	181000	0	0	0	0	0	0	0	0	0	0
182000	378	202	343	123	507	562	237	450	467	230	182000	0	0	0	0	0	0	0	0	0	0
183000	399	195	252	116	532	496	194	466	508	251	183000	0	0	0	0	0	0	0	0	0	0
184000	407	164	267	161	489	538	209	489	496	258	184000	0	0	0	0	0	0	0	0	0	0
185000	450	169	284	145	496	565	160	481	499	287	185000	0	0	0	0	0	0	0	0	0	0
186000	547	180	255	126	545	543	224	435	458	300	186000	0	0	0	0	0	0	0	0	0	0
187000	484	196	299	162	456	599	215	457	477	297	187000	0	0	0	0	0	0	0	0	0	0
188000	425	199	349	183	476	627	247	454	428	231	188000	0	0	0	0	0	0	0	0	0	0
189000	432	220	401	158	534	582	252	462	482	218	189000	0	0	0	0	0	0	0	0	0	0
190000	455	221	395	144	484	570	195	465	399	255	190000	0	0	0	0	0	0	0	0	0	0
191000	410	194	447	185	451	679	206	424	454	269	191000	0	0	0	0	0	0	0	0	0	0
192000	470	167	399	139	442	631	196	477	409	331	192000	0	0	0	0	0	0	0	0	0	0
193000	445	154	351	117	445	629	176	422	418	301	193000	0	0	0	0	0	0	0	0	0	0
194000	407	190	369	144	484	647	243	341	421	295	194000	0	0	0	0	0	0	0	0	0	0
195000	499	184	399	155	513	621	261	407	519	286	195000	0	0	0	0	0	0	0	0	0	0
196000	459	199	434	138	551	638	228	382	499	300	196000	0	0	0	0	0	0	0	0	0	0
197000	465	208	392	133	523	649	266	376	459	297	197000	0	0	0	0	0	0	0	0	0	0
198000	436	184	352	147	494	721	265	378	424	278	198000	0	0	0	0	0	0	0	0	0	0
199000	411	198	332	134	497	728	259	481	467	309	199000	0	0	0	0	0	0	0	0	0	0
200000	453	208	418	126	525	659	237	477	515	314	200000	0	0	0	0	0	0	0	0	0	0
201000	516	247	393	125	532	638	256	430	527	272	201000	0	0	0	0	0	0	0	0	0	0
202000	455	184	342	156	593	627	251	502	483	275	202000	0	0	0	0	0	0	0	0	0	0
203000	503	209	342	158	516	607	265	420	395	310	203000	0	0	0	0	0	0	0	0	0	0
204000	465	205	388	151	505	590	284	433	460	289	204000	0	0	0	0	0	0	0	0	0	0
205000	527	221	388	152	469	538	301	425	458	255	205000	0	0	0	0	0	0	0	0	0	0
206000	426	186	375	103	532	605	261	407	511	232	206000	0	0	0	0	0	0	0	0	0	0
207000	453	219	322	151	551	632	271	373	448	273	207000	0	0	0	0	0	0	0	0	0	0
208000	476	193	349	156	559	726	254	412	426	262	208000	0	0	0	0	0	0	0	0	0	0
209000	402	211	344	170	556	641	315	447	416	281	209000	0	0	0	0	0	0	0	0	0	0
210000	478	153	334	163	489	650	344	453	466	302	210000	0	0	0	0	0	0	0	0	0	0
211000	481	240	390	163	479	570	237	458	483	323	211000	0	0	0	0	0	0	0	0	0	0
212000	562	215	327	149	501	714	248	592	489	339	212000	0	0	0	0	0	0	0	0	0	0
213000	530	217	351	177	537	636	283	437	409	367	213000	0	0	0	0	0	0	0	0	0	0
214000	506	259	401	174	557	663	294	455	441	344	214000	0	0	0	0	0	0	0	0	0	0
215000	485	209	423	162	475	579	314	414	555	322	215000	0	0	0	0	0	0	0	0	0	0
216000	528	231	355	176	457	739	310	484	455	300	216000	0	0	0	0	0	0	0	0	0	0
217000	552	215	344	147	507	681	403	448	483	289	217000	0	0	0	0	0	0	0	0	0	0
218000	484	221	369	192	521	647	269	450	492	231	218000	0	0	0	0	0	0	0	0	0	0
219000	511	234	330	168	588	701	290	341	481	328	219000	0	0	0	0	0	0	0	0	0	0
220000	537	225	357	126	513	567	319	366	394	339	220000	0	0	0	0	0	0	0	0	0	0
221000	496	232	293	154	585	630	377	449	427	307	221000	0	0	0	0	0	0	0	0	0	0
222000	555	225	357	165	523	602	351	450	418	261	222000	0	0	0	0	0	0	0	0	0	0
223000	564	181	309	164	615	653	254	383	475	300	223000	0	0	0	0	0	0	0	0	0	0
224000	569	158	310	176	543	687	313	468	425	291	224000	0	0	0	0	0	0	0	0	0	0
225000	596	209	378	200	594	656	271	435	470	308	225000	0	0	0	0	0	0	0	0	0	0
226000	510	230	335	229	549	635	255	434	605	327	226000	0	0	0	0	0	0	0	0	0	0
227000	521	218	340	157	627	646	247	465	527	322	227000	0	0	0	0	0	0	0	0	0	0
228000	540	271	222	161	471	551	330	530	506	350	228000	0	0	0	0	0	0	0	0	0	0
229000	471	262	234	207	576	532	357	463	502	413	229000	0	0	0	0	0	0	0	0	0	0
230000	540	244	217	173	592	563	328	461	470	334	230000	0	0	0	0	0	0	0	0	0	0
231000	577	239	259	137	646	557	400	481	497	406	231000	0	0	0	0	0	0	0	0	0	0
232000	488	269	180	140	633	536	378	414	532	369	232000	0	0	0	0	0	0	0	0	0	0
233000	491	249	315	202	646	590	336	490	571	324	233000	0	0	0	0	0	0	0	0	0	0
234000	457	229	315	215	570	633	392	525	548	415	234000	0	0	0	0	0	0	0	0	0	0
235000	474	278	285	165	692	642	363	494	483	370	235000	0	0	0	0	0	0	0	0	0	0
236000	433	329	234	168	613	638	329	527	497	407	236000	0	0	0	0	0	0	0	0	0	0
237000	383	250	254	169	563	584	348	463	555	340	237000	0	0	0	0	0	0	0	0	0	0
238000	468	168	372	215	493	631	377	457	572	352	238000	0	0	0	0	0	0	0	0	0	0
239000	507	278	312	196	484	674	341	445	516	311	239000	0	0	0	0	0	0	0	0	0	0
240000	481	258	201	188	517	607	346	472	527	317	240000	0	0	0	0	0	0	0	0	0	0
241000	495	335	235	187	542	642	425	509	593	334	241000	0	0	0	0	0	0	0	0	0	0
242000	464	256	251	242	516	643	453	504	510	347	242000	0	0	0	0	0	0	0	0	0	0
243000	390	253	238	251	580	554	389	488	447	322	243000	0	0	0	0	0	0	0	0	0	0
244000	431	291	229	208	529	590	439	480	482	285	244000	0	0	0	0	0	0	0	0	0	0
245000	434	235	289	215	570	485	430	543	523	271	245000	0	0	0	0	0	0	0	0	0	0
246000	510	209	183	180	583	635	384	373	508	334	246000	0	0	0	0	0	0	0	0	0	0
247000	471	208	275	162	553	429	393	522	493	350	247000	0	0	0	0	0	0	0	0	0	0
248000	519	230	322	192	545	595	303	504	513	335	248000	0	0	0	0	0	0	0	0	0	0
249000	508	255	282	201	544	543	354	530	492	379	249000	0	0	0	0	0	0	0	0	0	0
250000	479	246	293	152	555	661	385	512	497	318	250000	0	0	0	0	0	0	0	0	0	0
251000	487	267	364	178	558	606	361	486	563	344	251000	0	0	0	0	0	0	0	0	0	0
252000	464	289	306	175	506	645	398	543	468	299	252000	0	0	0	0	0	0	0	0	0	0
253000	425	207	397	181	537	602	457	453	498	277	253000	0	0	0	0	0	0	0	0	0	0
254000	484	254	366	189	536	541	490	521	454	339	254000	0	0	0	0	0	0	0	0	0	0
255000	481	244	394	216	543	477	548	519	459	331	255000	0	0	0	0	0	0	0	0	0	0
256000	465	245	400	211	573	643	489	466	503	408	256000	0	0	0	0	0	0	0	0	0	0
257000	453	145	423	207	471	579	537	542	512	356	257000	0	0	0	0	0	0	0	0	0	0
258000	502	288	429	212	564	608	462	496	554	295	258000	0	0	0	0	0	0	0	0	0	0
259000	467	282	424	200	563	589	484	515	510	325	259000	0	0	0	0	0	0	0	0	0	0
260000	493	278	437	189	655	563	501	448	563	379	260000	0	0	0	0	0	0	0	0	0	0
261000	486	259	408	205	561	584	556	507	558	402	261000	0	0	0	0	0	0	0	0	0	0
262000	502	295	417	195	571	658	486	593	572	350	262000	0	0	0	0	0	0	0	0	0	0
263000	421	264	385	182	586	571	443	650	468	324	263000	0	0	0	0	0	0	0	0	0	0
264000	473	276	297	167	540	612	451	523	439	350	264000	0	0	0	0	0	0	0	0	0	0
265000	401	321	319	176	566	596	421	439	429	364	265000	0	0	0	0	0	0	0	0	0	0
266000	387	297	337	209	389	659	480	423	438	392	266000	0	0	0	0	0	0	0	0	0	0
267000	443	243	314	214	452	651	449	427	517	367	267000	0	0	0	0	0	0	0	0	0	0
268000	483	219	310	219	504	582	454	451	507	334	268000	0	0	0	0	0	0	0	0	0	0
269000	575	266	332	258	417	668	421	513	451	352	269000	0	0	0	0	0	0	0	0	0	0
270000	476	188	350	244	484	650	410	475	424	356	270000	0	0	0	0	0	0	0	0	0	0
271000	445	284	431	241	498	663	461	483	438	321	271000	0	0	0	0	0	0	0	0	0	0
272000	506	252	442	277	532	603	474	539	444	348	272000	0	0	0	0	0	0	0	0	0	0
273000	480	280	488	210	643	595	454	488	489	372	273000	0	0	0	0	0	0	0	0	0	0
274000	493	325	493	259	605	590	547	541	525	347	274000	0	0	0	0	0	0	0	0	0	0
275000	580	332	464	247	490	519	448	499	487	333	275000	0	0	0	0	0	0	0	0	0	0
276000	552	305	392	194	580	660	437	535	474	376	276000	0	0	0	0	0	0	0	0	0	0
277000	620	221	430	203	493	608	421	583	466	436	277000	0	0	0	0	0	0	0	0	0	0
278000	594	312	380	265	520	646	391	542	460	343	278000	0	0	0	0	0	0	0	0	0	0
279000	532	365	456	263	531	582	371	573	493	352	279000	0	0	0	0	0	0	0	0	0	0
280000	578	344	390	313	584	697	469	542	478	418	280000	0	0	0	0	0	0	0	0	0	0
281000	567	368	346	336	559	687	444	484	508	368	281000	0	0	0	0	0	0	0	0	0	0
282000	525	294	322	289	505	665	533	634	526	362	282000	0	0	0	0	0	0	0	0	0	0
283000	470	323	335	276	459	714	448	601	518	356	283000	0	0	0	0	0	0	0	0	0	0
284000	403	316	357	286	457	661	432	577	492	340	284000	0	0	0	0	0	0	0	0	0	0
285000	565	331	407	295	404	648	401	567	467	365	285000	0	0	0	0	0	0	0	0	0	0
286000	542	362	389	249	493	728	436	575	488	322	286000	0	0	0	0	0	0	0	0	0	0
287000	420	396	444	220	402	683	512	480	534	327	287000	0	0	0	0	0	0	0	0	0	0
288000	398	415	346	205	450	744	556	556	486	396	288000	0	0	0	0	0	0	0	0	0	0
289000	470	330	492	173	440	731	575	547	513	341	289000	0	0	0	0	0	0	0	0	0	0
290000	610	346	527	254	540	729	625	611	511	321	290000	0	0	0	0	0	0	0	0	0	0
291000	617	390	480	264	470	588	584	588	469	341	291000	0	0	0	0	0	0	0	0	0	0
292000	578	356	502	244	598	557	588	507	431	302	292000	0	0	0	0	0	0	0	0	0	0
293000	652	322	503	267	522	558	519	548	418	313	293000	0	0	0	0	0	0	0	0	0	0
294000	527	351	486	256	507	596	574	576	420	323	294000	0	0	0	0	0	0	0	0	0	0
295000	605	324	507	230	553	557	487	517	447	383	295000	0	0	0	0	0	0	0	0	0	0
296000	496	311	497	259	502	518	500	542	476	478	296000	0	0	0	0	0	0	0	0	0	0
297000	455	346	484	267	482	612	526	582	456	330	297000	0	0	0	0	0	0	0	0	0	0
298000	517	359	469	254	481	579	471	602	465	364	298000	0	0	0	0	0	0	0	0	0	0
299000	586	328	477	193	597	610	484	556	432	330	299000	0	0	0	0	0	0	0	0	0	0
300000	613	316	407	223	541	590	550	554	435	378	300000	0	0	0	0	0	0	0	0	0	0
301000	490	366	468	217	441	543	628	552	502	298	301000	0	0	0	0	0	0	0	0	0	0
302000	563	311	529	306	498	574	567	637	392	320	302000	0	0	0	0	0	0	0	0	0	0
303000	506	345	516	244	527	629	542	627	415	320	303000	0	0	0	0	0	0	0	0	0	0
304000	492	291	538	265	609	626	603	631	450	347	304000	0	0	0	0	0	0	0	0	0	0
305000	533	250	507	220	605	771	510	625	458	344	305000	0	0	0	0	0	0	0	0	0	0
306000	458	344	557	202	585	713	519	584	422	327	306000	0	0	0	0	0	0	0	0	0	0
307000	538	271	605	200	657	710	613	561	467	314	307000	0	0	0	0	0	0	0	0	0	0
308000	475	232	600	277	604	685	490	575	505	304	308000	0	0	0	0	0	0	0	0	0	0
309000	507	207	504	243	545	636	529	634	548	297	309000	0	0	0	0	0	0	0	0	0	0
310000	535	241	550	202	572	654	546	588	536	299	310000	0	0	0	0	0	0	0	0	0	0
311000	569	303	437	258	550	616	542	493	462	324	311000	0	0	0	0	0	0	0	0	0	0
312000	512	302	486	252	596	630	604	595	447	288	312000	0	0	0	0	0	0	0	0	0	0
313000	511	340	459	251	661	635	578	570	411	341	313000	0	0	0	0	0	0	0	0	0	0
314000	551	334	422	260	577	594	585	553	486	310	314000	0	0	0	0	0	0	0	0	0	0
315000	581	346	493	331	543	616	508	597	538	312	315000	0	0	0	0	0	0	0	0	0	0
316000	508	307	602	282	582	549	550	581	553	313	316000	0	0	0	0	0	0	0	0	0	0
317000	593	302	485	260	638	657	675	443	500	326	317000	0	0	0	0	0	0	0	0	0	0
318000	475	339	506	287	644	667	592	559	517	283	318000	0	0	0	0	0	0	0	0	0	0
319000	573	344	526	307	632	725	611	598	497	320	319000	0	0	0	0	0	0	0	0	0	0
320000	426	281	468	361	622	709	526	568	486	305	320000	0	0	0	0	0	0	0	0	0	0
321000	505	371	469	357	684	647	632	505	508	296	321000	0	0	0	0	0	0	0	0	0	0
322000	432	340	504	380	733	575	593	601	457	299	322000	0	0	0	0	0	0	0	0	0	0
323000	538	380	533	309	593	585	598	621	494	300	323000	0	0	0	0	0	0	0	0	0	0
324000	579	433	463	280	675	621	605	647	542	312	324000	0	0	0	0	0	0	0	0	0	0
325000	584	380	512	249	713	630	559	551	413	334	325000	0	0	0	0	0	0	0	0	0	0
326000	572	307	511	315	703	573	619	635	453	353	326000	0	0	0	0	0	0	0	0	0	0
327000	654	346	550	379	728	618	622	612	450	382	327000	0	0	0	0	0	0	0	0	0	0
328000	554	273	493	336	661	647	593	657	395	334	328000	0	0	0	0	0	0	0	0	0	0
329000	548	378	491	317	584	674	612	659	460	355	329000	0	0	0	0	0	0	0	0	0	0
330000	513	403	479	289	642	631	653	653	437	380	330000	0	0	0	0	0	0	0	0	0	0
331000	522	414	528	300	663	712	534	730	436	348	331000	0	0	0	0	0	0	0	0	0	0
332000	538	350	470	373	680	722	503	602	420	337	332000	0	0	0	0	0	0	0	0	0	0
333000	625	347	581	345	697	604	555	593	478	389	333000	0	0	0	0	0	0	0	0	0	0
334000	553	333	582	368	688	689	618	593	447	402	334000	0	0	0	0	0	0	0	0	0	0
335000	613	345	570	382	570	521	529	649	449	357	335000	0	0	0	0	0	0	0	0	0	0
336000	609	327	535	375	729	594	387	581	439	347	336000	0	0	0	0	0	0	0	0	0	0
337000	588	331	516	338	713	623	546	537	437	318	337000	0	0	0	0	0	0	0	0	0	0
338000	622	391	510	272	685	660	610	618	422	323	338000	0	0	0	0	0	0	0	0	0	0
339000	579	406	482	320	583	651	571	615	439	384	339000	0	0	0	0	0	0	0	0	0	0
340000	637	425	479	374	635	666	621	570	480	379	340000	0	0	0	0	0	0	0	0	0	0
341000	587	372	443	366	699	597	642	579	522	314	341000	0	0	0	0	0	0	0	0	0	0
342000	688	376	447	345	660	561	667	620	501	379	342000	0	0	0	0	0	0	0	0	0	0
343000	721	387	518	348	631	555	712	610	522	284	343000	0	0	0	0	0	0	0	0	0	0
344000	592	389	534	297	707	704	692	657	468	339	344000	0	0	0	0	0	0	0	0	0	0
345000	648	348	588	359	797	657	672	630	502	374	345000	0	0	0	0	0	0	0	0	0	0
346000	696	346	559	333	719	640	546	587	488	368	346000	0	0	0	0	0	0	0	0	0	0
347000	762	346	509	345	698	700	447	699	473	383	347000	0	0	0	0	0	0	0	0	0	0
348000	670	382	559	377	614	597	463	641	463	336	348000	0	0	0	0	0	0	0	0	0	0
349000	575	385	455	356	704	525	560	624	457	332	349000	0	0	0	0	0	0	0	0	0	0
350000	596	385	477	273	730	565	553	663	530	318	350000	0	0	0	0	0	0	0	0	0	0
351000	618	333	509	311	799	653	581	666	419	363	351000	0	0	0	0	0	0	0	0	0	0
352000	669	433	525	301	691	684	529	666	493	354	352000	0	0	0	0	0	0	0	0	0	0
353000	688	316	497	398	718	730	558	623	486	350	353000	0	0	0	0	0	0	0	0	0	0
354000	591	311	490	326	659	699	658	688	450	331	354000	0	0	0	0	0	0	0	0	0	0
355000	665	345	480	268	651	639	579	722	486	358	355000	0	0	0	0	0	0	0	0	0	0
356000	586	351	562	380	630	694	584	661	451	368	356000	0	0	0	0	0	0	0	0	0	0
357000	619	315	513	394	658	647	615	695	444	357	357000	0	0	0	0	0	0	0	0	0	0
358000	603	285	519	364	706	568	667	669	498	327	358000	0	0	0	0	0	0	0	0	0	0
359000	594	325	538	388	692	683	678	684	499	361	359000	0	0	0	0	0	0	0	0	0	0
360000	608	369	546	370	656	609	661	640	572	299	360000	0	0	0	0	0	0	0	0	0	0
361000	658	360	550	376	706	672	638	715	523	360	361000	0	0	0	0	0	0	0	0	0	0
362000	627	340	511	316	679	513	548	700	481	341	362000	0	0	0	0	0	0	0	0	0	0
363000	603	351	469	329	643	544	578	732	469	337	363000	0	0	0	0	0	0	0	0	0	0
364000	596	306	538	273	547	632	561	704	492	334	364000	0	0	0	0	0	0	0	0	0	0
365000	611	288	580	331	567	642	592	805	446	310	365000	0	0	0	0	0	0	0	0	0	0
366000	529	338	549	355	727	606	602	718	448	365	366000	0	0	0	0	0	0	0	0	0	0
367000	515	290	467	378	734	632	567	804	522	296	367000	0	0	0	0	0	0	0	0	0	0
368000	553	265	510	331	725	631	527	709	529	360	368000	0	0	0	0	0	0	0	0	0	0
369000	609	260	476	370	678	579	548	752	482	309	369000	0	0	0	0	0	0	0	0	0	0
370000	729	255	547	361	659	589	615	675	511	364	370000	0	0	0	0	0	0	0	0	0	0
371000	693	283	547	372	710	656	734	643	531	366	371000	0	0	0	0	0	0	0	0	0	0
372000	654	234	406	343	770	645	619	651	474	369	372000	0	0	0	0	0	0	0	0	0	0
373000	562	296	415	358	655	569	710	638	552	365	373000	0	0	0	0	0	0	0	0	0	0
374000	666	283	497	343	622	653	666	707	489	385	374000	0	0	0	0	0	0	0	0	0	0
375000	637	327	580	380	611	630	648	638	484	374	375000	0	0	0	0	0	0	0	0	0	0
376000	544	305	546	402	594	569	650	675	541	409	376000	0	0	0	0	0	0	0	0	0	0
377000	594	287	576	448	631	603	610	693	602	405	377000	0	0	0	0	0	0	0	0	0	0
378000	599	246	615	400	660	568	651	703	574	378	378000	0	0	0	0	0	0	0	0	0	0
379000	570	249	589	421	691	579	572	624	595	365	379000	0	0	0	0	0	0	0	0	0	0
380000	609	236	573	308	650	661	689	651	560	358	380000	0	0	0	0	0	0	0	0	0	0
381000	619	258	509	398	711	692	632	681	530	378	381000	0	0	0	0	0	0	0	0	0	0
382000	680	288	474	454	649	687	572	685	554	379	382000	0	0	0	0	0	0	0	0	0	0
383000	643	282	388	397	779	703	560	666	560	385	383000	0	0	0	0	0	0	0	0	0	0
384000	551	314	527	377	645	589	575	737	595	421	384000	0	0	0	0	0	0	0	0	0	0
385000	604	276	596	367	708	497	570	684	520	441	385000	0	0	0	0	0	0	0	0	0	0
386000	573	268	546	360	751	628	558	713	496	485	386000	0	0	0	0	0	0	0	0	0	0
387000	661	290	550	341	703	602	559	717	591	378	387000	0	0	0	0	0	0	0	0	0	0
388000	661	309	520	325	679	683	674	827	501	413	388000	0	0	0	0	0	0	0	0	0	0
389000	667	385	471	355	686	581	590	633	493	436	389000	0	0	0	0	0	0	0	0	0	0
390000	569	341	548	373	757	634	584	714	500	369	390000	0	0	0	0	0	0	0	0	0	0
391000	678	372	476	298	747	757	664	681	434	334	391000	0	0	0	0	0	0	0	0	0	0
392000	675	354	498	395	660	631	645	744	533	316	392000	0	0	0	0	0	0	0	0	0	0
393000	730	348	561	321	711	707	678	689	481	361	393000	0	0	0	0	0	0	0	0	0	0
394000	640	300	625	350	742	684	575	771	465	386	394000	0	0	0	0	0	0	0	0	0	0
395000	617	286	459	315	757	655	540	658	464	313	395000	0	0	0	0	0	0	0	0	0	0
396000	737	316	511	377	780	658	515	640	511	336	396000	0	0	0	0	0	0	0	0	0	0
397000	754	319	515	376	704	590	695	620	480	282	397000	0	0	0	0	0	0	0	0	0	0
398000	687	338	571	329	720	594	657	707	515	297	398000	0	0	0	0	0	0	0	0	0	0
399000	621	271	571	267	746	496	680	712	508	224	399000	0	0	0	0	0	0	0	0	0	0
400000	694	348	500	343	654	671	585	715	482	320	400000	0	0	0	0	0	0	0	0	0	0
401000	543	315	563	354	625	619	644	625	443	305	401000	0	0	0	0	0	0	0	0	0	0
402000	733	372	546	342	641	610	704	623	489	293	402000	0	0	0	0	0	0	0	0	0	0
403000	722	347	558	411	744	631	670	604	539	313	403000	0	0	0	0	0	0	0	0	0	0
404000	620	393	512	358	798	603	648	700	526	299	404000	0	0	0	0	0	0	0	0	0	0
405000	751	310	498	366	671	670	703	584	405	314	405000	0	0	0	0	0	0	0	0	0	0
406000	810	337	532	322	702	685	683	706	493	308	406000	0	0	0	0	0	0	0	0	0	0
407000	795	368	455	334	688	741	745	615	477	307	407000	0	0	0	0	0	0	0	0	0	0
408000	719	346	583	355	726	725	769	600	494	285	408000	0	0	0	0	0	0	0	0	0	0
409000	717	386	516	280	772	664	875	568	459	366	409000	0	0	0	0	0	0	0	0	0	0
410000	759	370	467	300	709	725	642	640	454	388	410000	0	0	0	0	0	0	0	0	0	0
411000	730	439	530	328	679	700	721	652	443	327	411000	0	0	0	0	0	0	0	0	0	0
412000	734	398	509	361	773	653	691	745	490	308	412000	0	0	0	0	0	0	0	0	0	0
413000	746	409	548	366	675	628	725	708	564	316	413000	0	0	0	0	0	0	0	0	0	0
414000	663	334	539	320	786	614	636	639	539	452	414000	0	0	0	0	0	0	0	0	0	0
415000	686	384	548	309	760	670	842	653	533	361	415000	0	0	0	0	0	0	0	0	0	0
416000	572	416	506	317	742	629	798	764	520	333	416000	0	0	0	0	0	0	0	0	0	0
417000	662	442	569	309	660	623	658	808	527	454	417000	0	0	0	0	0	0	0	0	0	0
418000	576	449	564	325	784	685	537	748	516	451	418000	0	0	0	0	0	0	0	0	0	0
419000	602	423	604	298	680	668	661	740	475	430	419000	0	0	0	0	0	0	0	0	0	0
420000	599	434	470	273	709	549	706	858	532	473	420000	0	0	0	0	0	0	0	0	0	0
421000	680	393	514	307	712	534	684	795	482	405	421000	0	0	0	0	0	0	0	0	0	0
422000	652	396	596	276	618	550	754	699	439	350	422000	0	0	0	0	0	0	0	0	0	0
423000	681	361	516	303	720	691	743	714	440	361	423000	0	0	0	0	0	0	0	0	0	0
424000	635	444	563	339	672	715	682	689	410	365	424000	0	0	0	0	0	0	0	0	0	0
425000	703	407	458	311	709	669	716	806	467	361	425000	0	0	0	0	0	0	0	0	0	0
426000	696	472	565	366	698	704	754	772	511	344	426000	0	0	0	0	0	0	0	0	0	0
427000	677	495	582	347	649	701	801	822	552	319	427000	0	0	0	0	0	0	0	0	0	0
428000	727	582	604	298	644	727	753	795	579	409	428000	0	0	0	0	0	0	0	0	0	0
429000	631	380	561	270	734	712	796	841	544	398	429000	0	0	0	0	0	0	0	0	0	0
430000	639	562	441	279	689	708	773	745	517	284	430000	0	0	0	0	0	0	0	0	0	0
431000	652	500	481	289	741	635	612	786	547	374	431000	0	0	0	0	0	0	0	0	0	0
432000	652	536	522	291	690	617	686	738	504	415	432000	0	0	0	0	0	0	0	0	0	0
433000	572	499	579	331	744	637	674	810	513	431	433000	0	0	0	0	0	0	0	0	0	0
434000	680	489	592	325	742	697	754	811	533	358	434000	0	0	0	0	0	0	0	0	0	0
435000	705	488	582	251	750	674	724	830	514	455	435000	0	0	0	0	0	0	0	0	0	0
436000	689	527	550	241	800	713	770	803	508	456	436000	0	0	0	0	0	0	0	0	0	0
437000	730	520	591	239	658	660	733	768	509	408	437000	0	0	0	0	0	0	0	0	0	0
438000	730	544	548	308	710	757	758	751	481	404	438000	0	0	0	0	0	0	0	0	0	0
439000	679	598	512	255	744	732	744	731	503	496	439000	0	0	0	0	0	0	0	0	0	0
440000	614	591	588	314	670	762	691	686	530	414	440000	0	0	0	0	0	0	0	0	0	0
441000	666	614	542	304	751	724	752	798	575	407	441000	0	0	0	0	0	0	0	0	0	0
442000	734	696	555	277	702	732	630	839	641	418	442000	0	0	0	0	0	0	0	0	0	0
443000	716	638	528	314	609	618	645	722	639	409	443000	0	0	0	0	0	0	0	0	0	0
444000	677	563	504	343	550	738	697	802	556	364	444000	0	0	0	0	0	0	0	0	0	0
445000	602	571	489	301	784	672	749	792	564	417	445000	0	0	0	0	0	0	0	0	0	0
446000	676	509	569	288	772	709	703	760	592	398	446000	0	0	0	0	0	0	0	0	0	0
447000	587	547	556	282	613	675	675	878	574	348	447000	0	0	0	0	0	0	0	0	0	0
448000	714	495	608	327	697	681	784	853	541	377	448000	0	0	0	0	0	0	0	0	0	0
449000	583	480	636	310	715	697	727	853	597	401	449000	0	0	0	0	0	0	0	0	0	0
450000	693	538	544	297	692	727	786	821	593	430	450000	0	0	0	0	0	0	0	0	0	0
451000	639	538	547	300	670	670	752	904	557	365	451000	0	0	0	0	0	0	0	0	0	0
452000	733	459	569	257	655	783	652	784	559	424	452000	0	0	0	0	0	0	0	0	0	0
453000	739	505	592	238	743	828	632	735	537	484	453000	0	0	0	0	0	0	0	0	0	0
454000	734	529	602	327	632	783	672	746	570	443	454000	0	0	0	0	0	0	0	0	0	0
455000	674	379	626	253	719	711	610	636	542	481	455000	0	0	0	0	0	0	0	0	0	0
456000	690	495	588	340	643	698	553	697	573	454	456000	0	0	0	0	0	0	0	0	0	0
457000	655	495	534	290	571	672	634	743	507	461	457000	0	0	0	0	0	0	0	0	0	0
458000	647	538	496	266	620	609	551	733	514	470	458000	0	0	0	0	0	0	0	0	0	0
459000	629	473	565	314	707	777	614	826	541	445	459000	0	0	0	0	0	0	0	0	0	0
460000	633	558	520	309	709	652	616	801	569	500	460000	0	0	0	0	0	0	0	0	0	0
461000	690	519	568	314	675	772	602	807	478	531	461000	0	0	0	0	0	0	0	0	0	0
462000	733	552	515	318	751	759	591	643	568	456	462000	0	0	0	0	0	0	0	0	0	0
463000	712	544	510	340	701	704	651	671	518	408	463000	0	0	0	0	0	0	0	0	0	0
464000	585	573	556	351	651	712	601	713	588	399	464000	0	0	0	0	0	0	0	0	0	0
465000	661	467	623	302	762	694	673	638	599	444	465000	0	0	0	0	0	0	0	0	0	0
466000	665	508	527	339	745	672	583	704	583	443	466000	0	0	0	0	0	0	0	0	0	0
467000	635	477	594	309	817	719	589	788	558	420	467000	0	0	0	0	0	0	0	0	0	0
468000	637	518	615	351	731	790	529	757	497	477	468000	0	0	0	0	0	0	0	0	0	0
469000	607	458	571	372	757	751	602	709	613	453	469000	0	0	0	0	0	0	0	0	0	0
470000	728	455	592	342	810	710	649	750	626	532	470000	0	0	0	0	0	0	0	0	0	0
471000	710	443	610	414	685	671	688	744	592	477	471000	0	0	0	0	0	0	0	0	0	0
472000	716	499	630	369	675	611	599	734	584	511	472000	0	0	0	0	0	0	0	0	0	0
473000	660	543	624	321	752	775	678	816	527	538	473000	0	0	0	0	0	0	0	0	0	0
474000	650	611	642	364	759	633	692	801	537	479	474000	0	0	0	0	0	0	0	0	0	0
475000	662	622	588	365	702	707	801	754	500	516	475000	0	0	0	0	0	0	0	0	0	0
476000	613	594	589	346	703	706	732	843	554	484	476000	0	0	0	0	0	0	0	0	0	0
477000	711	514	620	354	604	770	666	776	570	496	477000	0	0	0	0	0	0	0	0	0	0
478000	603	530	600	334	739	644	723	792	480	471	478000	0	0	0	0	0	0	0	0	0	0
479000	686	585	640	393	753	755	682	771	575	427	479000	0	0	0	0	0	0	0	0	0	0
480000	734	550	595	461	760	700	720	777	485	487	480000	0	0	0	0	0	0	0	0	0	0
481000	655	672	666	414	756	692	776	780	552	567	481000	0	0	0	0	0	0	0	0	0	0
482000	654	671	637	376	732	694	653	811	486	456	482000	0	0	0	0	0	0	0	0	0	0
483000	610	689	738	434	749	593	718	822	529	508	483000	0	0	0	0	0	0	0	0	0	0
484000	614	666	620	399	690	700	737	826	560	483	484000	0	0	0	0	0	0	0	0	0	0
485000	588	733	588	416	627	675	614	814	611	427	485000	0	0	0	0	0	0	0	0	0	0
486000	635	701	603	344	743	666	647	878	619	504	486000	0	0	0	0	0	0	0	0	0	0
487000	681	727	596	307	806	717	652	936	512	539	487000	0	0	0	0	0	0	0	0	0	0
488000	645	687	633	330	677	687	724	863	516	530	488000	0	0	0	0	0	0	0	0	0	0
489000	690	711	576	345	771	649	653	891	560	603	489000	0	0	0	0	0	0	0	0	0	0
490000	714	736	603	384	770	647	736	866	558	530	490000	0	0	0	0	0	0	0	0	0	0
491000	658	715	631	438	682	701	610	866	543	524	491000	0	0	0	0	0	0	0	0	0	0
492000	669	702	624	378	718	721	678	785	577	524	492000	0	0	0	0	0	0	0	0	0	0
493000	690	706	564	368	701	753	570	824	678	509	493000	0	0	0	0	0	0	0	0	0	0
494000	712	666	627	397	681	807	625	771	603	579	494000	0	0	0	0	0	0	0	0	0	0
495000	666	657	588	391	631	704	692	841	572	521	495000	0	0	0	0	0	0	0	0	0	0
496000	771	644	599	385	654	750	603	727	544	554	496000	0	0	0	0	0	0	0	0	0	0
497000	657	685	544	402	592	672	561	810	553	501	497000	0	0	0	0	0	0	0	0	0	0
498000	634	582	597	416	750	625	723	756	526	515	498000	0	0	0	0	0	0	0	0	0	0
499000	578	643	580	405	633	685	725	758	525	635	499000	0	0	0	0	0	0	0	0	0	0
500000	591	685	602	405	710	698	611	801	554	577	500000	0	0	0	0	0	0	0	0	0	0
501000	654	646	618	330	672	684	540	802	603	605	501000	0	0	0	0	0	0	0	0	0	0
502000	652	691	685	367	692	604	674	713	614	651	502000	0	0	0	0	0	0	0	0	0	0
503000	724	688	591	422	708	571	662	764	602	600	503000	0	0	0	0	0	0	0	0	0	0
504000	731	718	747	431	757	607	706	794	597	626	504000	0	0	0	0	0	0	0	0	0	0
505000	680	720	713	431	786	577	645	794	566	529	505000	0	0	0	0	0	0	0	0	0	0
506000	611	706	641	407	767	656	637	753	649	626	506000	0	0	0	0	0	0	0	0	0	0
507000	720	609	655	380	640	642	741	861	664	564	507000	0	0	0	0	0	0	0	0	0	0
508000	715	559	630	418	715	576	797	804	641	610	508000	0	0	0	0	0	0	0	0	0	0
509000	733	641	651	481	650	528	799	702	637	550	509000	0	0	0	0	0	0	0	0	0	0
510000	797	627	713	389	698	534	780	828	601	583	510000	0	0	0	0	0	0	0	0	0	0
511000	747	606	719	455	760	640	707	796	559	651	511000	0	0	0	0	0	0	0	0	0	0
512000	702	644	663	377	772	707	636	821	580	623	512000	0	0	0	0	0	0	0	0	0	0
513000	656	647	593	431	761	702	550	798	546	607	513000	0	0	0	0	0	0	0	0	0	0
514000	673	664	490	425	647	707	601	761	593	575	514000	0	0	0	0	0	0	0	0	0	0
515000	675	596	446	362	558	762	617	781	627	562	515000	0	0	0	0	0	0	0	0	0	0
516000	652	698	501	430	658	664	571	792	607	660	516000	0	0	0	0	0	0	0	0	0	0
517000	670	762	446	479	653	674	599	643	601	658	517000	0	0	0	0	0	0	0	0	0	0
518000	740	770	497	439	754	692	686	849	622	623	518000	0	0	0	0	0	0	0	0	0	0
519000	732	677	585	489	731	617	629	891	605	571	519000	0	0	0	0	0	0	0	0	0	0
520000	742	592	617	411	711	644	681	782	627	620	520000	0	0	0	0	0	0	0	0	0	0
521000	788	642	639	308	663	619	697	746	577	554	521000	0	0	0	0	0	0	0	0	0	0
522000	684	654	614	342	745	693	687	855	574	525	522000	0	0	0	0	0	0	0	0	0	0
523000	740	581	655	380	742	772	642	814	602	547	523000	0	0	0	0	0	0	0	0	0	0
524000	739	618	597	426	708	763	635	880	654	638	524000	0	0	0	0	0	0	0	0	0	0
525000	740	653	608	449	675	786	646	750	598	617	525000	0	0	0	0	0	0	0	0	0	0
526000	721	612	656	363	623	725	607	738	654	544	526000	0	0	0	0	0	0	0	0	0	0
527000	810	618	689	453	565	740	557	636	598	603	527000	0	0	0	0	0	0	0	0	0	0
528000	686	647	646	436	643	766	669	739	611	626	528000	0	0	0	0	0	0	0	0	0	0
529000	638	698	658	434	696	808	762	720	572	645	529000	0	0	0	0	0	0	0	0	0	0
530000	667	707	681	460	797	848	680	705	611	637	530000	0	0	0	0	0	0	0	0	0	0
531000	683	589	713	474	633	758	684	679	614	565	531000	0	0	0	0	0	0	0	0	0	0
532000	735	603	726	433	704	739	615	758	559	465	532000	0	0	0	0	0	0	0	0	0	0
533000	737	683	681	434	706	709	680	808	580	643	533000	0	0	0	0	0	0	0	0	0	0
534000	720	665	713	388	744	749	730	895	605	617	534000	0	0	0	0	0	0	0	0	0	0
535000	730	618	666	365	777	816	664	760	611	596	535000	0	0	0	0	0	0	0	0	0	0
536000	711	619	693	399	720	771	681	760	594	518	536000	0	0	0	0	0	0	0	0	0	0
537000	614	641	652	436	827	751	667	644	520	551	537000	0	0	0	0	0	0	0	0	0	0
538000	745	610	666	400	761	825	703	678	548	536	538000	0	0	0	0	0	0	0	0	0	0
539000	730	619	693	433	756	733	672	775	564	618	539000	0	0	0	0	0	0	0	0	0	0
540000	795	690	630	381	694	775	714	864	578	603	540000	0	0	0	0	0	0	0	0	0	0
541000	714	658	682	374	699	778	716	720	548	642	541000	0	0	0	0	0	0	0	0	0	0
542000	757	608	651	394	704	813	692	837	615	671	542000	0	0	0	0	0	0	0	0	0	0
543000	739	614	701	452	622	799	722	790	654	655	543000	0	0	0	0	0	0	0	0	0	0
544000	734	652	682	479	495	793	699	923	566	557	544000	0	0	0	0	0	0	0	0	0	0
545000	685	619	638	446	672	696	652	835	659	607	545000	0	0	0	0	0	0	0	0	0	0
546000	705	598	646	359	717	729	726	752	558	511	546000	0	0	0	0	0	0	0	0	0	0
547000	641	597	681	487	726	799	711	804	592	610	547000	0	0	0	0	0	0	0	0	0	0
548000	683	679	637	420	736	721	663	790	624	638	548000	0	0	0	0	0	0	0	0	0	0
549000	672	730	645	414	640	809	700	806	608	696	549000	0	0	0	0	0	0	0	0	0	0
550000	665	733	698	429	618	693	679	741	574	548	550000	0	0	0	0	0	0	0	0	0	0
551000	718	704	577	480	683	664	669	816	610	553	551000	0	0	0	0	0	0	0	0	0	0
552000	816	659	677	491	687	739	647	809	599	543	552000	0	0	0	0	0	0	0	0	0	0
553000	735	699	597	334	596	817	667	853	593	582	553000	0	0	0	0	0	0	0	0	0	0
554000	736	680	733	381	645	704	665	844	574	604	554000	0	0	0	0	0	0	0	0	0	0
555000	805	724	718	413	615	754	679	791	556	617	555000	0	0	0	0	0	0	0	0	0	0
556000	795	669	616	429	708	766	621	870	595	547	556000	0	0	0	0	0	0	0	0	0	0
557000	707	672	676	445	707	683	742	827	547	585	557000	0	0	0	0	0	0	0	0	0	0
558000	702	672	700	392	680	845	642	819	628	531	558000	0	0	0	0	0	0	0	0	0	0
559000	660	718	685	427	753	677	725	759	608	596	559000	0	0	0	0	0	0	0	0	0	0
560000	722	656	648	421	730	709	738	727	551	598	560000	0	0	0	0	0	0	0	0	0	0
561000	682	588	732	425	693	725	712	817	565	555	561000	0	0	0	0	0	0	0	0	0	0
562000	621	619	693	402	768	783	669	743	603	511	562000	0	0	0	0	0	0	0	0	0	0
563000	682	589	671	379	713	723	707	835	580	547	563000	0	0	0	0	0	0	0	0	0	0
564000	655	645	704	381	766	689	714	786	618	548	564000	0	0	0	0	0	0	0	0	0	0
565000	718	652	708	401	814	605	756	839	565	615	565000	0	0	0	0	0	0	0	0	0	0
566000	620	585	672	370	896	674	727	868	553	537	566000	0	0	0	0	0	0	0	0	0	0
567000	732	544	690	360	768	718	691	897	576	569	567000	0	0	0	0	0	0	0	0	0	0
568000	604	542	726	400	866	752	639	813	554	592	568000	0	0	0	0	0	0	0	0	0	0
569000	692	525	649	344	791	690	622	824	578	559	569000	0	0	0	0	0	0	0	0	0	0
570000	668	576	720	381	770	797	634	769	555	624	570000	0	0	0	0	0	0	0	0	0	0
571000	581	606	686	385	716	756	668	891	514	638	571000	0	0	0	0	0	0	0	0	0	0
572000	651	600	702	352	705	707	637	837	559	633	572000	0	0	0	0	0	0	0	0	0	0
573000	730	546	666	439	705	696	652	842	574	608	573000	0	0	0	0	0	0	0	0	0	0
574000	685	705	635	374	728	697	649	783	588	577	574000	0	0	0	0	0	0	0	0	0	0
575000	579	576	611	340	699	741	631	803	592	661	575000	0	0	0	0	0	0	0	0	0	0
576000	696	638	666	372	685	748	542	766	598	646	576000	0	0	0	0	0	0	0	0	0	0
577000	624	643	706	317	703	717	616	794	597	647	577000	0	0	0	0	0	0	0	0	0	0
578000	638	634	677	357	705	791	700	786	583	607	578000	0	0	0	0	0	0	0	0	0	0
579000	603	598	719	258	731	846	613	857	607	656	579000	0	0	0	0	0	0	0	0	0	0
580000	577	611	663	313	605	852	504	892	626	602	580000	0	0	0	0	0	0	0	0	0	0
581000	582	604	622	354	735	833	589	832	516	639	581000	0	0	0	0	0	0	0	0	0	0
582000	580	622	631	410	749	717	690	816	562	652	582000	0	0	0	0	0	0	0	0	0	0
583000	581	711	652	380	778	838	623	801	612	689	583000	0	0	0	0	0	0	0	0	0	0
584000	595	700	700	343	739	802	715	786	579	626	584000	0	0	0	0	0	0	0	0	0	0
585000	689	598	761	338	719	832	708	784	533	601	585000	0	0	0	0	0	0	0	0	0	0
586000	603	618	711	303	746	749	786	817	532	629	586000	0	0	0	0	0	0	0	0	0	0
587000	556	652	686	279	793	792	726	852	529	686	587000	0	0	0	0	0	0	0	0	0	0
588000	620	602	669	261	823	738	738	791	496	625	588000	0	0	0	0	0	0	0	0	0	0
589000	595	640	715	307	695	715	749	756	550	689	589000	0	0	0	0	0	0	0	0	0	0
590000	663	633	668	384	708	719	795	796	535	601	590000	0	0	0	0	0	0	0	0	0	0
591000	601	613	651	345	733	736	726	705	582	686	591000	0	0	0	0	0	0	0	0	0	0
592000	642	640	659	339	727	775	756	755	571	656	592000	0	0	0	0	0	0	0	0	0	0
593000	638	701	579	238	788	707	742	691	546	616	593000	0	0	0	0	0	0	0	0	0	0
594000	622	642	656	294	754	822	822	746	549	668	594000	0	0	0	0	0	0	0	0	0	0
595000	707	662	721	259	777	753	771	744	578	695	595000	0	0	0	0	0	0	0	0	0	0
596000	623	669	707	255	685	680	726	815	568	650	596000	0	0	0	0	0	0	0	0	0	0
597000	628	660	738	286	847	698	865	811	600	602	597000	0	0	0	0	0	0	0	0	0	0
598000	599	654	663	247	753	694	791	882	610	607	598000	0	0	0	0	0	0	0	0	0	0
599000	596	574	667	273	838	705	736	829	588	588	599000	0	0	0	0	0	0	0	0	0	0
600000	575	579	575	251	717	756	844	802	605	685	600000	0	0	0	0	0	0	0	0	0	0
601000	683	594	714	253	791	789	801	766	546	699	601000	0	0	0	0	0	0	0	0	0	0
602000	666	639	794	268	729	802	726	761	528	831	602000	0	0	0	0	0	0	0	0	0	0
603000	683	630	686	301	799	788	862	893	526	729	603000	0	0	0	0	0	0	0	0	0	0
604000	705	613	684	269	850	865	819	834	525	738	604000	0	0	0	0	0	0	0	0	0	0
605000	561	621	687	251	727	768	727	831	645	681	605000	0	0	0	0	0	0	0	0	0	0
606000	585	568	663	298	735	714	762	870	598	639	606000	0	0	0	0	0	0	0	0	0	0
607000	623	622	719	253	727	667	724	836	605	630	607000	0	0	0	0	0	0	0	0	0	0
608000	568	656	708	281	865	808	728	780	564	602	608000	0	0	0	0	0	0	0	0	0	0
609000	600	695	615	237	731	647	715	781	596	605	609000	0	0	0	0	0	0	0	0	0	0
610000	636	650	639	239	775	728	800	824	614	641	610000	0	0	0	0	0	0	0	0	0	0
611000	569	669	709	250	773	711	827	862	561	667	611000	0	0	0	0	0	0	0	0	0	0
612000	610	614	670	273	876	801	857	788	597	737	612000	0	0	0	0	0	0	0	0	0	0
613000	559	659	654	301	829	761	820	890	593	632	613000	0	0	0	0	0	0	0	0	0	0
614000	640	659	573	327	801	722	762	822	641	658	614000	0	0	0	0	0	0	0	0	0	0
615000	625	671	612	299	790	738	800	832	662	692	615000	0	0	0	0	0	0	0	0	0	0
616000	588	593	654	323	839	684	815	709	623	556	616000	0	0	0	0	0	0	0	0	0	0
617000	702	568	663	274	788	773	759	746	589	513	617000	0	0	0	0	0	0	0	0	0	0
618000	643	655	730	271	738	763	726	810	637	642	618000	0	0	0	0	0	0	0	0	0	0
619000	628	675	767	319	728	703	775	763	604	604	619000	0	0	0	0	0	0	0	0	0	0
620000	686	752	638	301	621	699	807	790	558	668	620000	0	0	0	0	0	0	0	0	0	0
621000	667	747	740	360	740	660	749	875	650	650	621000	0	0	0	0	0	0	0	0	0	0
622000	636	703	714	300	750	680	663	889	624	653	622000	0	0	0	0	0	0	0	0	0	0
623000	613	628	756	342	707	661	701	847	627	656	623000	0	0	0	0	0	0	0	0	0	0
624000	683	612	644	293	668	730	621	781	583	618	624000	0	0	0	0	0	0	0	0	0	0
625000	665	657	639	261	798	718	831	769	566	716	625000	0	0	0	0	0	0	0	0	0	0
626000	724	704	671	292	775	782	825	743	558	660	626000	0	0	0	0	0	0	0	0	0	0
627000	770	616	798	305	714	681	780	820	610	688	627000	0	0	0	0	0	0	0	0	0	0
628000	702	610	726	314	694	651	758	803	536	633	628000	0	0	0	0	0	0	0	0	0	0
629000	685	578	685	325	763	678	737	857	581	554	629000	0	0	0	0	0	0	0	0	0	0
630000	655	599	697	287	780	631	782	729	635	556	630000	0	0	0	0	0	0	0	0	0	0
631000	654	648	719	310	820	750	851	755	580	606	631000	0	0	0	0	0	0	0	0	0	0
632000	658	654	783	355	731	770	703	796	614	677	632000	0	0	0	0	0	0	0	0	0	0
633000	637	627	729	437	846	639	798	714	624	701	633000	0	0	0	0	0	0	0	0	0	0
634000	643	609	643	420	829	714	859	713	497	634	634000	0	0	0	0	0	0	0	0	0	0
635000	586	634	735	379	713	733	762	720	573	685	635000	0	0	0	0	0	0	0	0	0	0
636000	662	598	750	383	691	731	690	802	611	705	636000	0	0	0	0	0	0	0	0	0	0
637000	668	614	744	376	713	669	715	873	697	734	637000	0	0	0	0	0	0	0	0	0	0
638000	700	579	749	397	747	715	750	760	536	674	638000	0	0	0	0	0	0	0	0	0	0
639000	646	622	716	499	617	713	739	878	597	717	639000	0	0	0	0	0	0	0	0	0	0
640000	629	598	677	418	727	604	746	812	564	633	640000	0	0	0	0	0	0	0	0	0	0
641000	656	613	736	456	716	717	756	742	634	636	641000	0	0	0	0	0	0	0	0	0	0
642000	704	520	713	386	707	608	738	856	617	651	642000	0	0	0	0	0	0	0	0	0	0
643000	647	603	799	486	771	651	827	795	615	775	643000	0	0	0	0	0	0	0	0	0	0
644000	607	670	784	421	690	654	732	784	642	662	644000	0	0	0	0	0	0	0	0	0	0
645000	639	572	725	441	762	698	802	821	611	647	645000	0	0	0	0	0	0	0	0	0	0
646000	616	523	791	452	735	665	755	927	578	582	646000	0	0	0	0	0	0	0	0	0	0
647000	658	565	772	436	667	774	723	813	619	671	647000	0	0	0	0	0	0	0	0	0	0
648000	655	586	685	397	714	764	853	864	625	652	648000	0	0	0	0	0	0	0	0	0	0
649000	609	532	692	387	611	720	772	802	535	581	649000	0	0	0	0	0	0	0	0	0	0
650000	707	614	713	436	742	710	782	751	628	620	650000	0	0	0	0	0	0	0	0	0	0
651000	713	508	724	517	723	717	800	741	544	617	651000	0	0	0	0	0	0	0	0	0	0
652000	689	552	752	531	679	712	820	809	593	724	652000	0	0	0	0	0	0	0	0	0	0
653000	696	630	742	514	645	626	799	742	539	590	653000	0	0	0	0	0	0	0	0	0	0
654000	665	555	752	457	715	578	801	721	525	685	654000	0	0	0	0	0	0	0	0	0	0
655000	754	547	858	525	662	734	690	766	599	582	655000	0	0	0	0	0	0	0	0	0	0
656000	648	578	760	497	690	727	753	760	675	470	656000	0	0	0	0	0	0	0	0	0	0
657000	710	670	717	466	659	760	811	756	607	557	657000	0	0	0	0	0	0	0	0	0	0
658000	653	654	816	426	735	704	783	782	612	573	658000	0	0	0	0	0	0	0	0	0	0
659000	664	649	798	387	776	772	805	811	612	591	659000	0	0	0	0	0	0	0	0	0	0
660000	710	717	721	452	756	791	664	765	566	563	660000	0	0	0	0	0	0	0	0	0	0
661000	621	719	694	501	808	736	587	673	532	556	661000	0	0	0	0	0	0	0	0	0	0
662000	595	554	659	541	804	802	764	799	600	532	662000	0	0	0	0	0	0	0	0	0	0
663000	666	676	753	516	794	735	694	770	605	480	663000	0	0	0	0	0	0	0	0	0	0
664000	588	712	711	559	767	699	762	805	499	563	664000	0	0	0	0	0	0	0	0	0	0
665000	695	639	743	585	858	784	731	901	623	546	665000	0	0	0	0	0	0	0	0	0	0
666000	752	626	734	493	796	735	742	860	589	601	666000	0	0	0	0	0	0	0	0	0	0
667000	721	656	671	469	748	610	812	654	606	630	667000	0	0	0	0	0	0	0	0	0	0
668000	648	636	712	566	766	659	860	759	694	689	668000	0	0	0	0	0	0	0	0	0	0
669000	609	605	762	575	815	674	675	822	622	694	669000	0	0	0	0	0	0	0	0	0	0
670000	647	632	759	562	796	628	780	848	618	741	670000	0	0	0	0	0	0	0	0	0	0
671000	731	596	772	510	810	744	814	844	583	619	671000	0	0	0	0	0	0	0	0	0	0
672000	733	632	715	608	733	680	857	889	608	627	672000	0	0	0	0	0	0	0	0	0	0
673000	735	611	767	615	811	743	858	832	573	584	673000	0	0	0	0	0	0	0	0	0	0
674000	652	625	728	487	760	775	788	849	648	654	674000	0	0	0	0	0	0	0	0	0	0
675000	642	639	747	530	817	696	809	811	570	674	675000	0	0	0	0	0	0	0	0	0	0
676000	686	554	697	601	778	752	714	720	619	622	676000	0	0	0	0	0	0	0	0	0	0
677000	681	514	819	586	768	612	757	770	624	665	677000	0	0	0	0	0	0	0	0	0	0
678000	705	664	729	585	758	760	828	774	582	658	678000	0	0	0	0	0	0	0	0	0	0
679000	714	595	839	647	790	679	760	771	624	645	679000	0	0	0	0	0	0	0	0	0	0
680000	637	575	792	609	823	723	771	756	580	698	680000	0	0	0	0	0	0	0	0	0	0
681000	672	579	756	584	821	732	795	824	582	541	681000	0	0	0	0	0	0	0	0	0	0
682000	626	593	820	574	777	695	666	838	613	613	682000	0	0	0	0	0	0	0	0	0	0
683000	627	622	747	562	832	735	711	877	669	568	683000	0	0	0	0	0	0	0	0	0	0
684000	605	627	798	589	866	795	715	831	574	644	684000	0	0	0	0	0	0	0	0	0	0
685000	656	581	777	610	748	769	736	789	673	589	685000	0	0	0	0	0	0	0	0	0	0
686000	675	704	771	589	822	700	744	748	630	705	686000	0	0	0	0	0	0	0	0	0	0
687000	716	636	808	542	806	735	741	833	612	624	687000	0	0	0	0	0	0	0	0	0	0
688000	758	577	761	593	775	735	864	846	611	580	688000	0	0	0	0	0	0	0	0	0	0
689000	661	635	755	597	893	818	815	752	560	568	689000	0	0	0	0	0	0	0	0	0	0
690000	681	661	801	591	851	710	745	855	673	644	690000	0	0	0	0	0	0	0	0	0	0
691000	685	639	844	594	735	714	813	727	594	579	691000	0	0	0	0	0	0	0	0	0	0
692000	626	644	738	575	850	707	675	839	552	649	692000	0	0	0	0	0	0	0	0	0	0
693000	712	595	767	628	846	672	720	805	620	615	693000	0	0	0	0	0	0	0	0	0	0
694000	688	672	803	652	854	642	717	800	715	661	694000	0	0	0	0	0	0	0	0	0	0
695000	671	617	828	622	720	697	723	921	653	647	695000	0	0	0	0	0	0	0	0	0	0
696000	728	587	743	619	780	577	777	956	691	723	696000	0	0	0	0	0	0	0	0	0	0
697000	687	650	674	630	757	607	668	761	620	705	697000	0	0	0	0	0	0	0	0	0	0
698000	628	589	764	635	853	662	718	794	614	728	698000	0	0	0	0	0	0	0	0	0	0
699000	596	634	815	586	779	702	697	746	695	738	699000	0	0	0	0	0	0	0	0	0	0
700000	645	588	820	640	805	622	731	851	696	748	700000	0	0	0	0	0	0	0	0	0	0
701000	690	657	774	715	864	580	751	826	607	797	701000	0	0	0	0	0	0	0	0	0	0
702000	615	641	830	613	861	709	777	868	764	760	702000	0	0	0	0	0	0	0	0	0	0
703000	631	677	787	682	834	655	632	845	748	647	703000	0	0	0	0	0	0	0	0	0	0
704000	692	676	791	622	761	638	784	792	642	702	704000	0	0	0	0	0	0	0	0	0	0
705000	698	669	794	700	769	608	679	778	591	667	705000	0	0	0	0	0	0	0	0	0	0
706000	685	578	711	710	738	703	773	782	615	750	706000	0	0	0	0	0	0	0	0	0	0
707000	709	678	733	666	830	484	834	812	705	789	707000	0	0	0	0	0	0	0	0	0	0
708000	796	694	635	585	792	598	691	879	637	740	708000	0	0	0	0	0	0	0	0	0	0
709000	695	655	762	698	860	672	688	889	603	779	709000	0	0	0	0	0	0	0	0	0	0
710000	587	623	665	696	744	595	689	919	669	737	710000	0	0	0	0	0	0	0	0	0	0
711000	609	614	695	739	713	650	717	828	683	643	711000	0	0	0	0	0	0	0	0	0	0
712000	599	638	677	690	836	586	644	874	707	750	712000	0	0	0	0	0	0	0	0	0	0
713000	590	671	741	651	801	688	709	738	593	772	713000	0	0	0	0	0	0	0	0	0	0
714000	657	594	736	625	845	669	737	855	615	766	714000	0	0	0	0	0	0	0	0	0	0
715000	662	623	687	673	893	594	757	733	679	793	715000	0	0	0	0	0	0	0	0	0	0
716000	688	614	742	746	895	563	809	793	717	793	716000	0	0	0	0	0	0	0	0	0	0
717000	696	571	663	757	808	710	682	806	717	667	717000	0	0	0	0	0	0	0	0	0	0
718000	653	580	795	682	905	671	752	825	673	797	718000	0	0	0	0	0	0	0	0	0	0
719000	684	600	690	685	772	640	786	684	606	771	719000	0	0	0	0	0	0	0	0	0	0
720000	720	691	737	603	807	655	783	782	635	824	720000	0	0	0	0	0	0	0	0	0	0
721000	702	527	695	679	814	660	682	732	650	940	721000	0	0	0	0	0	0	0	0	0	0
722000	664	590	724	666	763	663	776	863	661	798	722000	0	0	0	0	0	0	0	0	0	0
723000	603	612	833	689	697	543	881	740	737	745	723000	0	0	0	0	0	0	0	0	0	0
724000	731	636	725	681	794	590	753	704	654	730	724000	0	0	0	0	0	0	0	0	0	0
725000	673	682	727	666	788	571	814	754	588	736	725000	0	0	0	0	0	0	0	0	0	0
726000	685	657	772	685	744	531	803	760	661	793	726000	0	0	0	0	0	0	0	0	0	0
727000	674	570	820	593	755	671	768	704	717	781	727000	0	0	0	0	0	0	0	0	0	0
728000	741	583	794	631	833	681	828	710	707	818	728000	0	0	0	0	0	0	0	0	0	0
729000	691	544	731	663	762	576	759	638	714	769	729000	0	0	0	0	0	0	0	0	0	0
730000	696	629	734	624	743	630	755	771	697	720	730000	0	0	0	0	0	0	0	0	0	0
731000	709	560	762	594	766	692	697	728	674	766	731000	0	0	0	0	0	0	0	0	0	0
732000	684	583	684	725	851	609	706	759	762	664	732000	0	0	0	0	0	0	0	0	0	0
733000	569	536	848	697	802	652	667	847	687	767	733000	0	0	0	0	0	0	0	0	0	0
734000	688	617	863	665	790	616	655	795	611	746	734000	0	0	0	0	0	0	0	0	0	0
735000	678	573	781	721	829	554	727	858	613	783	735000	0	0	0	0	0	0	0	0	0	0
736000	593	589	758	706	792	623	808	714	770	648	736000	0	0	0	0	0	0	0	0	0	0
737000	697	568	735	659	810	599	859	737	691	688	737000	0	0	0	0	0	0	0	0	0	0
738000	678	597	732	701	794	595	737	759	634	630	738000	0	0	0	0	0	0	0	0	0	0
739000	609	575	748	676	848	566	770	776	649	702	739000	0	0	0	0	0	0	0	0	0	0
740000	670	550	859	645	795	553	790	700	589	666	740000	0	0	0	0	0	0	0	0	0	0
741000	702	611	738	638	778	722	819	769	644	646	741000	0	0	0	0	0	0	0	0	0	0
742000	675	616	781	680	786	640	849	816	706	658	742000	0	0	0	0	0	0	0	0	0	0
743000	578	619	704	763	768	790	899	770	667	833	743000	0	0	0	0	0	0	0	0	0	0
744000	692	571	788	630	856	748	854	790	670	754	744000	0	0	0	0	0	0	0	0	0	0
745000	636	634	803	746	814	646	889	805	551	844	745000	0	0	0	0	0	0	0	0	0	0
746000	649	656	825	745	718	765	895	861	620	745	746000	0	0	0	0	0	0	0	0	0	0
747000	728	660	774	647	898	672	808	774	640	785	747000	0	0	0	0	0	0	0	0	0	0
748000	706	637	850	626	857	591	788	795	585	838	748000	0	0	0	0	0	0	0	0	0	0
749000	748	594	793	730	893	622	801	808	599	828	749000	0	0	0	0	0	0	0	0	0	0
750000	707	631	855	704	754	718	826	793	625	752	750000	0	0	0	0	0	0	0	0	0	0
751000	704	603	730	584	715	662	819	749	593	692	751000	0	0	0	0	0	0	0	0	0	0
752000	758	578	768	657	764	637	797	743	578	680	752000	0	0	0	0	0	0	0	0	0	0
753000	798	719	794	678	795	680	808	787	552	666	753000	0	0	0	0	0	0	0	0	0	0
754000	695	654	734	694	874	750	748	735	641	679	754000	0	0	0	0	0	0	0	0	0	0
755000	785	540	859	677	795	694	777	836	682	715	755000	0	0	0	0	0	0	0	0	0	0
756000	664	559	748	775	772	674	854	829	662	721	756000	0	0	0	0	0	0	0	0	0	0
757000	718	636	793	741	797	648	671	697	591	752	757000	0	0	0	0	0	0	0	0	0	0
758000	726	683	786	715	872	591	686	724	631	658	758000	0	0	0	0	0	0	0	0	0	0
759000	686	632	766	688	825	752	754	810	588	646	759000	0	0	0	0	0	0	0	0	0	0
760000	745	669	853	764	785	728	768	776	558	700	760000	0	0	0	0	0	0	0	0	0	0
761000	776	596	869	802	772	693	763	907	519	712	761000	0	0	0	0	0	0	0	0	0	0
762000	747	628	844	790	837	697	683	881	587	756	762000	0	0	0	0	0	0	0	0	0	0
763000	755	602	785	715	859	776	747	800	585	700	763000	0	0	0	0	0	0	0	0	0	0
764000	723	606	804	719	797	701	696	717	587	715	764000	0	0	0	0	0	0	0	0	0	0
765000	651	630	787	702	787	659	798	718	686	752	765000	0	0	0	0	0	0	0	0	0	0
766000	672	539	809	708	769	693	770	733	678	759	766000	0	0	0	0	0	0	0	0	0	0
767000	579	564	726	697	852	632	720	827	622	704	767000	0	0	0	0	0	0	0	0	0	0
768000	636	548	743	790	785	579	758	842	538	731	768000	0	0	0	0	0	0	0	0	0	0
769000	753	566	747	699	856	757	763	725	542	747	769000	0	0	0	0	0	0	0	0	0	0
770000	715	579	755	700	742	683	842	858	610	722	770000	0	0	0	0	0	0	0	0	0	0
771000	665	618	800	727	791	859	760	816	687	727	771000	0	0	0	0	0	0	0	0	0	0
772000	652	661	758	627	742	671	685	731	688	694	772000	0	0	0	0	0	0	0	0	0	0
773000	705	574	924	711	798	651	663	786	659	826	773000	0	0	0	0	0	0	0	0	0	0
774000	719	616	916	689	876	649	579	703	584	749	774000	0	0	0	0	0	0	0	0	0	0
775000	685	641	843	719	787	685	706	765	687	750	775000	0	0	0	0	0	0	0	0	0	0
776000	737	665	806	731	798	720	738	840	626	769	776000	0	0	0	0	0	0	0	0	0	0
777000	711	628	771	739	730	734	710	761	786	726	777000	0	0	0	0	0	0	0	0	0	0
778000	662	576	808	649	718	753	820	821	667	731	778000	0	0	0	0	0	0	0	0	0	0
779000	677	575	831	645	783	778	762	802	678	802	779000	0	0	0	0	0	0	0	0	0	0
780000	668	629	834	692	887	699	716	783	733	764	780000	0	0	0	0	0	0	0	0	0	0
781000	732	624	866	760	851	597	644	728	715	730	781000	0	0	0	0	0	0	0	0	0	0
782000	738	635	894	693	772	608	688	812	650	720	782000	0	0	0	0	0	0	0	0	0	0
783000	687	598	861	744	760	682	770	863	721	733	783000	0	0	0	0	0	0	0	0	0	0
784000	688	639	884	740	799	656	749	825	637	653	784000	0	0	0	0	0	0	0	0	0	0
785000	711	576	893	805	780	648	704	761	710	679	785000	0	0	0	0	0	0	0	0	0	0
786000	673	531	802	721	778	761	676	745	732	696	786000	0	0	0	0	0	0	0	0	0	0
787000	673	572	827	689	920	817	570	815	685	769	787000	0	0	0	0	0	0	0	0	0	0
788000	715	648	808	788	815	741	604	735	774	812	788000	0	0	0	0	0	0	0	0	0	0
789000	700	624	796	740	745	808	671	715	741	811	789000	0	0	0	0	0	0	0	0	0	0
790000	678	582	818	724	779	644	537	756	649	738	790000	0	0	0	0	0	0	0	0	0	0
791000	724	682	876	698	803	723	527	785	733	718	791000	0	0	0	0	0	0	0	0	0	0
792000	688	701	812	703	850	662	640	837	677	822	792000	0	0	0	0	0	0	0	0	0	0
793000	772	639	750	736	702	744	664	819	731	809	793000	0	0	0	0	0	0	0	0	0	0
794000	632	602	772	841	615	675	777	757	753	807	794000	0	0	0	0	0	0	0	0	0	0
795000	786	518	803	787	710	726	653	832	696	823	795000	0	0	0	0	0	0	0	0	0	0
796000	666	576	772	740	849	716	721	840	715	766	796000	0	0	0	0	0	0	0	0	0	0
797000	717	621	751	722	759	797	699	851	698	822	797000	0	0	0	0	0	0	0	0	0	0
798000	653	688	742	762	798	741	812	789	686	820	798000	0	0	0	0	0	0	0	0	0	0
799000	796	605	802	800	776	645	780	945	663	815	799000	0	0	0	0	0	0	0	0	0	0
800000	894	632	810	804	782	773	686	737	669	805	800000	0	0	0	0	0	0	0	0	0	0
801000	839	604	792	759	792	635	831	827	638	798	801000	0	0	0	0	0	0	0	0	0	0
802000	759	582	771	747	855	724	723	655	691	805	802000	0	0	0	0	0	0	0	0	0	0
803000	847	709	731	759	860	765	861	808	553	695	803000	0	0	0	0	0	0	0	0	0	0
804000	761	740	703	820	828	707	722	807	645	699	804000	0	0	0	0	0	0	0	0	0	0
805000	822	737	814	777	843	666	751	819	639	607	805000	0	0	0	0	0	0	0	0	0	0
806000	843	738	724	722	676	657	724	773	647	736	806000	0	0	0	0	0	0	0	0	0	0
807000	874	775	730	784	751	671	863	790	710	684	807000	0	0	0	0	0	0	0	0	0	0
808000	784	709	710	826	835	793	776	730	658	671	808000	0	0	0	0	0	0	0	0	0	0
809000	803	754	653	798	826	768	916	827	722	788	809000	0	0	0	0	0	0	0	0	0	0
810000	851	686	682	836	750	799	871	747	718	808	810000	0	0	0	0	0	0	0	0	0	0
811000	743	663	725	828	768	810	876	867	633	799	811000	0	0	0	0	0	0	0	0	0	0
812000	882	640	851	803	648	774	872	940	709	694	812000	0	0	0	0	0	0	0	0	0	0
813000	696	608	745	723	663	656	860	826	725	691	813000	0	0	0	0	0	0	0	0	0	0
814000	724	617	821	855	726	739	791	724	607	768	814000	0	0	0	0	0	0	0	0	0	0
815000	762	690	736	777	643	714	841	739	653	744	815000	0	0	0	0	0	0	0	0	0	0
816000	766	672	849	742	753	768	845	830	652	767	816000	0	0	0	0	0	0	0	0	0	0
817000	801	718	849	748	774	761	881	741	742	770	817000	0	0	0	0	0	0	0	0	0	0
818000	738	691	840	707	741	724	808	807	676	745	818000	0	0	0	0	0	0	0	0	0	0
819000	728	637	875	731	733	817	618	732	590	807	819000	0	0	0	0	0	0	0	0	0	0
820000	816	705	803	755	745	722	762	698	664	691	820000	0	0	0	0	0	0	0	0	0	0
821000	757	697	784	724	786	787	881	806	663	679	821000	0	0	0	0	0	0	0	0	0	0
822000	735	709	763	812	731	727	910	801	735	731	822000	0	0	0	0	0	0	0	0	0	0
823000	852	724	725	798	743	872	733	811	737	824	823000	0	0	0	0	0	0	0	0	0	0
824000	747	686	830	786	712	784	796	841	710	748	824000	0	0	0	0	0	0	0	0	0	0
825000	771	628	746	821	786	803	818	772	656	818	825000	0	0	0	0	0	0	0	0	0	0
826000	756	678	767	841	661	721	847	839	766	713	826000	0	0	0	0	0	0	0	0	0	0
827000	753	665	730	795	722	703	825	746	713	708	827000	0	0	0	0	0	0	0	0	0	0
828000	757	687	628	818	740	726	819	832	692	652	828000	0	0	0	0	0	0	0	0	0	0
829000	819	672	768	870	762	745	801	828	718	670	829000	0	0	0	0	0	0	0	0	0	0
830000	790	648	718	783	688	762	800	760	772	647	830000	0	0	0	0	0	0	0	0	0	0
831000	810	668	703	751	765	781	882	759	716	587	831000	0	0	0	0	0	0	0	0	0	0
832000	753	725	664	728	772	726	912	732	643	664	832000	0	0	0	0	0	0	0	0	0	0
833000	775	718	756	829	758	675	849	756	696	734	833000	0	0	0	0	0	0	0	0	0	0
834000	783	620	793	794	791	591	869	857	698	727	834000	0	0	0	0	0	0	0	0	0	0
835000	787	604	743	765	692	607	882	799	710	771	835000	0	0	0	0	0	0	0	0	0	0
836000	758	672	756	826	759	764	823	869	660	669	836000	0	0	0	0	0	0	0	0	0	0
837000	799	573	821	893	805	746	903	888	663	752	837000	0	0	0	0	0	0	0	0	0	0
838000	872	667	709	684	701	711	844	799	750	655	838000	0	0	0	0	0	0	0	0	0	0
839000	741	613	782	802	808	742	759	757	790	677	839000	0	0	0	0	0	0	0	0	0	0
840000	809	654	697	747	787	738	827	761	727	801	840000	0	0	0	0	0	0	0	0	0	0
841000	797	664	720	769	830	665	902	790	753	705	841000	0	0	0	0	0	0	0	0	0	0
842000	789	628	760	834	726	643	860	886	674	674	842000	0	0	0	0	0	0	0	0	0	0
843000	771	689	729	760	760	702	756	827	749	610	843000	0	0	0	0	0	0	0	0	0	0
844000	654	682	800	820	861	695	864	791	707	651	844000	0	0	0	0	0	0	0	0	0	0
845000	666	704	722	768	830	738	865	836	769	707	845000	0	0	0	0	0	0	0	0	0	0
846000	626	648	594	745	900	754	834	810	707	732	846000	0	0	0	0	0	0	0	0	0	0
847000	623	557	587	783	751	774	853	827	665	767	847000	0	0	0	0	0	0	0	0	0	0
848000	667	647	648	777	738	787	825	816	713	842	848000	0	0	0	0	0	0	0	0	0	0
849000	674	647	672	740	736	809	801	854	735	750	849000	0	0	0	0	0	0	0	0	0	0
850000	680	596	679	852	776	736	759	725	748	787	850000	0	0	0	0	0	0	0	0	0	0
851000	767	599	726	737	838	757	749	752	830	809	851000	0	0	0	0	0	0	0	0	0	0
852000	754	604	679	742	783	699	691	802	769	833	852000	0	0	0	0	0	0	0	0	0	0
853000	735	686	841	820	821	789	813	812	862	803	853000	0	0	0	0	0	0	0	0	0	0
854000	731	707	822	852	815	766	826	827	692	744	854000	0	0	0	0	0	0	0	0	0	0
855000	742	667	858	752	765	734	787	854	715	831	855000	0	0	0	0	0	0	0	0	0	0
856000	814	629	788	776	794	700	936	731	814	858	856000	0	0	0	0	0	0	0	0	0	0
857000	684	645	786	726	756	643	838	849	761	702	857000	0	0	0	0	0	0	0	0	0	0
858000	721	640	717	837	706	692	879	755	724	823	858000	0	0	0	0	0	0	0	0	0	0
859000	747	710	759	792	711	691	857	853	779	857	859000	0	0	0	0	0	0	0	0	0	0
860000	694	610	764	645	726	694	820	749	768	856	860000	0	0	0	0	0	0	0	0	0	0
861000	754	640	764	744	782	629	854	742	742	823	861000	0	0	0	0	0	0	0	0	0	0
862000	812	696	681	754	800	677	860	917	868	761	862000	0	0	0	0	0	0	0	0	0	0
863000	701	773	630	716	782	697	717	793	761	781	863000	0	0	0	0	0	0	0	0	0	0
864000	682	706	618	860	711	677	807	786	700	703	864000	0	0	0	0	0	0	0	0	0	0
865000	723	742	650	747	809	691	733	870	690	810	865000	0	0	0	0	0	0	0	0	0	0
866000	851	719	681	933	758	689	720	854	753	811	866000	0	0	0	0	0	0	0	0	0	0
867000	771	671	624	813	697	642	774	870	745	768	867000	0	0	0	0	0	0	0	0	0	0
868000	750	599	638	762	764	615	878	822	716	822	868000	0	0	0	0	0	0	0	0	0	0
869000	812	790	535	702	800	630	961	891	691	826	869000	0	0	0	0	0	0	0	0	0	0
870000	801	726	745	833	689	615	761	869	690	863	870000	0	0	0	0	0	0	0	0	0	0
871000	779	720	790	785	775	750	775	900	709	777	871000	0	0	0	0	0	0	0	0	0	0
872000	722	727	746	776	771	734	835	784	688	833	872000	0	0	0	0	0	0	0	0	0	0
873000	663	686	788	753	826	595	849	849	786	825	873000	0	0	0	0	0	0	0	0	0	0
874000	763	764	798	746	738	703	908	844	672	876	874000	0	0	0	0	0	0	0	0	0	0
875000	705	811	780	746	795	727	841	856	701	699	875000	0	0	0	0	0	0	0	0	0	0
876000	881	782	750	774	723	709	890	835	798	814	876000	0	0	0	0	0	0	0	0	0	0
877000	808	814	659	705	720	733	891	886	749	771	877000	0	0	0	0	0	0	0	0	0	0
878000	754	708	734	752	711	689	892	850	715	817	878000	0	0	0	0	0	0	0	0	0	0
879000	774	792	744	787	638	682	806	774	639	810	879000	0	0	0	0	0	0	0	0	0	0
880000	754	784	612	760	704	657	819	793	756	865	880000	0	0	0	0	0	0	0	0	0	0
881000	750	718	678	763	767	733	848	781	804	821	881000	0	0	0	0	0	0	0	0	0	0
882000	838	814	820	817	795	758	886	839	740	718	882000	0	0	0	0	0	0	0	0	0	0
883000	703	654	825	767	739	774	779	659	799	789	883000	0	0	0	0	0	0	0	0	0	0
884000	737	687	753	701	774	666	848	781	768	780	884000	0	0	0	0	0	0	0	0	0	0
885000	713	631	725	772	750	688	948	856	747	769	885000	0	0	0	0	0	0	0	0	0	0
886000	816	699	821	737	743	679	930	765	801	840	886000	0	0	0	0	0	0	0	0	0	0
887000	769	712	728	774	571	652	932	806	751	801	887000	0	0	0	0	0	0	0	0	0	0
888000	795	702	772	753	735	676	856	820	780	792	888000	0	0	0	0	0	0	0	0	0	0
889000	850	845	796	810	702	593	873	850	789	648	889000	0	0	0	0	0	0	0	0	0	0
890000	786	776	806	834	799	662	892	810	762	774	890000	0	0	0	0	0	0	0	0	0	0
891000	763	706	790	745	687	669	882	824	845	698	891000	0	0	0	0	0	0	0	0	0	0
892000	743	682	738	738	695	653	767	781	731	699	892000	0	0	0	0	0	0	0	0	0	0
893000	798	745	689	768	653	699	864	808	850	739	893000	0	0	0	0	0	0	0	0	0	0
894000	925	768	784	774	754	679	896	813	762	721	894000	0	0	0	0	0	0	0	0	0	0
895000	764	830	783	740	720	694	813	786	767	738	895000	0	0	0	0	0	0	0	0	0	0
896000	721	854	835	780	692	697	763	806	734	786	896000	0	0	0	0	0	0	0	0	0	0
897000	706	811	804	798	712	696	873	917	794	793	897000	0	0	0	0	0	0	0	0	0	0
898000	817	753	878	853	732	737	889	811	753	724	898000	0	0	0	0	0	0	0	0	0	0
899000	750	795	856	757	715	680	971	869	742	621	899000	0	0	0	0	0	0	0	0	0	0
900000	884	724	867	829	764	710	844	836	725	653	900000	0	0	0	0	0	0	0	0	0	0
901000	838	736	841	760	693	707	919	785	703	726	901000	0	0	0	0	0	0	0	0	0	0
902000	784	762	895	670	647	668	900	852	701	680	902000	0	0	0	0	0	0	0	0	0	0
903000	678	743	868	815	585	628	917	868	626	764	903000	0	0	0	0	0	0	0	0	0	0
904000	871	766	948	653	693	635	904	774	734	667	904000	0	0	0	0	0	0	0	0	0	0
905000	824	727	809	719	621	700	849	716	730	722	905000	0	0	0	0	0	0	0	0	0	0
906000	789	705	927	728	720	651	915	727	753	745	906000	0	0	0	0	0	0	0	0	0	0
907000	753	728	812	730	737	753	900	752	773	787	907000	0	0	0	0	0	0	0	0	0	0
908000	869	739	728	654	772	672	767	813	771	793	908000	0	0	0	0	0	0	0	0	0	0
909000	776	716	750	768	800	673	958	756	837	680	909000	0	0	0	0	0	0	0	0	0	0
910000	856	883	858	713	858	651	844	872	815	787	910000	0	0	0	0	0	0	0	0	0	0
911000	770	759	777	728	770	635	707	750	784	802	911000	0	0	0	0	0	0	0	0	0	0
912000	870	801	799	732	753	655	870	766	790	662	912000	0	0	0	0	0	0	0	0	0	0
913000	750	720	842	791	783	676	730	796	766	690	913000	0	0	0	0	0	0	0	0	0	0
914000	820	801	815	811	752	649	755	795	889	702	914000	0	0	0	0	0	0	0	0	0	0
915000	578	738	834	738	701	744	798	851	941	731	915000	0	0	0	0	0	0	0	0	0	0
916000	710	822	780	789	735	776	763	737	862	793	916000	0	0	0	0	0	0	0	0	0	0
917000	778	789	883	805	663	787	834	754	792	728	917000	0	0	0	0	0	0	0	0	0	0
918000	855	823	731	733	687	774	785	779	824	842	918000	0	0	0	0	0	0	0	0	0	0
919000	795	743	794	666	759	702	780	831	789	795	919000	0	0	0	0	0	0	0	0	0	0
920000	756	821	842	752	733	689	765	813	837	819	920000	0	0	0	0	0	0	0	0	0	0
921000	760	796	929	772	776	697	883	714	863	804	921000	0	0	0	0	0	0	0	0	0	0
922000	796	752	817	780	785	806	877	781	844	903	922000	0	0	0	0	0	0	0	0	0	0
923000	728	744	874	751	745	745	858	812	768	797	923000	0	0	0	0	0	0	0	0	0	0
924000	770	784	774	763	789	681	886	824	738	803	924000	0	0	0	0	0	0	0	0	0	0
925000	636	820	848	807	677	630	834	778	779	685	925000	0	0	0	0	0	0	0	0	0	0
926000	687	825	793	877	743	743	833	790	867	781	926000	0	0	0	0	0	0	0	0	0	0
927000	764	896	899	800	843	769	872	781	821	628	927000	0	0	0	0	0	0	0	0	0	0
928000	816	832	892	632	766	728	899	721	861	751	928000	0	0	0	0	0	0	0	0	0	0
929000	786	857	860	721	756	765	876	832	683	773	929000	0	0	0	0	0	0	0	0	0	0
930000	724	835	819	689	774	730	889	784	788	862	930000	0	0	0	0	0	0	0	0	0	0
931000	780	982	908	699	704	784	912	749	811	724	931000	0	0	0	0	0	0	0	0	0	0
932000	766	835	832	692	697	770	821	684	694	728	932000	0	0	0	0	0	0	0	0	0	0
933000	762	741	801	631	684	811	770	799	796	698	933000	0	0	0	0	0	0	0	0	0	0
934000	621	766	798	798	741	766	687	691	842	866	934000	0	0	0	0	0	0	0	0	0	0
935000	697	755	763	753	764	740	808	784	736	826	935000	0	0	0	0	0	0	0	0	0	0
936000	744	749	816	626	851	692	775	744	794	790	936000	0	0	0	0	0	0	0	0	0	0
937000	716	785	771	765	768	671	848	801	823	747	937000	0	0	0	0	0	0	0	0	0	0
938000	751	851	835	754	798	739	867	838	782	800	938000	0	0	0	0	0	0	0	0	0	0
939000	690	815	810	771	756	661	805	789	837	781	939000	0	0	0	0	0	0	0	0	0	0
940000	701	747	917	782	682	785	752	698	826	805	940000	0	0	0	0	0	0	0	0	0	0
941000	730	822	816	688	724	633	833	715	773	726	941000	0	0	0	0	0	0	0	0	0	0
942000	733	818	895	695	717	662	821	764	772	803	942000	0	0	0	0	0	0	0	0	0	0
943000	733	738	793	738	723	671	809	656	728	737	943000	0	0	0	0	0	0	0	0	0	0
944000	853	729	843	861	778	803	857	763	777	846	944000	0	0	0	0	0	0	0	0	0	0
945000	737	887	765	793	671	735	854	779	808	839	945000	0	0	0	0	0	0	0	0	0	0
946000	800	675	789	803	672	644	849	764	799	760	946000	0	0	0	0	0	0	0	0	0	0
947000	794	750	812	727	730	694	963	755	842	772	947000	0	0	0	0	0	0	0	0	0	0
948000	784	871	806	763	780	749	852	794	888	768	948000	0	0	0	0	0	0	0	0	0	0
949000	796	770	849	808	625	658	944	678	805	776	949000	0	0	0	0	0	0	0	0	0	0
950000	838	856	866	757	733	681	886	717	766	708	950000	0	0	0	0	0	0	0	0	0	0
951000	759	790	820	824	748	668	759	746	770	826	951000	0	0	0	0	0	0	0	0	0	0
952000	798	860	816	780	808	596	839	781	767	783	952000	0	0	0	0	0	0	0	0	0	0
953000	783	863	800	590	783	570	855	839	752	726	953000	0	0	0	0	0	0	0	0	0	0
954000	791	766	788	810	754	532	861	778	828	865	954000	0	0	0	0	0	0	0	0	0	0
955000	662	797	884	799	820	697	865	837	718	844	955000	0	0	0	0	0	0	0	0	0	0
956000	736	745	809	831	756	649	930	734	751	754	956000	0	0	0	0	0	0	0	0	0	0
957000	759	748	724	809	766	743	852	801	826	735	957000	0	0	0	0	0	0	0	0	0	0
958000	799	700	819	830	632	722	833	782	814	721	958000	0	0	0	0	0	0	0	0	0	0
959000	746	797	794	730	642	631	868	711	697	885	959000	0	0	0	0	0	0	0	0	0	0
960000	796	913	828	910	726	711	831	829	856	745	960000	0	0	0	0	0	0	0	0	0	0
961000	715	714	730	811	801	750	852	656	894	835	961000	0	0	0	0	0	0	0	0	0	0
962000	726	659	759	824	775	700	874	719	797	705	962000	0	0	0	0	0	0	0	0	0	0
963000	890	792	797	796	829	663	954	822	777	789	963000	0	0	0	0	0	0	0	0	0	0
964000	699	830	753	827	746	678	893	842	779	702	964000	0	0	0	0	0	0	0	0	0	0
965000	703	861	807	809	793	638	804	799	769	700	965000	0	0	0	0	0	0	0	0	0	0
966000	676	843	812	780	706	648	769	753	797	769	966000	0	0	0	0	0	0	0	0	0	0
967000	705	771	737	814	673	576	801	746	844	798	967000	0	0	0	0	0	0	0	0	0	0
968000	801	870	862	810	746	600	743	793	826	772	968000	0	0	0	0	0	0	0	0	0	0
969000	765	879	727	787	763	718	779	686	830	825	969000	0	0	0	0	0	0	0	0	0	0
970000	778	913	822	793	615	676	756	766	888	767	970000	0	0	0	0	0	0	0	0	0	0
971000	683	791	841	862	723	710	798	739	763	747	971000	0	0	0	0	0	0	0	0	0	0
972000	742	823	803	700	616	642	772	795	814	737	972000	0	0	0	0	0	0	0	0	0	0
973000	805	907	829	772	650	670	681	645	762	835	973000	0	0	0	0	0	0	0	0	0	0
974000	749	847	819	848	763	679	697	743	835	816	974000	0	0	0	0	0	0	0	0	0	0
975000	729	887	842	739	727	670	760	854	822	816	975000	0	0	0	0	0	0	0	0	0	0
976000	766	777	746	760	774	742	735	731	785	737	976000	0	0	0	0	0	0	0	0	0	0
977000	721	843	807	768	757	694	794	742	788	795	977000	0	0	0	0	0	0	0	0	0	0
978000	706	843	914	791	766	708	879	759	794	721	978000	0	0	0	0	0	0	0	0	0	0
979000	668	832	821	764	772	646	840	752	690	625	979000	0	0	0	0	0	0	0	0	0	0
980000	746	845	886	796	727	608	774	752	689	817	980000	0	0	0	0	0	0	0	0	0	0
981000	659	817	833	723	710	692	814	741	595	731	981000	0	0	0	0	0	0	0	0	0	0
982000	662	826	805	834	735	771	881	717	742	789	982000	0	0	0	0	0	0	0	0	0	0
983000	740	883	813	776	781	735	790	678	713	769	983000	0	0	0	0	0	0	0	0	0	0
984000	739	868	845	824	698	684	800	760	755	760	984000	0	0	0	0	0	0	0	0	0	0
985000	831	878	880	775	805	632	857	647	877	785	985000	0	0	0	0	0	0	0	0	0	0
986000	756	820	801	785	710	667	780	691	857	867	986000	0	0	0	0	0	0	0	0	0	0
987000	699	825	859	778	743	767	754	581	821	913	987000	0	0	0	0	0	0	0	0	0	0
988000	723	896	835	746	729	723	879	759	834	798	988000	0	0	0	0	0	0	0	0	0	0
989000	678	930	766	684	721	682	811	798	769	683	989000	0	0	0	0	0	0	0	0	0	0
990000	739	874	926	821	699	617	795	815	852	724	990000	0	0	0	0	0	0	0	0	0	0
991000	759	972	881	868	705	618	855	858	820	754	991000	0	0	0	0	0	0	0	0	0	0
992000	632	914	860	714	688	641	832	752	936	727	992000	0	0	0	0	0	0	0	0	0	0
993000	622	870	852	783	707	714	822	774	891	797	993000	0	0	0	0	0	0	0	0	0	0
994000	579	908	815	782	752	794	821	835	866	767	994000	0	0	0	0	0	0	0	0	0	0
995000	639	939	724	741	747	766	782	836	796	687	995000	0	0	0	0	0	0	0	0	0	0
996000	526	827	761	755	609	620	799	847	942	720	996000	0	0	0	0	0	0	0	0	0	0
997000	561	851	843	762	790	625	889	886	846	684	997000	0	0	0	0	0	0	0	0	0	0
998000	653	851	768	757	717	706	927	755	878	815	998000	0	0	0	0	0	0	0	0	0	0
999000	598	832	937	655	723	719	743	691	820	761	999000	0	0	0	0	0	0	0	0	0	0
1000000	1	1	3	0	0	2	0	1	1	1	1000000	0	0	0	0	0	0	0	0	0	0
