0	7	8	19	8	12	13	11	11	7	17
1000	6	1	7	0	8	6	3	1	2	1
2000	15	1	1	13	4	2	1	2	2	17
3000	13	2	2	14	8	2	0	1	1	1
4000	9	2	2	16	7	1	0	8	0	6
5000	4	0	1	4	8	1	3	12	0	12
6000	0	2	0	1	5	3	11	2	0	1
7000	2	18	0	2	3	3	0	11	0	5
8000	2	4	10	10	2	3	1	12	5	10
9000	3	7	4	10	3	5	1	1	2	6
10000	1	0	3	17	1	3	0	25	1	24
11000	1	1	1	12	16	3	0	9	0	14
12000	7	4	18	8	23	7	1	13	2	8
13000	7	1	7	10	23	3	0	30	3	7
14000	3	6	39	5	25	6	0	32	2	16
15000	7	2	32	8	4	11	3	27	0	15
16000	15	0	37	0	2	17	2	28	0	23
17000	29	4	33	6	9	9	2	7	0	3
18000	30	0	18	25	8	13	4	8	2	4
19000	28	2	29	26	27	19	6	15	1	1
20000	45	3	48	13	18	11	5	10	0	0
21000	49	2	28	22	42	12	8	10	0	0
22000	51	9	16	21	28	19	0	36	0	14
23000	49	2	12	13	36	23	4	34	0	16
24000	23	10	38	13	39	22	6	19	2	8
25000	95	9	24	44	46	21	2	26	0	1
26000	84	12	10	33	61	15	10	9	2	8
27000	62	7	10	4	50	10	9	27	0	4
28000	58	17	22	10	27	14	19	29	3	3
29000	102	13	37	14	26	13	4	62	0	5
30000	81	7	29	5	48	23	26	63	2	4
31000	118	26	26	15	48	14	28	39	3	3
32000	100	9	33	3	29	20	6	31	3	8
33000	138	10	16	5	42	11	5	54	3	5
34000	158	8	34	0	20	22	1	47	0	22
35000	128	21	31	13	16	53	0	47	4	9
36000	141	20	14	35	16	15	1	44	1	7
37000	165	22	13	30	27	29	6	33	3	8
38000	121	18	24	28	29	32	4	26	1	23
39000	172	24	32	20	15	27	1	31	0	36
40000	117	18	24	9	11	51	3	31	2	32
41000	97	3	38	22	9	32	4	45	4	17
42000	157	28	31	18	25	57	11	40	8	14
43000	81	17	31	41	35	40	2	53	3	38
44000	115	11	22	25	45	45	2	43	2	30
45000	139	4	12	9	48	31	6	48	6	41
46000	197	6	13	18	30	48	0	50	4	43
47000	135	20	17	10	29	46	4	52	2	45
48000	193	8	15	16	9	68	4	54	8	48
49000	167	22	11	28	32	84	3	65	6	12
50000	149	20	11	10	52	56	3	76	0	32
51000	217	24	6	22	50	42	4	62	4	40
52000	117	11	4	49	70	50	2	72	5	51
53000	87	9	13	31	119	65	9	60	3	41
54000	108	12	34	34	134	63	3	65	2	61
55000	139	5	19	5	136	65	1	52	1	44
56000	121	5	16	20	206	60	1	64	2	22
57000	174	13	39	12	207	77	2	64	3	11
58000	188	21	47	10	160	85	2	76	4	27
59000	132	19	35	30	217	73	1	75	3	33
60000	118	15	21	29	194	77	0	82	0	48
61000	107	5	34	37	248	104	7	77	8	22
62000	107	31	17	33	204	132	3	98	8	28
63000	146	28	10	31	234	135	3	125	9	20
64000	158	46	15	33	232	128	2	98	7	33
65000	122	29	21	39	301	133	7	141	3	27
66000	130	16	14	27	286	124	3	134	4	56
67000	91	53	1	28	292	81	17	135	2	59
68000	116	39	19	74	305	113	12	118	11	32
69000	157	34	9	19	239	89	12	75	10	29
70000	162	37	7	16	224	101	3	89	9	5
71000	174	24	19	29	236	102	8	144	2	14
72000	196	16	9	29	202	141	12	149	6	37
73000	227	30	11	20	206	173	3	135	5	29
74000	173	2	14	10	303	146	3	137	15	52
75000	200	10	8	20	306	135	0	120	14	55
76000	144	12	4	10	285	145	8	112	11	23
77000	172	11	23	11	299	163	6	145	16	42
78000	182	14	18	25	251	162	12	118	14	34
79000	191	6	12	52	195	139	5	207	7	29
80000	197	7	4	32	192	156	2	135	11	50
81000	216	19	22	33	278	135	5	126	2	61
82000	226	20	25	14	275	146	5	171	7	35
83000	267	8	43	20	318	198	4	186	14	30
84000	194	12	34	27	339	224	24	182	24	36
85000	250	9	34	14	312	178	4	176	19	53
86000	211	9	23	17	286	193	4	253	11	39
87000	140	20	33	34	254	214	1	264	13	58
88000	158	25	11	30	220	226	9	283	17	73
89000	186	16	27	26	297	176	7	274	12	71
90000	192	31	19	34	319	143	16	247	24	59
91000	229	46	15	14	260	162	18	287	12	83
92000	249	55	9	25	277	173	16	243	16	91
93000	229	27	24	16	299	176	14	188	14	62
94000	269	33	36	12	289	218	41	225	16	50
95000	278	49	16	27	292	278	37	353	13	43
96000	296	88	34	23	334	263	30	322	26	56
97000	287	69	14	8	281	277	29	226	29	55
98000	292	111	26	29	375	215	23	242	25	43
99000	264	101	33	51	389	292	31	325	32	89
100000	219	107	53	27	303	300	30	311	10	120
101000	303	105	54	33	258	278	36	399	18	96
102000	307	107	54	16	344	293	44	450	22	124
103000	297	88	80	8	358	286	64	392	22	78
104000	305	86	106	21	263	225	28	362	22	42
105000	309	64	118	35	253	318	38	340	23	57
106000	288	64	147	5	337	354	22	368	20	99
107000	328	86	108	13	285	275	18	342	24	104
108000	306	65	138	8	210	194	9	391	20	132
109000	247	70	179	5	264	203	11	320	45	226
110000	266	52	117	6	244	192	30	358	32	194
111000	256	65	141	36	191	147	20	385	36	188
112000	276	103	168	10	261	225	45	406	39	159
113000	305	135	197	10	248	246	71	371	42	96
114000	339	109	159	23	252	158	55	298	26	117
115000	284	100	239	17	316	240	69	377	38	132
116000	262	79	243	20	299	246	42	364	34	153
117000	281	157	240	16	328	221	32	392	33	158
118000	243	101	288	14	341	195	38	290	38	289
119000	328	107	295	48	238	230	24	307	45	231
120000	314	109	275	22	232	271	42	314	48	190
121000	289	112	230	39	273	260	62	290	28	266
122000	248	152	274	23	210	242	55	264	51	207
123000	319	127	255	19	220	230	65	290	32	172
124000	301	117	233	16	249	205	57	301	35	205
125000	262	147	269	16	222	186	43	253	23	200
126000	253	147	198	20	332	195	39	440	34	217
127000	295	148	238	17	335	210	42	399	19	219
128000	311	136	280	30	260	160	44	356	27	274
129000	346	139	217	20	273	183	37	335	25	267
130000	319	123	312	20	250	228	73	366	24	296
131000	298	152	311	18	259	271	69	292	38	248
132000	275	122	313	18	347	259	69	350	30	300
133000	325	180	249	12	340	202	56	404	31	337
134000	260	200	367	14	273	236	110	400	35	401
135000	255	169	326	13	266	183	121	380	40	334
136000	307	144	350	37	309	177	51	382	43	379
137000	255	176	424	22	280	211	64	414	38	260
138000	305	216	428	52	337	177	62	370	31	275
139000	255	210	316	28	413	152	59	373	47	348
140000	226	180	222	18	371	210	65	345	38	323
141000	325	171	353	12	438	205	63	387	36	410
142000	208	201	263	17	356	223	91	378	37	438
143000	269	198	287	49	391	227	97	389	53	404
144000	258	254	324	54	436	203	55	328	49	351
145000	277	236	345	16	357	206	61	282	61	357
146000	235	173	320	14	291	214	82	363	52	349
147000	246	175	321	19	284	184	70	340	47	314
148000	310	134	329	31	384	211	47	351	46	376
149000	282	182	296	9	444	229	95	336	78	309
150000	334	191	244	14	376	225	93	380	80	266
151000	336	181	299	43	327	181	108	334	76	287
152000	364	201	432	38	420	252	106	334	48	316
153000	273	195	422	33	360	232	136	355	62	318
154000	221	181	372	25	416	268	154	268	62	253
155000	261	197	450	22	431	262	177	283	79	250
156000	304	177	410	23	462	259	181	298	69	246
157000	228	250	393	13	538	244	168	304	71	337
158000	274	267	424	25	438	212	138	327	75	298
159000	263	218	406	18	403	252	170	339	93	343
160000	248	205	337	12	433	224	159	319	94	323
161000	309	226	305	26	537	230	168	343	108	352
162000	290	258	387	30	495	248	124	385	132	413
163000	243	204	423	37	576	242	153	456	132	351
164000	244	154	406	9	498	257	154	431	137	397
165000	289	181	461	24	450	264	126	388	110	392
166000	317	176	378	17	515	273	168	372	150	412
167000	320	211	356	33	557	193	185	398	136	385
168000	277	215	337	28	571	194	164	456	138	359
169000	323	195	313	44	539	199	133	394	124	383
170000	298	192	377	42	584	252	180	314	150	411
171000	347	228	334	68	605	280	194	385	126	382
172000	305	215	388	25	554	299	211	447	149	378
173000	310	236	404	38	466	261	190	454	146	375
174000	281	241	396	29	541	291	177	448	183	371
175000	278	198	349	16	473	234	155	521	164	351
176000	297	234	349	19	553	208	147	543	140	308
177000	353	228	427	11	624	222	130	568	216	373
178000	272	170	432	9	553	265	166	500	213	380
179000	278	162	431	32	545	246	114	521	208	470
180000	242	152	509	17	474	244	156	471	185	355
181000	320	176	410	27	451	248	162	533	205	433
182000	304	177	469	30	496	216	217	493	216	360
183000	274	254	451	28	437	221	208	505	184	412
184000	350	219	414	36	560	215	176	501	172	336
185000	323	219	484	7	571	249	184	545	147	310
186000	276	200	419	3	569	231	173	490	140	499
187000	379	211	391	1	530	241	167	503	213	407
188000	318	220	379	18	530	230	189	501	246	416
189000	362	213	390	4	433	279	204	553	209	530
190000	384	167	345	16	507	296	180	496	208	425
191000	356	195	360	11	403	310	233	620	180	425
192000	327	162	440	10	517	309	207	541	179	388
193000	315	129	385	4	500	267	178	610	213	387
194000	267	158	423	36	468	343	207	591	237	343
195000	276	95	367	28	415	290	230	546	208	412
196000	280	147	380	9	356	338	199	524	239	354
197000	189	186	400	12	512	307	216	540	220	381
198000	221	236	365	45	473	249	150	624	242	336
199000	263	230	405	29	542	237	218	632	221	444
200000	240	236	385	25	540	335	167	668	246	454
201000	289	195	342	45	508	367	208	567	209	441
202000	268	175	287	18	553	350	208	625	237	423
203000	276	196	244	33	478	357	221	578	248	389
204000	249	203	367	16	525	314	163	578	285	492
205000	265	224	386	32	531	314	175	532	257	466
206000	218	226	450	21	608	348	208	510	225	485
207000	196	230	412	33	655	485	201	555	190	452
208000	209	230	412	31	567	449	178	628	209	455
209000	267	217	482	24	516	422	177	601	200	428
210000	209	227	425	30	522	465	179	491	216	356
211000	242	246	408	23	467	329	182	540	267	420
212000	242	202	409	35	481	437	182	529	228	423
213000	268	233	475	18	615	434	172	599	225	471
214000	278	198	375	22	579	413	174	599	217	422
215000	358	173	434	40	484	419	152	537	217	436
216000	297	145	425	44	493	463	167	650	223	428
217000	308	171	416	19	487	418	199	564	195	423
218000	299	143	375	4	681	481	169	636	202	447
219000	268	208	463	40	575	408	194	562	174	493
220000	318	207	459	28	535	384	188	591	221	464
221000	342	216	465	20	407	423	198	521	231	488
222000	300	257	385	24	580	384	169	673	256	490
223000	362	231	457	18	602	353	189	656	279	525
224000	309	190	465	28	593	445	188	631	247	456
225000	321	202	394	42	473	426	194	653	270	395
226000	283	255	435	52	552	513	226	621	261	330
227000	317	221	359	22	505	471	226	634	296	405
228000	348	183	416	15	532	413	258	590	288	377
229000	338	212	450	36	493	472	254	565	278	354
230000	308	217	414	46	564	413	264	659	249	391
231000	321	187	479	50	588	455	258	647	212	468
232000	341	235	391	29	510	526	251	576	281	476
233000	274	256	451	31	572	392	251	584	343	478
234000	222	231	427	29	584	482	237	587	272	464
235000	233	188	428	5	517	457	209	480	288	462
236000	296	165	355	16	629	426	253	510	303	404
237000	286	243	418	6	529	435	262	540	286	326
238000	262	220	468	3	510	492	224	564	277	472
239000	299	209	461	52	617	471	210	589	352	442
240000	291	179	532	29	731	468	204	547	281	446
241000	296	181	453	40	697	485	215	549	260	433
242000	325	223	480	50	665	507	196	638	276	507
243000	272	159	435	21	658	418	200	602	266	497
244000	310	139	438	25	587	445	175	628	302	481
245000	318	154	521	13	664	419	194	609	297	489
246000	302	145	567	29	607	452	249	655	288	423
247000	312	197	558	16	624	442	226	581	343	465
248000	288	148	530	19	618	441	270	583	269	481
249000	319	151	531	28	598	422	239	579	314	440
250000	288	203	508	42	675	495	232	508	239	481
251000	262	278	472	59	681	491	293	537	257	447
252000	307	263	456	58	680	452	290	579	272	443
253000	294	262	486	51	508	405	246	514	284	494
254000	283	240	406	32	610	502	181	517	278	422
255000	292	234	407	62	587	467	197	544	276	442
256000	319	261	501	89	486	498	254	565	310	399
257000	308	263	535	81	639	456	241	617	341	404
258000	314	264	503	58	538	517	302	534	299	370
259000	355	241	551	100	460	495	281	485	272	308
260000	400	236	604	109	580	540	243	505	294	354
261000	357	230	507	108	624	475	322	529	366	475
262000	318	165	505	90	522	435	291	620	365	500
263000	308	187	556	84	622	452	271	560	358	489
264000	316	213	584	87	638	526	340	557	387	431
265000	295	226	591	97	549	469	331	499	321	423
266000	309	253	624	80	615	423	345	576	344	436
267000	329	232	558	105	616	493	321	509	258	476
268000	352	242	598	99	581	395	361	566	241	426
269000	367	250	580	90	639	416	352	666	249	520
270000	398	257	595	92	604	459	369	643	226	496
271000	408	180	705	84	710	426	306	589	368	498
272000	339	195	663	52	652	465	323	659	328	502
273000	322	176	622	67	673	439	275	540	371	436
274000	340	159	507	107	664	532	287	549	371	487
275000	345	199	544	142	588	507	291	620	383	554
276000	332	223	560	124	659	443	306	553	401	410
277000	360	234	562	119	582	491	268	576	346	507
278000	361	342	490	153	632	404	306	593	396	459
279000	371	266	529	76	652	492	299	587	381	410
280000	411	271	469	116	591	444	297	606	377	396
281000	395	306	502	112	481	464	257	557	385	437
282000	292	273	532	137	570	446	265	614	411	529
283000	342	217	488	128	549	450	309	553	488	548
284000	364	201	612	132	585	451	294	526	391	518
285000	360	265	563	125	616	427	298	575	417	524
286000	359	268	582	187	631	428	282	500	440	432
287000	314	257	494	127	648	464	298	486	400	525
288000	318	236	494	142	567	479	294	539	411	469
289000	344	218	559	140	625	483	391	534	388	566
290000	364	253	524	165	543	496	371	529	341	535
291000	348	246	576	118	526	434	429	525	453	550
292000	317	244	472	118	522	456	365	539	421	471
293000	286	299	533	111	511	441	372	567	376	466
294000	312	259	551	139	564	534	371	585	390	441
295000	350	271	582	167	600	483	324	452	409	505
296000	353	282	515	139	596	504	355	464	400	478
297000	404	281	535	148	657	475	342	456	364	521
298000	351	326	570	191	636	480	306	405	387	486
299000	378	281	474	226	571	489	293	453	393	405
300000	376	260	510	233	555	541	259	538	357	508
301000	384	273	528	202	601	462	332	473	365	531
302000	383	337	533	227	671	491	359	577	399	471
303000	365	238	591	183	586	484	310	513	359	529
304000	311	263	517	212	661	499	334	499	337	540
305000	309	331	476	192	603	477	332	538	376	395
306000	319	344	555	198	498	504	322	410	474	396
307000	321	264	475	179	559	532	304	475	405	493
308000	304	285	471	225	531	560	273	461	402	525
309000	370	332	500	241	599	490	319	449	353	536
310000	402	344	500	210	551	485	323	510	421	457
311000	377	328	502	212	623	460	315	440	446	484
312000	389	377	574	249	712	441	254	492	375	516
313000	417	336	567	232	742	468	257	449	367	493
314000	442	275	483	266	688	508	313	472	407	541
315000	413	243	444	250	713	467	284	505	444	548
316000	432	275	454	261	661	485	280	515	361	602
317000	409	279	476	284	646	425	278	529	350	503
318000	350	282	500	325	579	470	338	612	372	456
319000	412	303	461	282	591	497	312	591	417	510
320000	385	325	463	278	618	444	354	501	349	582
321000	441	326	486	316	599	434	337	482	399	585
322000	410	303	521	309	585	405	350	530	354	589
323000	441	310	456	289	573	495	296	533	403	626
324000	394	321	463	262	573	477	349	564	394	654
325000	413	311	536	290	610	473	308	511	407	616
326000	437	363	535	336	532	559	319	490	410	582
327000	391	408	503	362	590	572	345	462	444	528
328000	426	370	486	336	509	510	366	485	398	516
329000	417	386	518	373	504	483	380	530	441	455
330000	411	358	631	271	516	428	309	536	440	611
331000	439	391	537	233	508	518	290	475	431	580
332000	484	330	531	338	593	365	297	514	478	521
333000	431	275	525	266	583	427	338	462	430	639
334000	482	336	595	277	640	475	210	504	453	503
335000	469	291	492	310	626	490	289	506	504	645
336000	397	299	402	367	661	461	319	437	494	570
337000	418	292	484	329	627	458	314	451	469	484
338000	382	389	534	297	609	458	327	552	445	478
339000	376	268	515	307	622	464	305	591	437	531
340000	438	358	586	313	581	460	367	567	527	554
341000	395	462	597	354	637	525	351	467	439	515
342000	441	371	522	310	607	486	266	546	404	564
343000	420	394	576	299	639	543	366	524	451	473
344000	376	363	622	329	601	485	401	535	569	459
345000	408	301	521	364	679	506	396	528	543	497
346000	359	340	682	312	700	515	452	570	439	530
347000	392	344	633	285	601	494	447	594	447	519
348000	346	299	569	348	642	494	386	538	495	544
349000	349	414	646	418	578	588	469	565	465	582
350000	345	423	627	350	588	461	397	583	414	544
351000	402	425	692	329	583	507	369	595	391	518
352000	382	394	704	357	550	500	248	553	428	510
353000	383	405	668	397	675	464	350	555	415	547
354000	453	378	596	434	679	560	434	547	427	560
355000	420	452	613	388	534	565	439	533	477	564
356000	414	438	574	447	530	530	365	514	466	531
357000	419	415	546	415	620	557	432	544	358	530
358000	425	337	636	445	561	590	434	491	381	546
359000	413	320	506	389	592	562	449	505	359	561
360000	363	332	525	363	633	516	405	526	353	564
361000	421	405	561	332	528	585	396	505	352	562
362000	462	399	613	383	714	481	456	540	332	503
363000	485	421	593	370	550	462	427	516	292	549
364000	483	399	585	338	587	442	397	470	363	513
365000	470	418	665	336	553	554	456	531	355	557
366000	476	340	693	362	595	604	439	529	336	457
367000	416	418	670	378	601	546	405	522	337	551
368000	433	415	675	379	575	505	394	575	392	557
369000	426	352	644	454	639	471	399	541	344	624
370000	436	421	626	393	554	492	436	558	328	580
371000	439	412	668	413	520	625	461	561	313	628
372000	429	378	716	367	568	548	468	596	318	570
373000	498	404	698	390	580	552	464	618	337	601
374000	441	370	726	408	437	645	451	571	304	507
375000	400	373	691	364	412	623	438	559	390	545
376000	429	437	696	387	465	625	573	585	329	538
377000	416	365	664	409	532	598	507	486	277	532
378000	456	389	559	380	424	656	485	554	326	539
379000	438	439	612	381	525	568	407	613	318	597
380000	373	415	643	404	512	672	441	593	378	555
381000	403	405	683	391	601	591	396	610	367	496
382000	402	388	586	390	488	650	434	550	355	626
383000	476	388	695	441	524	620	465	587	315	607
384000	459	448	653	403	517	606	456	580	315	538
385000	442	433	670	432	490	550	426	627	318	516
386000	426	436	643	422	470	648	448	537	283	619
387000	487	420	633	408	520	600	438	634	289	545
388000	399	436	632	469	503	634	427	596	307	542
389000	502	472	671	454	527	576	443	755	325	647
390000	449	467	668	426	521	682	431	641	307	629
391000	413	403	667	438	502	577	416	582	300	633
392000	412	403	688	409	490	558	337	601	317	671
393000	456	415	638	414	463	512	351	484	338	718
394000	462	431	668	429	459	559	355	603	315	756
395000	497	421	603	391	446	546	357	563	267	708
396000	409	348	583	428	525	606	393	632	236	653
397000	440	432	588	465	543	696	398	597	273	671
398000	506	368	566	366	566	605	462	625	335	702
399000	500	431	559	352	506	612	414	639	307	608
400000	497	397	530	327	533	578	368	629	284	735
401000	493	400	637	489	626	607	449	615	322	707
402000	435	446	655	417	566	651	415	598	295	680
403000	439	455	688	316	529	643	392	573	309	641
404000	455	389	621	403	485	594	420	635	352	710
405000	483	451	632	405	503	604	399	604	328	657
406000	475	430	598	423	498	560	367	648	277	636
407000	446	457	660	452	462	666	461	666	336	651
408000	476	510	630	478	423	762	432	776	349	609
409000	417	468	624	461	472	674	467	645	391	702
410000	394	485	564	420	518	734	451	574	338	692
411000	399	436	672	396	503	613	360	720	374	623
412000	462	451	628	402	485	565	429	691	345	683
413000	539	503	662	429	535	588	486	635	380	613
414000	444	540	621	471	531	604	399	677	372	579
415000	528	446	611	450	531	557	437	674	370	652
416000	441	454	615	468	462	555	408	760	347	649
417000	439	598	678	352	537	486	495	702	292	585
418000	491	551	710	465	519	543	407	693	348	647
419000	447	584	678	446	513	660	467	736	344	555
420000	485	602	657	453	553	601	454	667	358	563
421000	459	508	606	400	515	685	475	652	329	726
422000	487	503	640	455	512	613	458	657	320	653
423000	553	497	511	424	512	528	444	655	381	607
424000	443	575	727	425	482	490	443	664	373	566
425000	480	571	645	507	541	497	521	635	365	576
426000	518	558	700	426	567	559	460	616	392	602
427000	491	574	736	416	482	592	346	742	366	581
428000	467	660	754	448	483	558	399	636	381	625
429000	516	551	729	313	426	580	438	615	395	569
430000	501	499	629	369	553	527	453	588	422	539
431000	478	506	599	442	563	552	431	597	411	634
432000	469	487	662	346	512	570	422	632	360	654
433000	426	504	634	438	479	539	477	723	424	688
434000	540	538	612	536	553	606	467	669	419	602
435000	534	525	646	479	578	537	432	629	370	545
436000	525	555	747	454	573	584	457	693	318	535
437000	461	555	619	491	562	622	419	731	353	663
438000	477	494	733	474	504	530	422	711	370	573
439000	460	471	708	490	570	632	426	668	418	601
440000	482	550	765	449	566	561	485	704	349	655
441000	553	474	614	404	550	542	558	733	411	636
442000	495	493	677	430	518	573	549	787	326	680
443000	527	448	649	444	578	638	463	776	345	657
444000	471	498	741	462	589	665	540	757	320	677
445000	422	517	701	489	559	598	444	774	348	679
446000	440	485	634	489	521	531	444	646	348	727
447000	479	481	659	430	546	641	403	717	286	656
448000	557	487	712	415	559	579	427	769	297	676
449000	528	579	714	430	503	492	517	808	330	759
450000	434	595	789	400	526	537	510	764	317	771
451000	481	644	698	468	586	618	503	782	337	688
452000	502	617	693	406	552	580	441	741	379	704
453000	477	573	702	421	626	543	467	738	410	692
454000	527	636	650	391	529	564	417	727	323	690
455000	507	581	694	412	605	504	403	736	328	606
456000	606	559	662	434	504	529	414	788	373	667
457000	497	588	734	441	528	550	505	723	386	718
458000	591	607	743	416	574	514	523	788	380	720
459000	480	517	730	350	594	547	500	655	390	675
460000	437	532	719	421	574	490	517	756	330	610
461000	515	536	708	398	656	525	398	808	324	696
462000	527	590	714	483	532	522	451	756	344	770
463000	567	503	723	524	529	538	464	759	376	644
464000	500	568	734	425	533	607	430	724	361	687
465000	462	607	649	366	510	614	425	655	387	706
466000	548	608	625	344	540	628	451	740	357	809
467000	536	525	655	419	574	585	391	713	294	669
468000	582	635	668	453	510	602	357	782	341	718
469000	558	671	671	414	578	585	435	688	363	732
470000	553	533	701	401	584	592	396	711	341	696
471000	529	636	664	445	545	553	510	751	394	679
472000	575	564	657	421	591	534	398	780	396	722
473000	535	572	619	419	572	579	472	720	364	734
474000	528	565	706	463	575	596	494	651	317	770
475000	570	614	660	442	562	539	528	746	261	673
476000	587	638	637	387	501	573	446	739	315	682
477000	566	577	671	379	510	567	358	647	275	676
478000	527	539	775	436	643	583	360	767	353	684
479000	544	531	719	439	518	624	400	653	349	733
480000	589	521	712	454	504	629	389	690	381	706
481000	634	528	654	451	540	633	431	618	391	724
482000	612	452	711	430	552	683	442	691	365	778
483000	575	498	712	438	544	671	503	714	373	655
484000	563	491	663	409	572	646	542	630	403	766
485000	592	467	682	451	538	699	502	704	356	723
486000	558	461	653	425	488	731	530	723	379	758
487000	495	549	651	441	498	582	502	681	409	722
488000	493	528	674	469	545	609	606	699	381	796
489000	484	557	714	437	605	581	494	668	387	659
490000	536	625	733	472	628	689	541	749	453	716
491000	536	577	611	509	603	668	499	617	369	660
492000	562	578	646	449	612	583	541	719	366	689
493000	581	578	540	530	612	662	480	717	430	764
494000	510	538	651	503	553	612	576	702	380	658
495000	579	567	563	526	551	613	605	731	331	746
496000	578	568	603	526	618	700	600	620	416	764
497000	614	638	606	455	572	660	500	692	312	809
498000	576	620	699	450	604	654	512	605	376	710
499000	554	563	672	459	506	727	575	588	417	717
500000	588	654	716	468	511	750	571	602	407	662
501000	623	661	647	525	547	734	487	586	466	589
502000	524	607	711	506	572	711	515	652	426	634
503000	596	516	692	551	579	762	558	570	491	701
504000	502	486	619	538	518	700	476	567	526	629
505000	463	577	648	464	593	585	483	567	588	753
506000	476	527	677	437	612	683	502	591	524	634
507000	476	518	730	461	584	736	510	630	433	643
508000	455	489	766	483	655	778	515	686	469	630
509000	534	699	622	495	614	632	566	627	466	698
510000	526	663	683	482	592	672	533	652	501	673
511000	420	650	650	478	560	630	463	597	512	764
512000	481	570	759	455	665	504	456	644	492	765
513000	467	502	668	476	625	642	475	654	445	741
514000	492	566	701	491	563	734	524	626	424	704
515000	561	637	701	453	640	718	536	682	494	674
516000	535	682	708	417	622	779	489	608	434	654
517000	580	593	708	435	602	743	486	669	453	666
518000	558	583	665	441	590	746	548	645	531	686
519000	583	589	819	464	536	664	570	658	465	670
520000	583	535	754	383	569	692	468	649	470	766
521000	556	575	764	434	580	766	469	671	482	709
522000	533	582	753	379	529	679	553	595	510	660
523000	593	609	841	444	545	702	484	652	547	659
524000	493	567	537	471	681	660	497	689	548	653
525000	508	664	723	498	600	727	543	599	516	686
526000	575	643	699	459	605	679	422	670	431	657
527000	546	736	700	430	536	648	505	661	517	591
528000	511	674	614	489	580	673	487	596	430	640
529000	600	611	668	514	605	823	524	640	444	607
530000	638	658	703	469	580	737	548	527	533	681
531000	631	663	694	468	637	679	594	586	580	748
532000	605	549	676	513	716	708	571	577	481	617
533000	603	619	670	481	700	704	595	652	470	555
534000	646	630	611	509	672	726	547	724	518	688
535000	630	627	662	467	606	649	529	723	545	699
536000	611	650	653	433	582	720	461	654	491	584
537000	622	686	646	474	603	683	550	603	574	727
538000	549	581	632	475	522	591	565	499	560	653
539000	594	556	600	448	619	645	583	493	440	630
540000	600	492	654	440	546	735	563	597	479	633
541000	593	551	562	463	558	620	504	596	493	619
542000	526	457	626	417	613	663	553	668	520	570
543000	566	490	606	414	715	698	515	683	426	587
544000	534	572	637	407	597	670	514	701	437	547
545000	625	582	633	425	577	694	602	669	403	578
546000	619	623	609	458	627	729	548	635	471	629
547000	597	554	614	425	602	741	466	715	430	639
548000	632	516	752	457	646	718	564	643	416	684
549000	657	530	718	508	602	799	623	674	438	638
550000	526	597	632	426	623	685	660	688	467	651
551000	641	487	613	417	568	654	516	674	416	627
552000	568	552	574	474	537	693	582	695	484	619
553000	529	532	647	432	582	647	578	647	483	704
554000	568	495	726	461	593	773	737	697	497	639
555000	551	531	739	421	608	823	585	637	491	631
556000	473	512	700	429	655	816	599	724	480	603
557000	466	504	643	437	644	766	569	737	507	559
558000	505	514	748	413	607	754	525	648	486	611
559000	538	553	751	436	557	712	551	691	506	618
560000	554	555	700	444	666	584	578	699	457	619
561000	577	549	599	459	657	637	641	638	497	631
562000	576	510	704	439	597	668	640	679	542	609
563000	588	497	688	482	684	642	606	608	485	623
564000	538	461	671	475	605	716	672	682	522	594
565000	624	441	614	416	661	695	680	752	516	642
566000	597	457	678	487	614	804	644	683	506	650
567000	639	517	685	445	571	830	675	623	484	649
568000	586	503	606	544	525	702	650	575	494	583
569000	547	545	614	498	622	633	618	684	534	562
570000	649	529	648	504	665	751	685	703	502	594
571000	573	446	599	532	630	715	693	612	580	588
572000	618	439	641	517	657	770	652	604	573	644
573000	686	481	646	464	700	670	669	695	501	593
574000	618	436	655	483	637	692	653	626	487	616
575000	555	516	646	449	571	648	695	636	494	718
576000	632	467	620	424	569	717	671	552	570	660
577000	638	475	593	430	613	700	676	707	512	659
578000	567	446	609	416	599	662	611	645	490	658
579000	608	509	563	504	603	740	672	664	535	689
580000	619	456	547	454	587	550	664	634	508	609
581000	727	509	571	473	494	691	699	625	551	639
582000	653	494	552	416	563	733	675	721	470	597
583000	630	520	549	461	492	726	772	682	541	624
584000	613	545	517	505	620	733	671	681	658	664
585000	680	500	561	499	615	723	694	629	629	634
586000	732	556	542	510	676	723	715	717	556	623
587000	666	514	537	536	604	805	674	716	491	646
588000	650	439	581	506	567	720	713	741	582	766
589000	619	416	638	468	558	760	636	719	529	647
590000	701	412	587	431	526	734	619	679	490	741
591000	720	514	599	424	468	669	640	661	551	712
592000	687	490	627	427	440	819	643	797	557	620
593000	646	431	617	369	459	705	626	730	572	575
594000	693	506	629	511	537	705	783	775	526	602
595000	631	494	647	364	554	741	751	701	488	600
596000	673	469	587	438	541	684	685	708	524	637
597000	594	552	722	466	585	712	619	716	493	676
598000	645	599	577	490	529	650	604	689	522	628
599000	616	554	611	465	506	712	627	659	605	686
600000	648	526	605	531	620	765	575	715	593	602
601000	641	607	680	516	528	695	702	663	529	730
602000	664	544	670	445	584	682	699	695	574	682
603000	638	446	649	470	643	697	609	613	618	642
604000	607	435	585	506	634	698	605	678	482	569
605000	613	532	611	443	582	756	644	813	531	632
606000	611	449	587	503	653	671	649	764	538	573
607000	572	489	635	486	588	728	691	717	610	718
608000	590	523	668	428	651	743	645	669	603	655
609000	636	560	617	462	602	622	607	644	516	707
610000	567	480	663	432	581	663	630	656	471	630
611000	560	526	692	430	587	697	661	726	526	630
612000	507	509	639	474	639	689	603	706	565	571
613000	566	528	665	499	664	764	726	720	612	638
614000	542	506	682	486	559	717	644	702	591	680
615000	726	449	614	511	613	671	788	678	635	611
616000	665	502	613	563	681	709	619	708	554	548
617000	734	476	687	449	622	648	678	803	469	618
618000	650	452	649	483	644	661	612	705	643	644
619000	697	411	557	457	640	781	723	722	553	681
620000	707	396	600	494	593	784	659	727	501	634
621000	757	502	587	462	530	892	683	727	518	629
622000	759	478	575	510	584	774	689	740	550	653
623000	739	510	568	484	678	736	669	764	663	673
624000	724	468	552	491	620	629	634	672	582	663
625000	684	496	540	498	635	689	687	773	645	652
626000	725	519	556	513	623	684	642	649	694	656
627000	673	507	491	469	621	695	672	750	651	629
628000	692	515	432	484	554	682	616	650	671	708
629000	731	593	500	432	565	688	606	661	722	657
630000	757	518	532	521	489	739	655	577	659	640
631000	712	570	548	527	563	653	655	600	651	650
632000	642	489	523	495	605	807	646	680	624	632
633000	553	478	511	542	571	673	640	612	682	608
634000	528	535	546	525	670	736	727	666	693	646
635000	629	395	569	478	583	678	673	607	689	636
636000	676	543	543	408	624	714	684	679	739	606
637000	661	489	513	456	680	833	630	623	657	612
638000	634	448	539	465	656	745	671	660	693	625
639000	689	397	499	493	632	768	663	668	648	677
640000	686	562	424	507	623	657	664	587	653	599
641000	724	634	521	462	641	733	624	621	741	757
642000	584	534	585	474	646	668	713	723	577	694
643000	655	584	558	485	714	697	583	711	626	652
644000	662	536	523	529	639	573	657	659	653	593
645000	727	460	571	450	669	585	575	656	622	605
646000	741	453	654	469	511	551	620	764	608	658
647000	715	520	546	500	630	608	564	688	726	646
648000	667	425	559	440	716	631	606	644	668	670
649000	740	504	505	460	648	648	613	728	613	648
650000	727	433	582	489	696	700	766	684	537	588
651000	735	458	667	520	696	655	655	640	671	650
652000	699	445	578	503	619	641	751	639	723	566
653000	764	496	634	534	539	789	679	583	680	639
654000	710	577	587	515	652	774	813	574	603	540
655000	654	420	562	528	634	606	712	480	678	648
656000	676	383	718	515	655	699	695	607	648	588
657000	690	470	654	545	622	721	668	640	678	679
658000	678	510	656	521	627	720	616	699	643	658
659000	633	475	499	493	573	724	636	622	723	589
660000	669	511	558	532	644	667	782	548	686	723
661000	662	511	454	566	639	748	637	676	646	698
662000	596	443	495	554	631	667	671	765	599	678
663000	640	455	524	571	521	676	715	738	706	696
664000	623	524	515	528	441	788	621	705	688	678
665000	599	492	534	562	477	671	591	600	778	628
666000	695	541	503	536	525	823	615	617	662	534
667000	636	419	560	527	558	713	592	742	683	585
668000	689	504	588	587	581	732	607	757	639	614
669000	677	478	502	548	597	740	592	668	694	675
670000	722	545	551	511	629	782	720	631	615	663
671000	619	451	563	562	586	727	651	741	685	632
672000	742	457	535	560	563	682	652	741	728	671
673000	719	501	550	564	640	728	623	669	711	658
674000	687	399	536	551	574	629	664	677	623	730
675000	696	447	525	584	704	719	619	690	684	678
676000	723	413	430	574	604	650	676	604	701	707
677000	674	428	413	512	559	772	745	709	661	660
678000	672	478	492	498	671	662	690	762	573	668
679000	595	492	480	558	658	680	618	692	652	685
680000	594	488	520	499	714	759	648	720	664	666
681000	764	394	444	477	624	605	574	646	642	706
682000	592	406	464	468	661	601	665	705	538	671
683000	684	560	480	501	698	613	599	657	759	719
684000	679	580	516	557	687	706	675	569	699	683
685000	682	536	459	577	651	672	681	665	712	680
686000	806	550	466	531	653	727	659	727	611	659
687000	744	432	515	514	598	737	687	770	634	678
688000	716	487	535	471	591	700	723	733	700	704
689000	776	445	577	546	510	693	499	777	814	672
690000	677	449	429	477	605	664	596	703	697	617
691000	645	444	575	530	529	767	632	662	679	617
692000	620	455	532	584	476	707	565	670	615	578
693000	685	528	457	577	666	750	578	667	600	570
694000	690	524	542	561	541	653	615	642	631	587
695000	728	464	564	522	585	675	619	761	669	692
696000	680	429	514	510	576	721	554	759	629	729
697000	686	506	577	525	666	749	689	717	664	636
698000	767	553	524	550	612	703	606	627	729	679
699000	673	438	508	583	504	739	639	701	725	752
700000	725	433	451	469	481	714	590	717	730	724
701000	664	453	492	556	600	696	719	717	763	718
702000	658	450	385	520	540	709	722	789	735	657
703000	604	443	471	488	641	727	625	761	690	657
704000	679	477	537	513	515	670	723	820	633	660
705000	659	410	485	540	523	630	642	845	694	721
706000	723	453	482	531	564	695	670	791	644	654
707000	776	447	481	527	589	689	573	799	694	732
708000	689	407	544	450	559	672	656	681	683	797
709000	735	429	557	461	565	736	666	649	754	700
710000	691	439	622	495	523	779	681	728	697	706
711000	680	539	545	516	630	681	684	737	671	725
712000	662	503	635	550	532	734	713	737	620	797
713000	655	497	605	447	472	650	684	707	587	699
714000	705	442	655	511	557	713	607	765	668	719
715000	665	433	668	483	581	701	548	735	640	802
716000	695	448	647	529	559	620	626	776	690	733
717000	712	469	582	548	627	694	579	690	632	609
718000	700	421	534	564	644	695	629	740	636	655
719000	749	452	525	587	617	729	729	718	629	679
720000	700	397	649	524	608	722	679	696	653	730
721000	715	348	583	444	672	620	654	726	699	779
722000	670	464	554	448	620	606	669	762	631	789
723000	703	438	550	480	584	688	735	792	654	722
724000	728	437	524	531	681	664	685	754	684	655
725000	763	407	527	492	628	712	733	670	673	647
726000	748	563	594	480	625	668	751	775	734	637
727000	689	501	597	507	460	732	759	733	719	622
728000	717	458	582	486	446	674	646	808	703	544
729000	672	473	688	530	534	572	563	678	750	610
730000	694	410	627	499	495	633	740	799	742	626
731000	659	527	650	502	576	655	736	703	704	696
732000	657	554	633	528	635	689	666	786	700	739
733000	629	510	565	476	678	706	659	753	648	616
734000	677	460	579	520	754	625	672	792	716	634
735000	760	556	637	458	696	622	641	701	667	689
736000	764	409	598	499	569	673	801	648	724	606
737000	767	532	618	470	454	710	667	676	740	615
738000	804	399	630	493	548	745	747	671	796	559
739000	755	420	543	467	613	811	712	832	747	755
740000	718	459	575	478	654	647	534	739	653	631
741000	736	438	660	484	636	645	685	796	685	633
742000	760	442	626	532	673	646	754	725	680	681
743000	727	452	700	489	665	756	693	793	614	744
744000	776	501	731	578	702	729	618	708	697	652
745000	734	471	689	561	733	623	668	725	650	669
746000	704	529	629	543	667	757	670	705	593	645
747000	776	480	575	511	695	710	662	709	539	631
748000	697	404	571	532	689	691	697	751	734	588
749000	753	471	551	534	675	615	690	671	650	601
750000	743	468	624	506	652	640	696	695	716	740
751000	727	452	686	479	678	700	688	675	649	622
752000	834	618	656	464	631	678	714	721	700	588
753000	718	642	643	526	527	716	684	644	652	625
754000	775	573	533	490	654	689	665	781	617	646
755000	707	508	547	445	578	650	696	778	654	649
756000	767	588	637	462	662	683	586	756	653	639
757000	658	593	611	515	708	679	625	760	637	674
758000	738	503	580	477	617	671	610	695	777	538
759000	766	441	585	589	837	678	624	698	583	541
760000	758	469	563	528	726	659	650	717	513	574
761000	609	507	573	512	746	672	727	784	718	626
762000	672	426	636	529	680	746	700	840	699	651
763000	618	569	776	548	609	730	567	648	672	574
764000	695	586	752	504	665	687	605	685	634	524
765000	745	553	662	525	728	816	699	737	648	623
766000	769	579	665	578	716	724	671	748	639	576
767000	775	638	615	505	819	702	729	779	631	662
768000	772	615	611	520	749	636	668	648	715	639
769000	794	594	637	526	682	734	658	653	602	619
770000	825	579	695	548	593	614	694	744	599	615
771000	747	514	656	593	695	803	598	697	636	681
772000	805	598	574	552	719	728	574	792	687	649
773000	733	597	644	488	627	699	612	864	669	638
774000	744	570	621	526	672	717	714	654	680	619
775000	754	575	524	474	682	633	688	786	685	563
776000	797	512	620	563	687	660	699	777	729	645
777000	775	737	579	558	609	725	612	700	703	557
778000	706	680	564	492	672	704	690	742	640	541
779000	690	692	611	485	755	668	769	716	669	608
780000	727	623	678	536	729	680	690	708	645	506
781000	726	617	635	453	607	677	740	675	634	569
782000	806	578	629	583	739	738	677	759	647	607
783000	747	586	591	519	796	683	769	761	714	592
784000	771	631	637	505	757	737	728	696	569	650
785000	708	648	623	585	717	731	726	725	604	659
786000	656	735	595	508	696	681	658	752	617	653
787000	730	671	651	520	787	654	809	683	604	728
788000	774	591	647	557	661	636	620	724	624	624
789000	754	677	643	557	706	705	592	772	652	620
790000	801	676	608	552	711	667	751	764	654	596
791000	729	706	531	501	726	726	647	706	649	581
792000	715	678	515	531	731	727	651	730	644	531
793000	679	664	613	551	802	746	705	769	618	637
794000	699	601	564	546	655	768	718	784	653	639
795000	741	531	550	529	694	725	679	796	585	610
796000	728	542	641	518	628	662	747	708	732	601
797000	631	599	570	571	618	662	721	774	750	631
798000	650	649	592	497	633	718	744	722	689	664
799000	580	653	573	545	722	685	733	790	650	582
800000	688	726	608	536	665	635	722	727	701	599
801000	688	625	595	592	672	673	713	728	647	566
802000	722	590	613	503	705	729	771	701	538	600
803000	739	647	597	574	664	727	637	688	605	539
804000	744	660	608	615	717	685	682	732	626	576
805000	747	606	556	617	688	701	688	761	634	632
806000	676	585	611	607	639	690	727	686	632	636
807000	669	622	563	549	674	602	624	763	692	560
808000	624	563	560	626	649	722	635	696	632	571
809000	666	568	602	529	781	695	619	689	671	600
810000	678	614	603	544	751	657	732	682	660	648
811000	689	684	655	534	689	573	777	721	737	587
812000	759	671	626	530	606	747	769	763	688	598
813000	649	698	513	550	785	734	681	752	668	542
814000	709	663	577	525	692	632	707	766	694	600
815000	687	677	587	467	678	668	618	688	695	593
816000	721	651	513	491	714	658	749	658	567	592
817000	737	644	639	523	803	558	665	640	654	541
818000	715	623	653	547	709	652	703	678	561	461
819000	621	556	647	594	769	633	683	743	595	490
820000	644	669	679	529	726	609	693	663	617	610
821000	678	660	607	555	686	754	797	680	682	567
822000	736	638	515	537	593	785	703	752	548	614
823000	733	581	668	527	658	678	712	730	660	642
824000	633	609	707	543	686	690	749	703	585	604
825000	703	548	662	527	779	564	707	662	647	669
826000	816	616	635	552	656	607	662	722	599	556
827000	797	584	651	417	746	566	697	710	635	564
828000	804	630	653	511	637	630	671	670	619	614
829000	877	610	554	505	765	635	724	518	642	626
830000	869	707	611	542	665	696	701	666	588	607
831000	776	636	525	541	728	707	698	664	660	596
832000	806	643	625	525	666	695	826	718	531	565
833000	727	714	568	544	740	656	739	737	593	614
834000	773	752	519	525	770	625	731	762	534	569
835000	744	738	632	490	783	645	655	797	605	584
836000	866	569	640	478	705	705	742	814	529	636
837000	926	644	646	502	749	781	687	779	604	669
838000	816	700	730	515	751	732	700	757	576	591
839000	790	732	766	608	664	657	830	858	707	636
840000	781	706	651	527	741	691	744	740	541	629
841000	771	752	606	544	758	719	713	823	621	566
842000	821	722	644	572	712	708	641	752	540	563
843000	747	684	623	611	770	675	663	760	596	616
844000	734	620	675	530	722	614	678	774	618	571
845000	745	711	676	514	614	657	766	742	649	616
846000	762	732	671	568	576	694	712	822	658	609
847000	786	683	724	510	644	679	704	790	643	540
848000	845	677	671	520	705	679	779	762	598	560
849000	751	774	729	570	661	619	691	800	720	531
850000	913	739	640	651	686	604	589	740	672	574
851000	756	660	675	600	654	566	547	691	615	584
852000	783	602	710	609	604	606	711	741	635	571
853000	732	591	666	532	649	601	670	741	709	690
854000	750	679	764	573	647	696	733	682	679	554
855000	799	576	717	514	649	744	701	762	682	560
856000	919	731	684	553	647	650	741	700	651	557
857000	881	675	695	472	691	623	723	610	675	585
858000	813	677	744	511	594	570	678	765	706	598
859000	723	743	731	583	672	656	774	702	670	610
860000	754	694	582	585	591	725	699	689	751	607
861000	713	677	627	570	669	676	720	817	696	532
862000	738	681	709	625	702	752	684	706	643	481
863000	777	704	702	591	637	712	725	788	581	523
864000	747	569	715	546	642	616	664	735	564	578
865000	740	648	795	546	635	679	746	774	602	590
866000	730	708	658	508	690	659	646	724	648	672
867000	769	653	651	552	746	698	628	737	671	550
868000	685	717	550	516	693	635	634	615	626	581
869000	733	673	636	512	627	637	723	595	704	594
870000	728	799	615	614	653	586	723	683	627	586
871000	779	698	585	555	693	608	654	755	655	621
872000	733	644	669	551	693	547	707	742	642	648
873000	706	669	651	550	711	618	757	841	706	581
874000	782	703	779	500	782	603	757	700	730	630
875000	756	569	706	529	692	585	753	767	679	590
876000	784	418	691	520	745	624	664	724	630	587
877000	776	653	685	517	636	648	740	660	674	556
878000	797	636	759	496	657	568	695	740	649	524
879000	783	651	724	546	622	622	755	718	725	615
880000	783	641	694	592	700	628	758	781	765	551
881000	844	687	812	648	684	692	731	740	663	514
882000	801	699	650	569	636	629	647	788	645	610
883000	791	616	652	588	648	619	687	712	619	579
884000	780	584	651	575	668	649	676	728	603	589
885000	776	625	700	552	720	627	621	728	568	602
886000	776	646	729	530	733	630	694	757	639	565
887000	715	723	676	451	678	568	707	704	703	547
888000	780	668	721	489	699	604	717	652	662	581
889000	682	652	714	503	721	572	719	749	620	499
890000	677	669	813	551	755	549	743	714	716	556
891000	849	619	650	464	702	623	662	708	669	575
892000	706	624	762	487	769	604	726	653	707	645
893000	678	671	628	558	749	614	719	614	727	529
894000	754	730	705	531	732	687	743	694	738	610
895000	687	738	660	541	641	668	750	696	631	586
896000	738	680	639	419	710	628	707	781	608	537
897000	712	652	683	516	755	618	698	717	636	556
898000	779	608	647	493	689	581	640	811	612	567
899000	755	583	717	524	700	529	754	695	670	530
900000	758	593	643	575	750	515	704	808	772	556
901000	777	576	729	562	644	542	674	777	688	615
902000	745	604	707	481	613	538	595	748	723	599
903000	817	637	794	486	674	526	592	702	638	552
904000	808	642	756	471	603	597	655	712	572	619
905000	744	550	776	531	701	620	716	718	700	584
906000	727	601	747	470	738	599	662	697	605	519
907000	815	560	786	552	698	601	699	745	697	532
908000	732	533	716	523	719	595	585	683	618	604
909000	819	511	736	509	658	551	601	757	594	538
910000	699	638	665	497	698	577	601	713	681	533
911000	762	658	700	500	633	576	581	759	769	610
912000	760	671	704	470	667	488	722	699	757	631
913000	750	672	730	533	671	571	673	668	687	599
914000	750	698	737	542	690	512	623	652	693	563
915000	761	652	673	531	617	532	686	648	701	598
916000	683	693	657	455	678	516	704	665	710	526
917000	783	622	599	477	706	475	658	670	620	568
918000	797	695	755	438	718	546	687	736	645	503
919000	713	652	735	510	741	593	798	676	674	479
920000	685	676	692	511	641	683	730	662	725	592
921000	733	673	704	505	603	607	619	710	520	535
922000	698	550	691	479	714	592	728	744	652	625
923000	687	639	665	542	668	599	635	716	648	679
924000	745	636	678	537	633	566	669	752	682	666
925000	752	729	741	486	657	586	661	708	692	643
926000	830	673	656	512	716	613	728	667	696	597
927000	747	608	681	546	752	706	663	691	677	533
928000	812	570	719	523	674	656	692	680	665	482
929000	816	690	757	526	733	572	623	606	598	597
930000	810	711	733	574	726	494	675	662	623	553
931000	795	812	790	563	741	543	560	709	724	594
932000	743	756	763	524	778	546	762	721	740	518
933000	633	774	702	523	772	518	795	687	679	577
934000	742	680	700	521	724	535	729	660	720	575
935000	773	674	785	607	750	582	647	678	714	604
936000	791	759	727	516	765	638	671	610	646	552
937000	795	683	692	502	784	634	658	666	645	478
938000	773	672	727	454	688	551	585	638	731	600
939000	771	685	710	499	592	572	644	618	690	558
940000	762	535	785	477	633	670	680	711	672	553
941000	748	599	809	530	704	631	600	771	714	495
942000	802	721	821	504	719	590	597	728	711	550
943000	753	675	753	536	685	546	639	807	732	491
944000	721	635	720	479	738	491	642	699	664	502
945000	820	583	754	512	734	532	635	701	629	497
946000	817	634	727	488	696	532	635	724	681	548
947000	824	676	781	536	641	519	704	751	631	552
948000	781	728	778	517	519	630	690	628	728	537
949000	785	704	797	567	672	556	651	742	590	544
950000	809	680	768	572	677	599	607	614	653	535
951000	740	734	699	471	715	518	606	698	680	527
952000	790	637	777	572	727	442	749	686	727	538
953000	810	656	795	582	704	479	741	752	698	504
954000	816	643	709	612	673	476	704	650	731	514
955000	820	675	694	575	659	521	713	770	771	575
956000	846	712	686	587	745	475	724	821	745	546
957000	793	676	691	584	668	443	795	723	766	583
958000	739	700	763	597	719	463	701	770	741	606
959000	824	708	794	512	667	492	705	746	679	579
960000	904	712	750	509	725	471	728	734	774	584
961000	876	783	768	531	733	474	777	734	645	576
962000	821	771	792	503	761	436	638	735	635	579
963000	700	738	736	551	695	492	670	730	736	621
964000	738	779	783	568	738	568	683	742	688	601
965000	716	699	735	456	705	483	717	651	648	561
966000	793	654	795	563	748	449	645	663	635	617
967000	761	649	773	485	717	471	696	713	606	631
968000	849	679	779	516	712	554	588	784	610	630
969000	773	719	783	510	742	498	663	753	535	687
970000	860	685	828	500	716	533	646	806	569	600
971000	780	574	849	550	705	521	538	786	727	607
972000	918	639	777	588	622	540	653	737	705	640
973000	726	725	771	513	647	572	689	810	735	660
974000	836	667	786	536	725	573	648	844	750	613
975000	775	705	732	501	769	713	676	752	710	579
976000	712	668	834	560	721	594	653	796	789	598
977000	784	736	835	596	665	570	678	908	785	580
978000	773	627	700	601	625	588	790	813	684	572
979000	789	685	743	521	631	639	781	822	772	564
980000	767	707	751	583	617	649	635	826	680	639
981000	788	657	747	584	660	567	637	827	768	559
982000	771	780	739	599	711	569	634	828	744	657
983000	760	769	799	517	683	590	674	700	686	606
984000	589	685	750	543	747	579	685	855	712	697
985000	773	737	799	564	662	594	575	850	773	580
986000	765	768	840	558	684	586	568	928	706	560
987000	704	708	750	544	676	593	628	825	654	574
988000	759	764	663	627	623	632	737	810	668	645
989000	746	687	861	588	607	566	597	778	694	580
990000	818	719	818	600	639	568	672	809	625	556
991000	830	719	738	540	571	598	648	720	700	576
992000	766	647	760	553	645	608	674	762	660	555
993000	770	721	752	550	620	637	718	655	650	540
994000	820	670	794	576	587	583	672	783	660	665
995000	843	640	747	553	603	550	652	798	647	614
996000	922	711	813	610	538	529	708	837	668	559
997000	850	609	743	606	590	663	652	793	696	494
998000	799	626	859	620	578	702	673	847	673	562
999000	914	685	777	626	565	678	607	742	721	546
1000000	1	0	2	0	1	0	0	0	0	0
