0	7	8	19	8	12	13	11	11	7	17	0	4	8	14	15	9	17	9	12	8	14
1000	6	1	7	0	8	6	3	1	2	1	1000	7	1	9	4	0	6	3	1	1	2
2000	15	1	1	13	4	2	1	2	2	17	2000	6	0	2	8	0	8	3	2	4	10
3000	13	2	2	14	8	2	0	1	1	1	3000	6	1	1	1	11	2	4	0	0	5
4000	9	2	2	16	7	1	0	8	0	6	4000	10	2	3	4	13	0	2	16	3	2
5000	4	0	1	4	8	1	3	12	0	12	5000	5	0	2	0	8	3	6	6	0	12
6000	0	2	0	1	5	3	11	2	0	1	6000	2	1	3	1	2	4	7	15	1	2
7000	2	18	0	2	3	3	0	11	0	5	7000	0	8	0	3	5	13	0	9	1	0
8000	2	4	10	10	2	3	1	12	5	10	8000	1	4	2	8	4	6	1	14	1	12
9000	3	7	4	10	3	5	1	1	2	6	9000	3	3	3	7	2	11	1	4	0	8
10000	1	0	3	17	1	3	0	25	1	24	10000	1	2	1	7	5	20	0	17	3	17
11000	1	1	1	12	16	3	0	9	0	14	11000	2	1	0	12	10	18	0	8	2	18
12000	7	4	18	8	23	7	1	13	2	8	12000	7	4	24	12	18	18	2	17	9	10
13000	7	1	7	10	23	3	0	30	3	7	13000	1	0	20	6	49	9	0	21	4	9
14000	3	6	39	5	25	6	0	32	2	16	14000	3	14	55	7	19	13	1	35	2	13
15000	7	2	32	8	4	11	3	27	0	15	15000	1	3	43	8	2	3	5	23	4	19
16000	15	0	37	0	2	17	2	28	0	23	16000	4	4	34	0	9	10	1	31	0	35
17000	29	4	33	6	9	9	2	7	0	3	17000	29	2	36	6	2	18	12	16	0	6
18000	30	0	18	25	8	13	4	8	2	4	18000	52	1	18	17	20	28	8	11	1	2
19000	28	2	29	26	27	19	6	15	1	1	19000	40	0	26	16	31	28	8	17	1	5
20000	45	3	48	13	18	11	5	10	0	0	20000	49	5	64	6	14	19	5	9	1	2
21000	49	2	28	22	42	12	8	10	0	0	21000	56	4	54	12	34	25	3	11	2	2
22000	51	9	16	21	28	19	0	36	0	14	22000	67	18	21	8	24	32	1	20	0	14
23000	49	2	12	13	36	23	4	34	0	16	23000	59	5	22	6	25	36	3	20	2	9
24000	23	10	38	13	39	22	6	19	2	8	24000	30	11	29	14	42	38	1	27	3	10
25000	95	9	24	44	46	21	2	26	0	1	25000	163	19	15	7	51	73	0	25	1	4
26000	84	12	10	33	61	15	10	9	2	8	26000	87	9	12	13	66	41	7	12	1	4
27000	62	7	10	4	50	10	9	27	0	4	27000	86	10	11	7	62	44	10	32	4	14
28000	58	17	22	10	27	14	19	29	3	3	28000	76	15	29	16	47	37	12	41	3	2
29000	102	13	37	14	26	13	4	62	0	5	29000	129	20	32	14	40	36	3	63	4	3
30000	81	7	29	5	48	23	26	63	2	4	30000	95	6	30	4	53	49	28	77	1	4
31000	118	26	26	15	48	14	28	39	3	3	31000	140	15	28	11	73	38	31	41	7	3
32000	100	9	33	3	29	20	6	31	3	8	32000	108	7	29	4	34	38	5	37	9	3
33000	138	10	16	5	42	11	5	54	3	5	33000	206	8	42	4	37	40	1	51	8	10
34000	158	8	34	0	20	22	1	47	0	22	34000	185	8	27	4	28	36	0	63	9	30
35000	128	21	31	13	16	53	0	47	4	9	35000	171	12	42	15	17	64	0	87	8	20
36000	141	20	14	35	16	15	1	44	1	7	36000	193	21	22	10	21	67	1	76	2	9
37000	165	22	13	30	27	29	6	33	3	8	37000	180	29	17	13	27	67	3	55	4	19
38000	121	18	24	28	29	32	4	26	1	23	38000	194	16	15	17	22	58	6	47	1	16
39000	172	24	32	20	15	27	1	31	0	36	39000	223	20	31	3	19	68	4	35	6	35
40000	117	18	24	9	11	51	3	31	2	32	40000	157	26	16	3	17	64	6	63	9	30
41000	97	3	38	22	9	32	4	45	4	17	41000	127	10	27	14	12	77	6	159	26	12
42000	157	28	31	18	25	57	11	40	8	14	42000	161	10	31	7	24	71	19	92	22	23
43000	81	17	31	41	35	40	2	53	3	38	43000	102	13	24	12	49	58	6	134	10	24
44000	115	11	22	25	45	45	2	43	2	30	44000	142	7	25	8	50	94	5	124	19	29
45000	139	4	12	9	48	31	6	48	6	41	45000	205	2	18	3	36	59	3	130	11	50
46000	197	6	13	18	30	48	0	50	4	43	46000	209	8	16	6	19	68	1	77	7	59
47000	135	20	17	10	29	46	4	52	2	45	47000	185	15	15	4	20	42	16	121	5	46
48000	193	8	15	16	9	68	4	54	8	48	48000	191	6	18	16	20	90	9	141	19	70
49000	167	22	11	28	32	84	3	65	6	12	49000	183	7	16	16	22	115	6	156	31	18
50000	149	20	11	10	52	56	3	76	0	32	50000	249	17	12	3	44	73	3	157	5	30
51000	217	24	6	22	50	42	4	62	4	40	51000	275	21	11	10	28	62	2	147	10	45
52000	117	11	4	49	70	50	2	72	5	51	52000	197	9	4	17	55	99	6	167	5	47
53000	87	9	13	31	119	65	9	60	3	41	53000	117	10	12	24	105	75	18	131	15	49
54000	108	12	34	34	134	63	3	65	2	61	54000	127	8	31	19	119	122	13	162	15	62
55000	139	5	19	5	136	65	1	52	1	44	55000	137	11	11	12	118	76	4	127	3	41
56000	121	5	16	20	206	60	1	64	2	22	56000	171	4	10	10	128	133	2	129	5	40
57000	174	13	39	12	207	77	2	64	3	11	57000	242	23	26	10	111	93	2	139	3	17
58000	188	21	47	10	160	85	2	76	4	27	58000	218	23	17	15	105	81	0	167	21	24
59000	132	19	35	30	217	73	1	75	3	33	59000	180	19	17	14	81	79	0	159	8	38
60000	118	15	21	29	194	77	0	82	0	48	60000	184	15	17	12	98	88	1	170	8	36
61000	107	5	34	37	248	104	7	77	8	22	61000	138	4	19	9	147	91	2	147	12	31
62000	107	31	17	33	204	132	3	98	8	28	62000	173	27	11	12	112	106	4	172	24	61
63000	146	28	10	31	234	135	3	125	9	20	63000	209	23	15	10	106	151	6	287	22	44
64000	158	46	15	33	232	128	2	98	7	33	64000	255	45	16	3	146	135	1	223	12	49
65000	122	29	21	39	301	133	7	141	3	27	65000	187	23	17	19	206	92	5	256	23	53
66000	130	16	14	27	286	124	3	134	4	56	66000	150	17	5	17	207	118	0	191	12	53
67000	91	53	1	28	292	81	17	135	2	59	67000	168	30	13	13	184	99	21	193	14	64
68000	116	39	19	74	305	113	12	118	11	32	68000	155	23	20	22	189	89	13	155	13	56
69000	157	34	9	19	239	89	12	75	10	29	69000	247	32	16	7	122	82	4	163	36	23
70000	162	37	7	16	224	101	3	89	9	5	70000	287	19	10	2	142	107	5	157	30	10
71000	174	24	19	29	236	102	8	144	2	14	71000	289	18	10	12	140	77	5	247	17	19
72000	196	16	9	29	202	141	12	149	6	37	72000	297	14	9	16	128	107	15	209	18	33
73000	227	30	11	20	206	173	3	135	5	29	73000	305	16	24	9	157	124	11	237	14	58
74000	173	2	14	10	303	146	3	137	15	52	74000	295	11	11	4	178	141	4	221	17	66
75000	200	10	8	20	306	135	0	120	14	55	75000	270	13	11	12	224	127	0	230	15	77
76000	144	12	4	10	285	145	8	112	11	23	76000	186	9	9	6	191	118	4	214	38	40
77000	172	11	23	11	299	163	6	145	16	42	77000	186	6	25	6	169	115	5	249	47	41
78000	182	14	18	25	251	162	12	118	14	34	78000	252	12	18	14	138	125	10	254	49	46
79000	191	6	12	52	195	139	5	207	7	29	79000	229	9	24	16	139	119	9	252	42	83
80000	197	7	4	32	192	156	2	135	11	50	80000	290	3	7	18	159	142	4	185	13	112
81000	216	19	22	33	278	135	5	126	2	61	81000	285	10	16	26	161	146	3	212	12	80
82000	226	20	25	14	275	146	5	171	7	35	82000	368	7	38	7	128	139	3	241	13	34
83000	267	8	43	20	318	198	4	186	14	30	83000	350	9	39	4	201	150	9	258	23	24
84000	194	12	34	27	339	224	24	182	24	36	84000	313	7	14	15	176	161	32	246	45	53
85000	250	9	34	14	312	178	4	176	19	53	85000	342	12	18	4	150	187	7	250	49	55
86000	211	9	23	17	286	193	4	253	11	39	86000	302	10	18	5	197	147	5	400	34	42
87000	140	20	33	34	254	214	1	264	13	58	87000	195	20	30	13	163	181	1	446	43	69
88000	158	25	11	30	220	226	9	283	17	73	88000	257	23	14	13	163	167	19	460	41	78
89000	186	16	27	26	297	176	7	274	12	71	89000	320	18	17	8	164	170	9	364	41	69
90000	192	31	19	34	319	143	16	247	24	59	90000	263	19	24	10	146	118	20	335	44	60
91000	229	46	15	14	260	162	18	287	12	83	91000	374	27	10	2	146	162	12	454	23	63
92000	249	55	9	25	277	173	16	243	16	91	92000	362	36	8	11	159	195	20	401	37	103
93000	229	27	24	16	299	176	14	188	14	62	93000	370	20	20	4	158	190	30	273	54	67
94000	269	33	36	12	289	218	41	225	16	50	94000	340	28	20	2	195	188	42	345	55	41
95000	278	49	16	27	292	278	37	353	13	43	95000	299	46	17	3	164	205	49	427	41	69
96000	296	88	34	23	334	263	30	322	26	56	96000	395	53	22	7	200	230	30	375	77	83
97000	287	69	14	8	281	277	29	226	29	55	97000	396	41	16	4	188	225	30	319	84	76
98000	292	111	26	29	375	215	23	242	25	43	98000	489	61	26	10	252	235	36	285	84	63
99000	264	101	33	51	389	292	31	325	32	89	99000	423	65	39	30	220	216	38	374	60	100
100000	219	107	53	27	303	300	30	311	10	120	100000	383	71	31	8	188	255	33	411	46	124
101000	303	105	54	33	258	278	36	399	18	96	101000	536	58	22	11	190	276	38	465	50	107
102000	307	107	54	16	344	293	44	450	22	124	102000	472	77	29	9	197	241	68	495	67	129
103000	297	88	80	8	358	286	64	392	22	78	103000	496	85	40	8	199	251	67	412	63	85
104000	305	86	106	21	263	225	28	362	22	42	104000	506	79	47	9	178	174	34	438	71	51
105000	309	64	118	35	253	318	38	340	23	57	105000	488	49	33	12	165	265	65	387	83	73
106000	288	64	147	5	337	354	22	368	20	99	106000	529	75	42	2	190	331	44	400	81	106
107000	328	86	108	13	285	275	18	342	24	104	107000	503	63	53	4	200	222	30	443	75	82
108000	306	65	138	8	210	194	9	391	20	132	108000	482	43	54	4	124	199	20	445	107	164
109000	247	70	179	5	264	203	11	320	45	226	109000	480	52	35	4	150	220	14	443	123	243
110000	266	52	117	6	244	192	30	358	32	194	110000	421	58	50	9	115	182	49	485	132	259
111000	256	65	141	36	191	147	20	385	36	188	111000	439	47	39	9	94	177	56	507	146	247
112000	276	103	168	10	261	225	45	406	39	159	112000	461	63	47	4	160	234	80	525	134	175
113000	305	135	197	10	248	246	71	371	42	96	113000	512	93	60	8	152	234	107	460	138	103
114000	339	109	159	23	252	158	55	298	26	117	114000	601	82	46	8	156	194	95	437	124	143
115000	284	100	239	17	316	240	69	377	38	132	115000	390	77	67	6	172	264	91	483	141	138
116000	262	79	243	20	299	246	42	364	34	153	116000	387	65	91	5	143	238	59	450	124	142
117000	281	157	240	16	328	221	32	392	33	158	117000	449	78	72	5	186	243	45	442	158	159
118000	243	101	288	14	341	195	38	290	38	289	118000	450	95	61	8	172	230	45	358	164	292
119000	328	107	295	48	238	230	24	307	45	231	119000	601	107	93	8	93	351	89	385	122	277
120000	314	109	275	22	232	271	42	314	48	190	120000	560	117	53	8	123	276	102	423	154	199
121000	289	112	230	39	273	260	62	290	28	266	121000	588	99	61	25	156	258	89	315	103	241
122000	248	152	274	23	210	242	55	264	51	207	122000	578	110	50	8	159	282	120	387	134	275
123000	319	127	255	19	220	230	65	290	32	172	123000	590	88	102	6	143	305	79	373	107	223
124000	301	117	233	16	249	205	57	301	35	205	124000	463	100	79	8	111	276	125	366	150	259
125000	262	147	269	16	222	186	43	253	23	200	125000	474	76	93	16	141	221	86	345	124	247
126000	253	147	198	20	332	195	39	440	34	217	126000	466	97	78	14	140	260	71	503	118	274
127000	295	148	238	17	335	210	42	399	19	219	127000	553	99	76	16	164	317	68	501	101	198
128000	311	136	280	30	260	160	44	356	27	274	128000	509	87	97	10	145	268	75	405	86	220
129000	346	139	217	20	273	183	37	335	25	267	129000	557	98	79	13	153	332	72	475	90	299
130000	319	123	312	20	250	228	73	366	24	296	130000	494	99	81	7	133	270	191	451	97	286
131000	298	152	311	18	259	271	69	292	38	248	131000	462	61	85	12	163	369	178	349	99	225
132000	275	122	313	18	347	259	69	350	30	300	132000	484	85	121	9	206	344	180	438	119	310
133000	325	180	249	12	340	202	56	404	31	337	133000	506	141	105	10	185	295	102	505	119	373
134000	260	200	367	14	273	236	110	400	35	401	134000	445	156	146	18	158	272	164	509	94	474
135000	255	169	326	13	266	183	121	380	40	334	135000	440	154	114	5	134	231	240	571	104	351
136000	307	144	350	37	309	177	51	382	43	379	136000	397	149	127	13	111	253	87	491	140	421
137000	255	176	424	22	280	211	64	414	38	260	137000	429	102	135	7	149	252	94	561	125	227
138000	305	216	428	52	337	177	62	370	31	275	138000	445	156	150	17	204	289	95	542	133	362
139000	255	210	316	28	413	152	59	373	47	348	139000	407	155	150	9	212	274	131	465	118	332
140000	226	180	222	18	371	210	65	345	38	323	140000	378	138	117	8	199	300	111	463	95	338
141000	325	171	353	12	438	205	63	387	36	410	141000	384	102	137	6	213	332	126	500	111	448
142000	208	201	263	17	356	223	91	378	37	438	142000	405	117	133	6	201	312	165	476	146	423
143000	269	198	287	49	391	227	97	389	53	404	143000	432	123	119	22	209	371	162	438	141	365
144000	258	254	324	54	436	203	55	328	49	351	144000	447	135	168	13	235	272	100	373	104	343
145000	277	236	345	16	357	206	61	282	61	357	145000	473	116	161	6	202	358	106	393	173	399
146000	235	173	320	14	291	214	82	363	52	349	146000	472	131	130	7	142	233	151	557	223	344
147000	246	175	321	19	284	184	70	340	47	314	147000	458	107	169	10	158	261	118	508	212	367
148000	310	134	329	31	384	211	47	351	46	376	148000	510	102	154	26	198	279	116	527	187	426
149000	282	182	296	9	444	229	95	336	78	309	149000	501	95	157	15	228	311	138	529	160	326
150000	334	191	244	14	376	225	93	380	80	266	150000	550	111	136	17	178	323	187	555	116	345
151000	336	181	299	43	327	181	108	334	76	287	151000	677	113	210	24	196	290	210	474	121	321
152000	364	201	432	38	420	252	106	334	48	316	152000	563	114	225	18	199	327	211	462	103	429
153000	273	195	422	33	360	232	136	355	62	318	153000	537	99	271	11	179	367	234	557	144	414
154000	221	181	372	25	416	268	154	268	62	253	154000	478	113	200	17	215	368	277	472	127	327
155000	261	197	450	22	431	262	177	283	79	250	155000	493	130	244	13	251	372	291	515	197	289
156000	304	177	410	23	462	259	181	298	69	246	156000	533	162	268	19	312	380	287	458	177	240
157000	228	250	393	13	538	244	168	304	71	337	157000	500	164	262	21	288	364	292	498	182	335
158000	274	267	424	25	438	212	138	327	75	298	158000	543	130	278	14	253	342	242	459	190	315
159000	263	218	406	18	403	252	170	339	93	343	159000	527	121	270	6	223	309	282	509	187	353
160000	248	205	337	12	433	224	159	319	94	323	160000	517	106	267	13	239	367	343	481	163	355
161000	309	226	305	26	537	230	168	343	108	352	161000	552	140	202	8	272	297	344	498	174	404
162000	290	258	387	30	495	248	124	385	132	413	162000	570	135	235	12	273	441	272	571	197	419
163000	243	204	423	37	576	242	153	456	132	351	163000	546	111	260	35	328	381	317	548	200	413
164000	244	154	406	9	498	257	154	431	137	397	164000	432	106	296	6	305	410	320	633	229	457
165000	289	181	461	24	450	264	126	388	110	392	165000	549	112	363	10	232	394	271	533	248	425
166000	317	176	378	17	515	273	168	372	150	412	166000	576	127	304	15	283	392	290	502	230	482
167000	320	211	356	33	557	193	185	398	136	385	167000	545	143	210	8	316	348	368	461	219	504
168000	277	215	337	28	571	194	164	456	138	359	168000	507	138	222	22	315	322	356	496	215	451
169000	323	195	313	44	539	199	133	394	124	383	169000	591	116	249	12	292	307	236	444	221	489
170000	298	192	377	42	584	252	180	314	150	411	170000	580	137	232	21	351	399	352	426	220	435
171000	347	228	334	68	605	280	194	385	126	382	171000	685	137	272	28	290	422	460	426	228	473
172000	305	215	388	25	554	299	211	447	149	378	172000	643	101	250	16	270	381	388	488	203	464
173000	310	236	404	38	466	261	190	454	146	375	173000	511	80	222	17	253	388	383	463	262	484
174000	281	241	396	29	541	291	177	448	183	371	174000	510	109	222	16	272	392	327	517	228	423
175000	278	198	349	16	473	234	155	521	164	351	175000	495	109	271	8	270	400	307	559	272	416
176000	297	234	349	19	553	208	147	543	140	308	176000	643	112	265	12	324	377	266	615	249	387
177000	353	228	427	11	624	222	130	568	216	373	177000	599	108	249	10	343	377	263	578	312	454
178000	272	170	432	9	553	265	166	500	213	380	178000	489	98	295	0	334	424	300	514	293	491
179000	278	162	431	32	545	246	114	521	208	470	179000	584	111	288	8	325	407	238	585	309	528
180000	242	152	509	17	474	244	156	471	185	355	180000	577	113	371	12	292	432	264	596	296	406
181000	320	176	410	27	451	248	162	533	205	433	181000	693	108	327	19	289	462	291	630	312	443
182000	304	177	469	30	496	216	217	493	216	360	182000	651	109	326	17	240	409	492	579	334	427
183000	274	254	451	28	437	221	208	505	184	412	183000	636	160	301	11	309	480	449	484	273	454
184000	350	219	414	36	560	215	176	501	172	336	184000	658	119	314	8	343	421	381	508	261	333
185000	323	219	484	7	571	249	184	545	147	310	185000	618	144	370	13	335	356	408	585	215	316
186000	276	200	419	3	569	231	173	490	140	499	186000	596	94	332	4	307	367	421	461	219	478
187000	379	211	391	1	530	241	167	503	213	407	187000	739	104	311	2	319	324	330	489	279	461
188000	318	220	379	18	530	230	189	501	246	416	188000	680	147	302	11	311	332	428	510	366	446
189000	362	213	390	4	433	279	204	553	209	530	189000	670	114	252	5	270	467	428	570	286	519
190000	384	167	345	16	507	296	180	496	208	425	190000	747	99	252	9	295	417	358	540	232	491
191000	356	195	360	11	403	310	233	620	180	425	191000	673	102	273	3	233	416	460	607	248	401
192000	327	162	440	10	517	309	207	541	179	388	192000	694	124	298	3	315	483	363	569	281	436
193000	315	129	385	4	500	267	178	610	213	387	193000	665	92	304	6	253	382	317	608	288	380
194000	267	158	423	36	468	343	207	591	237	343	194000	597	71	286	8	272	468	324	539	288	379
195000	276	95	367	28	415	290	230	546	208	412	195000	599	82	315	7	260	362	398	461	295	418
196000	280	147	380	9	356	338	199	524	239	354	196000	603	104	271	3	271	399	379	584	276	379
197000	189	186	400	12	512	307	216	540	220	381	197000	514	136	283	5	352	389	370	603	218	425
198000	221	236	365	45	473	249	150	624	242	336	198000	578	123	294	22	329	394	357	589	278	445
199000	263	230	405	29	542	237	218	632	221	444	199000	579	121	292	8	278	366	392	613	308	389
200000	240	236	385	25	540	335	167	668	246	454	200000	607	120	279	11	288	501	365	659	218	481
201000	289	195	342	45	508	367	208	567	209	441	201000	665	147	286	17	277	431	380	585	233	418
202000	268	175	287	18	553	350	208	625	237	423	202000	728	106	212	7	322	412	419	570	332	413
203000	276	196	244	33	478	357	221	578	248	389	203000	642	83	194	23	294	348	432	557	288	461
204000	249	203	367	16	525	314	163	578	285	492	204000	494	98	260	10	324	391	388	555	358	614
205000	265	224	386	32	531	314	175	532	257	466	205000	575	123	242	15	304	384	373	497	339	569
206000	218	226	450	21	608	348	208	510	225	485	206000	530	107	319	16	372	397	397	515	331	539
207000	196	230	412	33	655	485	201	555	190	452	207000	551	116	360	13	406	532	375	522	287	525
208000	209	230	412	31	567	449	178	628	209	455	208000	583	138	308	14	339	535	392	631	297	485
209000	267	217	482	24	516	422	177	601	200	428	209000	680	142	388	8	283	471	346	571	280	410
210000	209	227	425	30	522	465	179	491	216	356	210000	596	123	443	17	340	542	422	555	299	361
211000	242	246	408	23	467	329	182	540	267	420	211000	651	149	366	15	307	412	359	557	312	449
212000	242	202	409	35	481	437	182	529	228	423	212000	679	160	360	5	314	481	383	499	323	456
213000	268	233	475	18	615	434	172	599	225	471	213000	595	147	363	8	358	527	322	532	283	574
214000	278	198	375	22	579	413	174	599	217	422	214000	640	146	303	25	366	419	356	570	294	554
215000	358	173	434	40	484	419	152	537	217	436	215000	640	124	270	11	289	396	336	560	242	488
216000	297	145	425	44	493	463	167	650	223	428	216000	636	91	308	7	296	481	395	659	232	522
217000	308	171	416	19	487	418	199	564	195	423	217000	685	125	311	12	351	473	355	553	190	457
218000	299	143	375	4	681	481	169	636	202	447	218000	670	103	300	6	382	555	274	600	217	481
219000	268	208	463	40	575	408	194	562	174	493	219000	678	171	401	11	421	463	369	574	213	599
220000	318	207	459	28	535	384	188	591	221	464	220000	731	191	425	9	277	412	368	644	252	606
221000	342	216	465	20	407	423	198	521	231	488	221000	755	137	407	11	283	442	382	591	267	601
222000	300	257	385	24	580	384	169	673	256	490	222000	726	145	345	14	389	396	428	639	231	598
223000	362	231	457	18	602	353	189	656	279	525	223000	631	144	392	8	396	390	360	646	270	538
224000	309	190	465	28	593	445	188	631	247	456	224000	599	127	410	11	366	490	352	575	286	561
225000	321	202	394	42	473	426	194	653	270	395	225000	602	127	320	17	342	497	415	699	301	484
226000	283	255	435	52	552	513	226	621	261	330	226000	659	176	314	19	343	531	435	683	261	493
227000	317	221	359	22	505	471	226	634	296	405	227000	654	113	315	8	349	476	433	629	312	507
228000	348	183	416	15	532	413	258	590	288	377	228000	654	130	355	6	359	403	438	627	266	532
229000	338	212	450	36	493	472	254	565	278	354	229000	755	119	397	9	332	475	433	601	261	514
230000	308	217	414	46	564	413	264	659	249	391	230000	671	155	405	13	449	434	435	685	228	549
231000	321	187	479	50	588	455	258	647	212	468	231000	642	111	404	11	393	466	441	661	216	584
232000	341	235	391	29	510	526	251	576	281	476	232000	649	136	331	5	382	529	423	562	261	536
233000	274	256	451	31	572	392	251	584	343	478	233000	478	135	417	10	370	422	419	529	289	563
234000	222	231	427	29	584	482	237	587	272	464	234000	483	114	376	13	346	479	395	624	259	526
235000	233	188	428	5	517	457	209	480	288	462	235000	566	121	367	4	370	450	311	479	225	596
236000	296	165	355	16	629	426	253	510	303	404	236000	575	119	328	4	439	410	341	522	258	516
237000	286	243	418	6	529	435	262	540	286	326	237000	569	137	379	2	394	439	351	526	248	457
238000	262	220	468	3	510	492	224	564	277	472	238000	556	132	377	2	342	467	360	637	220	597
239000	299	209	461	52	617	471	210	589	352	442	239000	626	133	384	5	477	437	310	656	268	603
240000	291	179	532	29	731	468	204	547	281	446	240000	568	117	383	10	476	502	311	545	237	653
241000	296	181	453	40	697	485	215	549	260	433	241000	649	145	402	7	516	490	336	601	258	595
242000	325	223	480	50	665	507	196	638	276	507	242000	587	157	403	12	451	528	324	671	230	596
243000	272	159	435	21	658	418	200	602	266	497	243000	564	133	363	8	516	433	374	553	249	661
244000	310	139	438	25	587	445	175	628	302	481	244000	604	99	341	18	482	484	353	648	251	601
245000	318	154	521	13	664	419	194	609	297	489	245000	607	96	387	10	517	407	369	602	220	632
246000	302	145	567	29	607	452	249	655	288	423	246000	608	119	360	16	482	468	381	675	222	602
247000	312	197	558	16	624	442	226	581	343	465	247000	581	129	387	8	494	527	380	665	277	668
248000	288	148	530	19	618	441	270	583	269	481	248000	544	100	355	8	412	515	379	618	235	607
249000	319	151	531	28	598	422	239	579	314	440	249000	611	98	359	25	376	458	334	585	268	642
250000	288	203	508	42	675	495	232	508	239	481	250000	615	138	427	33	478	495	334	475	258	677
251000	262	278	472	59	681	491	293	537	257	447	251000	660	226	435	24	473	504	382	549	236	621
252000	307	263	456	58	680	452	290	579	272	443	252000	683	218	457	31	472	465	392	504	234	563
253000	294	262	486	51	508	405	246	514	284	494	253000	646	266	414	18	410	398	351	490	246	602
254000	283	240	406	32	610	502	181	517	278	422	254000	647	196	348	29	421	485	265	536	230	607
255000	292	234	407	62	587	467	197	544	276	442	255000	656	163	345	17	420	512	270	538	214	586
256000	319	261	501	89	486	498	254	565	310	399	256000	567	200	390	26	366	520	327	518	248	557
257000	308	263	535	81	639	456	241	617	341	404	257000	606	199	435	31	472	482	365	559	275	605
258000	314	264	503	58	538	517	302	534	299	370	258000	690	200	358	16	369	559	413	508	243	570
259000	355	241	551	100	460	495	281	485	272	308	259000	663	192	416	28	334	472	416	482	261	497
260000	400	236	604	109	580	540	243	505	294	354	260000	669	160	436	49	445	496	303	442	215	489
261000	357	230	507	108	624	475	322	529	366	475	261000	619	170	367	51	479	555	426	551	261	590
262000	318	165	505	90	522	435	291	620	365	500	262000	627	139	437	42	357	456	404	569	309	562
263000	308	187	556	84	622	452	271	560	358	489	263000	672	154	415	45	448	499	371	583	311	597
264000	316	213	584	87	638	526	340	557	387	431	264000	614	132	486	37	454	517	373	543	265	535
265000	295	226	591	97	549	469	331	499	321	423	265000	650	167	467	49	460	436	443	460	318	480
266000	309	253	624	80	615	423	345	576	344	436	266000	700	213	454	41	498	492	444	527	272	523
267000	329	232	558	105	616	493	321	509	258	476	267000	585	181	380	35	490	482	414	497	294	544
268000	352	242	598	99	581	395	361	566	241	426	268000	657	167	429	55	464	394	424	579	243	486
269000	367	250	580	90	639	416	352	666	249	520	269000	719	167	394	58	543	456	449	638	216	605
270000	398	257	595	92	604	459	369	643	226	496	270000	764	184	414	53	438	434	507	618	227	553
271000	408	180	705	84	710	426	306	589	368	498	271000	711	148	461	38	519	434	442	608	277	641
272000	339	195	663	52	652	465	323	659	328	502	272000	615	138	441	28	500	446	363	619	226	677
273000	322	176	622	67	673	439	275	540	371	436	273000	631	140	432	21	487	503	325	533	252	564
274000	340	159	507	107	664	532	287	549	371	487	274000	641	136	373	33	479	477	360	491	273	598
275000	345	199	544	142	588	507	291	620	383	554	275000	632	147	442	51	459	494	379	548	298	614
276000	332	223	560	124	659	443	306	553	401	410	276000	670	161	427	54	497	481	406	539	296	478
277000	360	234	562	119	582	491	268	576	346	507	277000	671	170	391	42	464	485	430	572	337	558
278000	361	342	490	153	632	404	306	593	396	459	278000	725	172	390	78	466	483	433	603	307	605
279000	371	266	529	76	652	492	299	587	381	410	279000	709	159	445	43	474	478	388	647	297	516
280000	411	271	469	116	591	444	297	606	377	396	280000	731	169	334	48	373	417	417	626	283	456
281000	395	306	502	112	481	464	257	557	385	437	281000	633	165	441	73	365	552	395	617	371	479
282000	292	273	532	137	570	446	265	614	411	529	282000	590	165	449	86	434	409	426	604	377	711
283000	342	217	488	128	549	450	309	553	488	548	283000	645	164	427	52	410	435	440	540	337	657
284000	364	201	612	132	585	451	294	526	391	518	284000	710	163	506	60	424	473	422	556	329	565
285000	360	265	563	125	616	427	298	575	417	524	285000	758	172	448	65	479	494	440	576	325	545
286000	359	268	582	187	631	428	282	500	440	432	286000	704	168	461	61	515	405	418	536	319	665
287000	314	257	494	127	648	464	298	486	400	525	287000	678	194	428	59	475	433	418	594	293	599
288000	318	236	494	142	567	479	294	539	411	469	288000	726	149	433	89	493	458	381	584	351	588
289000	344	218	559	140	625	483	391	534	388	566	289000	695	173	514	68	470	495	483	611	364	663
290000	364	253	524	165	543	496	371	529	341	535	290000	706	131	448	74	446	489	530	648	301	623
291000	348	246	576	118	526	434	429	525	453	550	291000	688	145	450	60	426	427	514	624	315	618
292000	317	244	472	118	522	456	365	539	421	471	292000	676	136	420	64	395	501	482	636	327	613
293000	286	299	533	111	511	441	372	567	376	466	293000	643	178	443	62	399	460	482	669	281	633
294000	312	259	551	139	564	534	371	585	390	441	294000	683	156	410	67	406	540	496	618	288	547
295000	350	271	582	167	600	483	324	452	409	505	295000	664	158	482	106	484	532	462	625	292	663
296000	353	282	515	139	596	504	355	464	400	478	296000	623	165	438	89	472	590	489	662	304	531
297000	404	281	535	148	657	475	342	456	364	521	297000	728	181	448	57	499	488	402	637	326	615
298000	351	326	570	191	636	480	306	405	387	486	298000	594	222	467	76	478	564	426	621	336	501
299000	378	281	474	226	571	489	293	453	393	405	299000	661	158	398	108	454	519	420	628	305	506
300000	376	260	510	233	555	541	259	538	357	508	300000	635	155	424	108	398	574	472	556	267	624
301000	384	273	528	202	601	462	332	473	365	531	301000	680	176	504	99	393	547	473	540	248	606
302000	383	337	533	227	671	491	359	577	399	471	302000	637	132	460	126	524	541	445	697	291	523
303000	365	238	591	183	586	484	310	513	359	529	303000	759	144	495	116	440	481	451	619	240	525
304000	311	263	517	212	661	499	334	499	337	540	304000	539	152	480	107	479	550	428	632	318	618
305000	309	331	476	192	603	477	332	538	376	395	305000	528	144	439	109	424	493	466	664	267	510
306000	319	344	555	198	498	504	322	410	474	396	306000	588	187	410	98	418	500	445	581	262	421
307000	321	264	475	179	559	532	304	475	405	493	307000	622	167	386	100	439	510	408	623	303	534
308000	304	285	471	225	531	560	273	461	402	525	308000	677	145	464	121	385	606	427	544	238	583
309000	370	332	500	241	599	490	319	449	353	536	309000	739	151	443	116	487	548	465	603	218	615
310000	402	344	500	210	551	485	323	510	421	457	310000	704	143	429	105	431	512	537	672	261	509
311000	377	328	502	212	623	460	315	440	446	484	311000	742	111	399	137	451	465	503	624	273	508
312000	389	377	574	249	712	441	254	492	375	516	312000	783	155	419	112	513	504	430	654	303	535
313000	417	336	567	232	742	468	257	449	367	493	313000	724	149	403	158	547	533	487	580	226	553
314000	442	275	483	266	688	508	313	472	407	541	314000	670	158	382	184	534	552	604	630	288	569
315000	413	243	444	250	713	467	284	505	444	548	315000	606	136	366	189	521	539	556	620	272	534
316000	432	275	454	261	661	485	280	515	361	602	316000	805	137	376	199	539	517	568	633	302	517
317000	409	279	476	284	646	425	278	529	350	503	317000	746	140	412	170	468	443	493	562	257	483
318000	350	282	500	325	579	470	338	612	372	456	318000	662	157	395	234	436	431	544	727	292	456
319000	412	303	461	282	591	497	312	591	417	510	319000	642	154	388	154	528	561	536	734	309	497
320000	385	325	463	278	618	444	354	501	349	582	320000	704	215	347	200	501	556	558	630	293	558
321000	441	326	486	316	599	434	337	482	399	585	321000	706	196	399	155	507	501	571	639	305	594
322000	410	303	521	309	585	405	350	530	354	589	322000	672	177	372	165	424	493	600	626	287	548
323000	441	310	456	289	573	495	296	533	403	626	323000	733	143	375	215	473	490	486	673	313	577
324000	394	321	463	262	573	477	349	564	394	654	324000	701	139	390	222	431	480	526	715	293	557
325000	413	311	536	290	610	473	308	511	407	616	325000	708	184	429	227	430	525	424	739	312	567
326000	437	363	535	336	532	559	319	490	410	582	326000	705	193	389	230	375	526	514	656	340	511
327000	391	408	503	362	590	572	345	462	444	528	327000	657	179	335	249	454	610	420	598	310	578
328000	426	370	486	336	509	510	366	485	398	516	328000	719	199	408	191	420	554	486	594	304	589
329000	417	386	518	373	504	483	380	530	441	455	329000	703	180	432	273	378	540	532	574	289	512
330000	411	358	631	271	516	428	309	536	440	611	330000	649	183	444	210	360	475	443	676	358	572
331000	439	391	537	233	508	518	290	475	431	580	331000	664	161	406	226	398	536	442	637	323	605
332000	484	330	531	338	593	365	297	514	478	521	332000	747	140	425	244	426	460	436	625	287	497
333000	431	275	525	266	583	427	338	462	430	639	333000	662	129	444	189	455	446	470	628	298	632
334000	482	336	595	277	640	475	210	504	453	503	334000	752	141	442	196	403	454	409	643	317	532
335000	469	291	492	310	626	490	289	506	504	645	335000	705	150	365	209	465	447	413	628	316	604
336000	397	299	402	367	661	461	319	437	494	570	336000	649	150	314	206	430	552	413	628	345	567
337000	418	292	484	329	627	458	314	451	469	484	337000	549	148	378	225	430	522	537	644	368	552
338000	382	389	534	297	609	458	327	552	445	478	338000	671	164	389	202	433	517	426	661	316	533
339000	376	268	515	307	622	464	305	591	437	531	339000	614	157	397	235	388	529	461	805	409	555
340000	438	358	586	313	581	460	367	567	527	554	340000	666	151	428	250	398	551	526	660	375	560
341000	395	462	597	354	637	525	351	467	439	515	341000	681	249	497	255	467	499	458	606	394	569
342000	441	371	522	310	607	486	266	546	404	564	342000	686	247	435	262	461	520	353	644	341	613
343000	420	394	576	299	639	543	366	524	451	473	343000	736	270	407	239	523	514	461	673	367	586
344000	376	363	622	329	601	485	401	535	569	459	344000	679	226	441	285	463	528	508	667	420	477
345000	408	301	521	364	679	506	396	528	543	497	345000	727	184	358	302	486	536	525	646	437	518
346000	359	340	682	312	700	515	452	570	439	530	346000	641	230	433	242	489	542	531	585	331	531
347000	392	344	633	285	601	494	447	594	447	519	347000	681	210	404	239	477	574	600	611	408	547
348000	346	299	569	348	642	494	386	538	495	544	348000	652	187	414	267	521	578	464	638	377	576
349000	349	414	646	418	578	588	469	565	465	582	349000	595	222	375	340	410	599	510	696	355	540
350000	345	423	627	350	588	461	397	583	414	544	350000	635	269	382	264	445	498	440	679	327	626
351000	402	425	692	329	583	507	369	595	391	518	351000	688	283	424	256	425	483	444	732	325	626
352000	382	394	704	357	550	500	248	553	428	510	352000	604	258	412	269	413	546	345	732	315	580
353000	383	405	668	397	675	464	350	555	415	547	353000	727	296	390	308	431	581	371	739	289	621
354000	453	378	596	434	679	560	434	547	427	560	354000	781	336	438	339	511	601	430	632	411	588
355000	420	452	613	388	534	565	439	533	477	564	355000	632	293	397	302	458	665	480	609	423	600
356000	414	438	574	447	530	530	365	514	466	531	356000	618	272	387	375	472	594	437	616	398	619
357000	419	415	546	415	620	557	432	544	358	530	357000	672	289	373	290	493	597	454	673	362	555
358000	425	337	636	445	561	590	434	491	381	546	358000	677	254	402	329	456	565	430	594	375	651
359000	413	320	506	389	592	562	449	505	359	561	359000	619	220	356	329	465	559	526	570	290	599
360000	363	332	525	363	633	516	405	526	353	564	360000	604	199	352	269	456	507	440	519	378	585
361000	421	405	561	332	528	585	396	505	352	562	361000	649	264	362	285	468	572	503	591	333	551
362000	462	399	613	383	714	481	456	540	332	503	362000	667	262	362	318	538	540	539	593	302	590
363000	485	421	593	370	550	462	427	516	292	549	363000	620	269	369	265	489	484	547	548	285	584
364000	483	399	585	338	587	442	397	470	363	513	364000	654	234	361	241	498	425	475	654	264	590
365000	470	418	665	336	553	554	456	531	355	557	365000	603	197	390	255	458	510	572	676	269	567
366000	476	340	693	362	595	604	439	529	336	457	366000	711	241	402	273	580	573	536	692	320	460
367000	416	418	670	378	601	546	405	522	337	551	367000	642	280	418	203	530	574	491	749	282	596
368000	433	415	675	379	575	505	394	575	392	557	368000	681	322	398	286	456	571	481	689	309	580
369000	426	352	644	454	639	471	399	541	344	624	369000	634	287	368	335	507	563	434	698	301	684
370000	436	421	626	393	554	492	436	558	328	580	370000	690	302	396	310	498	511	452	707	306	624
371000	439	412	668	413	520	625	461	561	313	628	371000	636	295	434	304	430	576	463	728	253	594
372000	429	378	716	367	568	548	468	596	318	570	372000	711	280	456	233	479	557	433	752	290	614
373000	498	404	698	390	580	552	464	618	337	601	373000	723	306	460	229	512	531	511	766	284	584
374000	441	370	726	408	437	645	451	571	304	507	374000	781	271	409	254	447	554	525	689	275	534
375000	400	373	691	364	412	623	438	559	390	545	375000	654	245	425	262	386	620	469	734	323	471
376000	429	437	696	387	465	625	573	585	329	538	376000	652	300	412	234	417	588	548	756	320	462
377000	416	365	664	409	532	598	507	486	277	532	377000	638	231	368	279	453	511	502	650	285	505
378000	456	389	559	380	424	656	485	554	326	539	378000	759	307	376	249	445	604	454	586	271	548
379000	438	439	612	381	525	568	407	613	318	597	379000	662	287	331	254	545	658	416	781	323	562
380000	373	415	643	404	512	672	441	593	378	555	380000	627	283	360	266	470	584	503	748	331	465
381000	403	405	683	391	601	591	396	610	367	496	381000	626	255	334	268	525	588	385	738	285	505
382000	402	388	586	390	488	650	434	550	355	626	382000	653	280	388	310	525	648	405	699	291	502
383000	476	388	695	441	524	620	465	587	315	607	383000	796	280	395	300	538	561	476	785	279	531
384000	459	448	653	403	517	606	456	580	315	538	384000	696	287	374	246	536	582	510	694	319	475
385000	442	433	670	432	490	550	426	627	318	516	385000	676	281	391	246	464	590	421	767	314	473
386000	426	436	643	422	470	648	448	537	283	619	386000	644	260	336	217	478	607	478	738	258	470
387000	487	420	633	408	520	600	438	634	289	545	387000	703	222	399	253	481	580	493	820	247	479
388000	399	436	632	469	503	634	427	596	307	542	388000	672	264	396	269	479	565	495	705	269	484
389000	502	472	671	454	527	576	443	755	325	647	389000	700	318	420	251	546	496	474	840	291	544
390000	449	467	668	426	521	682	431	641	307	629	390000	662	265	418	217	503	640	489	745	317	536
391000	413	403	667	438	502	577	416	582	300	633	391000	704	271	411	222	482	513	494	808	333	579
392000	412	403	688	409	490	558	337	601	317	671	392000	580	243	399	296	493	523	448	775	322	600
393000	456	415	638	414	463	512	351	484	338	718	393000	629	239	398	286	448	480	417	604	306	544
394000	462	431	668	429	459	559	355	603	315	756	394000	619	286	402	355	448	535	463	689	310	601
395000	497	421	603	391	446	546	357	563	267	708	395000	718	264	367	262	498	494	512	757	349	559
396000	409	348	583	428	525	606	393	632	236	653	396000	713	288	353	314	546	586	488	667	310	527
397000	440	432	588	465	543	696	398	597	273	671	397000	714	248	391	292	524	609	384	735	325	539
398000	506	368	566	366	566	605	462	625	335	702	398000	652	244	354	226	528	562	518	724	361	524
399000	500	431	559	352	506	612	414	639	307	608	399000	661	274	353	220	512	551	497	732	288	538
400000	497	397	530	327	533	578	368	629	284	735	400000	595	258	325	296	547	539	407	690	312	621
401000	493	400	637	489	626	607	449	615	322	707	401000	634	256	352	317	623	530	512	705	324	626
402000	435	446	655	417	566	651	415	598	295	680	402000	588	240	363	244	577	597	446	710	344	533
403000	439	455	688	316	529	643	392	573	309	641	403000	569	243	384	226	562	535	466	624	334	594
404000	455	389	621	403	485	594	420	635	352	710	404000	631	216	360	230	513	521	511	763	361	577
405000	483	451	632	405	503	604	399	604	328	657	405000	638	263	369	241	494	598	483	710	288	582
406000	475	430	598	423	498	560	367	648	277	636	406000	641	282	364	246	524	543	384	785	301	499
407000	446	457	660	452	462	666	461	666	336	651	407000	634	258	377	235	468	548	502	815	298	562
408000	476	510	630	478	423	762	432	776	349	609	408000	676	297	401	269	477	662	444	827	331	601
409000	417	468	624	461	472	674	467	645	391	702	409000	689	333	340	266	491	551	460	810	343	623
410000	394	485	564	420	518	734	451	574	338	692	410000	693	280	387	253	512	667	484	666	337	577
411000	399	436	672	396	503	613	360	720	374	623	411000	727	271	441	259	536	548	390	640	351	537
412000	462	451	628	402	485	565	429	691	345	683	412000	656	316	428	237	553	464	400	749	274	505
413000	539	503	662	429	535	588	486	635	380	613	413000	701	278	399	291	539	545	459	700	393	527
414000	444	540	621	471	531	604	399	677	372	579	414000	606	293	361	338	533	457	398	769	395	524
415000	528	446	611	450	531	557	437	674	370	652	415000	682	256	388	255	568	570	451	793	385	503
416000	441	454	615	468	462	555	408	760	347	649	416000	627	237	307	291	525	474	415	830	352	622
417000	439	598	678	352	537	486	495	702	292	585	417000	612	296	330	256	538	474	484	779	260	531
418000	491	551	710	465	519	543	407	693	348	647	418000	651	305	408	313	495	574	404	816	275	592
419000	447	584	678	446	513	660	467	736	344	555	419000	607	291	382	273	525	655	487	735	310	543
420000	485	602	657	453	553	601	454	667	358	563	420000	641	306	363	296	495	616	435	788	308	571
421000	459	508	606	400	515	685	475	652	329	726	421000	701	307	364	288	520	643	433	735	264	584
422000	487	503	640	455	512	613	458	657	320	653	422000	710	310	382	272	535	610	411	694	272	620
423000	553	497	511	424	512	528	444	655	381	607	423000	730	335	361	247	516	614	398	726	290	538
424000	443	575	727	425	482	490	443	664	373	566	424000	604	320	389	260	504	505	431	752	249	509
425000	480	571	645	507	541	497	521	635	365	576	425000	652	351	425	309	485	567	413	710	269	507
426000	518	558	700	426	567	559	460	616	392	602	426000	705	329	413	277	466	559	394	700	319	554
427000	491	574	736	416	482	592	346	742	366	581	427000	652	331	464	269	504	568	361	825	309	565
428000	467	660	754	448	483	558	399	636	381	625	428000	617	336	433	228	537	565	341	674	275	553
429000	516	551	729	313	426	580	438	615	395	569	429000	710	302	475	264	489	576	388	664	233	579
430000	501	499	629	369	553	527	453	588	422	539	430000	725	247	350	254	536	514	457	732	313	534
431000	478	506	599	442	563	552	431	597	411	634	431000	731	306	417	309	551	622	349	758	309	600
432000	469	487	662	346	512	570	422	632	360	654	432000	661	299	375	309	524	629	418	726	269	618
433000	426	504	634	438	479	539	477	723	424	688	433000	590	305	366	350	451	560	384	764	312	582
434000	540	538	612	536	553	606	467	669	419	602	434000	743	301	388	329	464	608	377	648	273	520
435000	534	525	646	479	578	537	432	629	370	545	435000	697	316	383	352	464	558	414	633	285	512
436000	525	555	747	454	573	584	457	693	318	535	436000	798	376	401	272	518	609	464	794	263	519
437000	461	555	619	491	562	622	419	731	353	663	437000	712	438	408	266	536	672	403	744	228	610
438000	477	494	733	474	504	530	422	711	370	573	438000	783	358	470	333	434	580	396	812	293	546
439000	460	471	708	490	570	632	426	668	418	601	439000	699	301	424	311	505	669	447	708	287	591
440000	482	550	765	449	566	561	485	704	349	655	440000	709	321	494	278	489	635	436	749	296	604
441000	553	474	614	404	550	542	558	733	411	636	441000	718	342	440	330	580	644	437	765	297	618
442000	495	493	677	430	518	573	549	787	326	680	442000	746	297	414	274	516	587	397	791	283	622
443000	527	448	649	444	578	638	463	776	345	657	443000	781	367	342	273	546	605	361	822	307	571
444000	471	498	741	462	589	665	540	757	320	677	444000	766	358	419	306	548	598	441	842	271	582
445000	422	517	701	489	559	598	444	774	348	679	445000	710	332	435	325	502	604	417	816	303	647
446000	440	485	634	489	521	531	444	646	348	727	446000	757	340	403	342	498	562	435	661	273	702
447000	479	481	659	430	546	641	403	717	286	656	447000	723	311	398	322	493	693	352	769	300	589
448000	557	487	712	415	559	579	427	769	297	676	448000	774	357	487	338	517	594	382	807	261	739
449000	528	579	714	430	503	492	517	808	330	759	449000	767	385	452	332	447	461	386	832	287	696
450000	434	595	789	400	526	537	510	764	317	771	450000	658	359	466	298	439	607	437	832	275	666
451000	481	644	698	468	586	618	503	782	337	688	451000	721	370	441	333	513	567	473	817	296	690
452000	502	617	693	406	552	580	441	741	379	704	452000	759	394	466	346	486	637	427	826	329	706
453000	477	573	702	421	626	543	467	738	410	692	453000	705	402	471	342	555	617	349	839	310	659
454000	527	636	650	391	529	564	417	727	323	690	454000	710	342	466	359	526	666	334	794	262	633
455000	507	581	694	412	605	504	403	736	328	606	455000	684	321	504	398	524	577	388	828	306	587
456000	606	559	662	434	504	529	414	788	373	667	456000	756	362	432	373	501	663	416	832	327	632
457000	497	588	734	441	528	550	505	723	386	718	457000	643	294	530	377	494	608	448	816	297	670
458000	591	607	743	416	574	514	523	788	380	720	458000	733	379	496	369	502	616	447	781	326	732
459000	480	517	730	350	594	547	500	655	390	675	459000	701	301	467	367	583	609	437	746	369	674
460000	437	532	719	421	574	490	517	756	330	610	460000	584	316	476	399	507	569	502	793	357	671
461000	515	536	708	398	656	525	398	808	324	696	461000	685	309	488	378	625	532	433	874	328	703
462000	527	590	714	483	532	522	451	756	344	770	462000	631	368	393	386	527	626	451	864	296	651
463000	567	503	723	524	529	538	464	759	376	644	463000	718	365	437	399	504	652	465	815	293	708
464000	500	568	734	425	533	607	430	724	361	687	464000	694	343	482	320	535	670	458	855	324	616
465000	462	607	649	366	510	614	425	655	387	706	465000	655	341	490	299	494	637	417	793	273	740
466000	548	608	625	344	540	628	451	740	357	809	466000	673	299	438	282	494	656	468	797	345	764
467000	536	525	655	419	574	585	391	713	294	669	467000	738	311	461	362	553	679	400	804	309	674
468000	582	635	668	453	510	602	357	782	341	718	468000	724	378	378	402	491	661	368	782	286	737
469000	558	671	671	414	578	585	435	688	363	732	469000	680	369	466	393	539	681	501	754	323	705
470000	553	533	701	401	584	592	396	711	341	696	470000	768	336	494	367	534	689	505	835	337	746
471000	529	636	664	445	545	553	510	751	394	679	471000	783	390	528	417	484	593	475	776	406	703
472000	575	564	657	421	591	534	398	780	396	722	472000	717	393	439	344	576	619	479	824	402	755
473000	535	572	619	419	572	579	472	720	364	734	473000	713	385	379	338	514	660	513	758	377	713
474000	528	565	706	463	575	596	494	651	317	770	474000	691	390	472	357	491	598	510	763	329	792
475000	570	614	660	442	562	539	528	746	261	673	475000	752	396	429	406	497	646	551	767	246	648
476000	587	638	637	387	501	573	446	739	315	682	476000	695	405	409	388	448	686	521	773	338	677
477000	566	577	671	379	510	567	358	647	275	676	477000	758	339	474	387	427	630	507	719	270	691
478000	527	539	775	436	643	583	360	767	353	684	478000	767	316	496	350	514	672	514	753	350	665
479000	544	531	719	439	518	624	400	653	349	733	479000	754	275	477	356	404	699	541	722	259	662
480000	589	521	712	454	504	629	389	690	381	706	480000	783	319	439	408	489	651	480	791	282	723
481000	634	528	654	451	540	633	431	618	391	724	481000	682	285	406	387	443	617	544	700	287	704
482000	612	452	711	430	552	683	442	691	365	778	482000	751	289	464	333	522	683	517	794	317	703
483000	575	498	712	438	544	671	503	714	373	655	483000	641	243	426	357	520	657	544	805	269	708
484000	563	491	663	409	572	646	542	630	403	766	484000	681	236	456	371	510	642	690	683	264	739
485000	592	467	682	451	538	699	502	704	356	723	485000	706	261	430	381	444	634	539	752	318	712
486000	558	461	653	425	488	731	530	723	379	758	486000	745	244	487	354	390	685	531	871	334	715
487000	495	549	651	441	498	582	502	681	409	722	487000	670	267	450	335	447	574	581	775	389	794
488000	493	528	674	469	545	609	606	699	381	796	488000	597	273	511	388	542	518	577	757	284	798
489000	484	557	714	437	605	581	494	668	387	659	489000	646	251	459	391	506	555	536	687	311	691
490000	536	625	733	472	628	689	541	749	453	716	490000	722	318	434	414	570	675	584	729	334	707
491000	536	577	611	509	603	668	499	617	369	660	491000	641	315	437	404	511	574	573	688	335	753
492000	562	578	646	449	612	583	541	719	366	689	492000	710	298	406	409	514	570	529	734	285	741
493000	581	578	540	530	612	662	480	717	430	764	493000	696	281	401	442	543	633	491	762	309	766
494000	510	538	651	503	553	612	576	702	380	658	494000	736	352	453	359	557	536	611	711	287	704
495000	579	567	563	526	551	613	605	731	331	746	495000	706	387	460	402	531	557	530	731	266	732
496000	578	568	603	526	618	700	600	620	416	764	496000	670	344	401	434	486	572	580	733	303	738
497000	614	638	606	455	572	660	500	692	312	809	497000	678	353	370	338	503	642	540	688	230	787
498000	576	620	699	450	604	654	512	605	376	710	498000	733	271	448	325	512	621	562	710	272	730
499000	554	563	672	459	506	727	575	588	417	717	499000	641	273	387	350	550	662	579	704	292	702
500000	588	654	716	468	511	750	571	602	407	662	500000	715	358	420	403	475	701	530	678	252	655
501000	623	661	647	525	547	734	487	586	466	589	501000	863	378	439	335	545	721	554	627	298	671
502000	524	607	711	506	572	711	515	652	426	634	502000	828	335	476	338	486	593	557	656	297	701
503000	596	516	692	551	579	762	558	570	491	701	503000	782	301	421	363	571	607	609	618	323	768
504000	502	486	619	538	518	700	476	567	526	629	504000	718	266	425	415	526	635	457	556	333	729
505000	463	577	648	464	593	585	483	567	588	753	505000	684	314	405	386	497	560	465	566	355	774
506000	476	527	677	437	612	683	502	591	524	634	506000	703	341	426	316	555	603	493	661	313	750
507000	476	518	730	461	584	736	510	630	433	643	507000	672	294	471	369	539	559	562	719	264	754
508000	455	489	766	483	655	778	515	686	469	630	508000	616	341	438	390	550	660	551	751	330	676
509000	534	699	622	495	614	632	566	627	466	698	509000	721	388	359	347	579	543	579	667	351	741
510000	526	663	683	482	592	672	533	652	501	673	510000	756	398	441	389	541	555	509	721	375	711
511000	420	650	650	478	560	630	463	597	512	764	511000	686	365	442	386	527	522	514	670	343	717
512000	481	570	759	455	665	504	456	644	492	765	512000	725	344	524	384	619	522	452	712	382	744
513000	467	502	668	476	625	642	475	654	445	741	513000	684	291	461	359	598	580	425	809	386	715
514000	492	566	701	491	563	734	524	626	424	704	514000	720	276	525	392	522	649	570	662	344	741
515000	561	637	701	453	640	718	536	682	494	674	515000	803	275	501	382	571	604	533	757	342	763
516000	535	682	708	417	622	779	489	608	434	654	516000	822	317	428	365	544	636	561	759	344	662
517000	580	593	708	435	602	743	486	669	453	666	517000	761	319	453	347	536	621	493	830	329	747
518000	558	583	665	441	590	746	548	645	531	686	518000	690	349	493	336	623	637	637	748	292	702
519000	583	589	819	464	536	664	570	658	465	670	519000	676	290	501	300	497	498	648	722	354	727
520000	583	535	754	383	569	692	468	649	470	766	520000	681	235	501	343	499	503	590	778	390	858
521000	556	575	764	434	580	766	469	671	482	709	521000	697	315	494	306	486	571	549	737	367	724
522000	533	582	753	379	529	679	553	595	510	660	522000	775	292	519	347	510	547	590	658	376	722
523000	593	609	841	444	545	702	484	652	547	659	523000	709	263	487	293	481	534	520	801	374	746
524000	493	567	537	471	681	660	497	689	548	653	524000	633	275	444	318	549	510	585	790	411	772
525000	508	664	723	498	600	727	543	599	516	686	525000	679	309	477	364	521	570	621	740	375	717
526000	575	643	699	459	605	679	422	670	431	657	526000	769	324	456	359	508	544	525	612	340	705
527000	546	736	700	430	536	648	505	661	517	591	527000	747	364	449	355	493	505	580	666	407	682
528000	511	674	614	489	580	673	487	596	430	640	528000	671	344	436	279	481	598	536	592	397	706
529000	600	611	668	514	605	823	524	640	444	607	529000	688	347	406	308	588	583	490	579	419	653
530000	638	658	703	469	580	737	548	527	533	681	530000	736	307	447	356	563	519	571	613	454	673
531000	631	663	694	468	637	679	594	586	580	748	531000	764	320	455	371	536	526	607	619	478	683
532000	605	549	676	513	716	708	571	577	481	617	532000	761	294	428	347	583	614	553	587	442	688
533000	603	619	670	481	700	704	595	652	470	555	533000	746	302	452	318	617	541	590	642	426	672
534000	646	630	611	509	672	726	547	724	518	688	534000	775	259	407	307	616	529	532	713	492	731
535000	630	627	662	467	606	649	529	723	545	699	535000	744	242	456	320	562	544	527	802	428	717
536000	611	650	653	433	582	720	461	654	491	584	536000	791	281	463	314	563	614	535	771	397	742
537000	622	686	646	474	603	683	550	603	574	727	537000	708	248	459	345	496	572	559	724	426	768
538000	549	581	632	475	522	591	565	499	560	653	538000	712	248	469	350	474	521	575	555	433	733
539000	594	556	600	448	619	645	583	493	440	630	539000	689	267	403	334	535	572	532	617	442	727
540000	600	492	654	440	546	735	563	597	479	633	540000	663	229	478	329	476	602	484	678	424	652
541000	593	551	562	463	558	620	504	596	493	619	541000	676	225	421	292	472	481	501	751	486	693
542000	526	457	626	417	613	663	553	668	520	570	542000	651	208	437	312	460	570	474	708	466	578
543000	566	490	606	414	715	698	515	683	426	587	543000	722	263	467	312	614	530	541	775	394	675
544000	534	572	637	407	597	670	514	701	437	547	544000	666	277	492	302	505	507	388	732	408	635
545000	625	582	633	425	577	694	602	669	403	578	545000	738	260	437	347	555	560	488	746	401	681
546000	619	623	609	458	627	729	548	635	471	629	546000	708	269	462	353	658	568	526	685	457	701
547000	597	554	614	425	602	741	466	715	430	639	547000	751	274	509	325	596	583	459	788	461	721
548000	632	516	752	457	646	718	564	643	416	684	548000	838	233	530	401	583	549	509	571	456	804
549000	657	530	718	508	602	799	623	674	438	638	549000	749	258	527	395	513	555	544	726	421	729
550000	526	597	632	426	623	685	660	688	467	651	550000	694	273	470	355	574	545	592	835	497	716
551000	641	487	613	417	568	654	516	674	416	627	551000	681	282	441	359	547	523	543	747	446	766
552000	568	552	574	474	537	693	582	695	484	619	552000	679	252	422	394	528	599	584	767	454	775
553000	529	532	647	432	582	647	578	647	483	704	553000	698	231	462	385	557	545	544	723	485	742
554000	568	495	726	461	593	773	737	697	497	639	554000	658	255	497	379	581	545	637	728	527	801
555000	551	531	739	421	608	823	585	637	491	631	555000	670	270	517	373	543	551	471	601	442	709
556000	473	512	700	429	655	816	599	724	480	603	556000	672	293	526	329	570	652	496	875	449	744
557000	466	504	643	437	644	766	569	737	507	559	557000	679	244	449	355	584	572	493	822	371	671
558000	505	514	748	413	607	754	525	648	486	611	558000	576	262	544	362	580	574	477	712	496	762
559000	538	553	751	436	557	712	551	691	506	618	559000	672	329	506	343	569	540	484	805	519	739
560000	554	555	700	444	666	584	578	699	457	619	560000	666	290	473	348	566	590	504	788	434	730
561000	577	549	599	459	657	637	641	638	497	631	561000	722	304	447	341	494	516	455	625	480	798
562000	576	510	704	439	597	668	640	679	542	609	562000	641	293	519	377	523	579	418	696	493	732
563000	588	497	688	482	684	642	606	608	485	623	563000	631	322	477	412	546	555	441	733	476	700
564000	538	461	671	475	605	716	672	682	522	594	564000	665	332	451	389	570	599	549	746	451	661
565000	624	441	614	416	661	695	680	752	516	642	565000	698	297	419	345	570	554	548	820	405	691
566000	597	457	678	487	614	804	644	683	506	650	566000	637	304	489	379	509	677	565	808	381	737
567000	639	517	685	445	571	830	675	623	484	649	567000	659	285	520	422	519	606	556	688	439	696
568000	586	503	606	544	525	702	650	575	494	583	568000	660	320	503	475	487	597	594	682	435	639
569000	547	545	614	498	622	633	618	684	534	562	569000	714	374	515	415	574	484	486	708	497	655
570000	649	529	648	504	665	751	685	703	502	594	570000	738	302	493	409	534	557	518	840	508	686
571000	573	446	599	532	630	715	693	612	580	588	571000	735	254	541	434	554	587	545	721	507	665
572000	618	439	641	517	657	770	652	604	573	644	572000	598	266	527	384	559	569	543	714	510	632
573000	686	481	646	464	700	670	669	695	501	593	573000	771	241	508	306	538	634	584	826	453	616
574000	618	436	655	483	637	692	653	626	487	616	574000	635	266	480	362	525	530	527	724	397	735
575000	555	516	646	449	571	648	695	636	494	718	575000	578	309	448	400	507	531	481	730	389	697
576000	632	467	620	424	569	717	671	552	570	660	576000	720	303	483	372	553	590	507	672	539	710
577000	638	475	593	430	613	700	676	707	512	659	577000	729	280	458	396	518	523	534	723	451	730
578000	567	446	609	416	599	662	611	645	490	658	578000	681	241	420	368	552	577	496	720	486	761
579000	608	509	563	504	603	740	672	664	535	689	579000	734	229	479	411	570	607	516	710	479	791
580000	619	456	547	454	587	550	664	634	508	609	580000	750	274	459	380	614	421	519	742	435	700
581000	727	509	571	473	494	691	699	625	551	639	581000	781	276	469	375	523	552	581	749	504	765
582000	653	494	552	416	563	733	675	721	470	597	582000	639	292	491	355	532	555	530	780	449	692
583000	630	520	549	461	492	726	772	682	541	624	583000	678	287	486	359	496	626	593	801	481	621
584000	613	545	517	505	620	733	671	681	658	664	584000	678	237	422	412	514	575	512	775	515	778
585000	680	500	561	499	615	723	694	629	629	634	585000	719	264	432	456	581	595	533	738	479	716
586000	732	556	542	510	676	723	715	717	556	623	586000	752	277	478	448	640	609	509	776	488	669
587000	666	514	537	536	604	805	674	716	491	646	587000	688	244	490	413	571	630	552	739	470	683
588000	650	439	581	506	567	720	713	741	582	766	588000	689	217	446	440	543	566	544	882	487	787
589000	619	416	638	468	558	760	636	719	529	647	589000	634	226	493	354	480	596	527	841	442	754
590000	701	412	587	431	526	734	619	679	490	741	590000	789	236	493	365	495	612	508	761	521	860
591000	720	514	599	424	468	669	640	661	551	712	591000	732	282	469	420	498	600	539	824	547	727
592000	687	490	627	427	440	819	643	797	557	620	592000	681	266	487	405	395	611	591	883	512	723
593000	646	431	617	369	459	705	626	730	572	575	593000	790	269	505	350	471	612	554	812	473	650
594000	693	506	629	511	537	705	783	775	526	602	594000	699	255	547	417	500	585	561	897	456	716
595000	631	494	647	364	554	741	751	701	488	600	595000	647	318	512	319	561	555	663	789	446	746
596000	673	469	587	438	541	684	685	708	524	637	596000	716	252	538	418	531	527	632	736	510	665
597000	594	552	722	466	585	712	619	716	493	676	597000	707	265	507	415	545	552	531	791	472	681
598000	645	599	577	490	529	650	604	689	522	628	598000	677	272	412	391	528	573	509	808	514	759
599000	616	554	611	465	506	712	627	659	605	686	599000	781	283	465	448	501	525	586	732	521	720
600000	648	526	605	531	620	765	575	715	593	602	600000	709	243	501	480	569	562	548	764	541	794
601000	641	607	680	516	528	695	702	663	529	730	601000	733	293	545	473	549	569	621	762	501	825
602000	664	544	670	445	584	682	699	695	574	682	602000	722	257	487	395	511	538	574	822	488	681
603000	638	446	649	470	643	697	609	613	618	642	603000	766	257	444	365	581	612	551	739	400	732
604000	607	435	585	506	634	698	605	678	482	569	604000	568	245	482	483	602	573	515	782	443	698
605000	613	532	611	443	582	756	644	813	531	632	605000	637	342	469	402	508	592	539	851	478	663
606000	611	449	587	503	653	671	649	764	538	573	606000	645	305	538	397	572	632	549	879	543	637
607000	572	489	635	486	588	728	691	717	610	718	607000	623	310	524	432	548	610	573	737	474	639
608000	590	523	668	428	651	743	645	669	603	655	608000	643	267	545	375	519	624	555	812	459	728
609000	636	560	617	462	602	622	607	644	516	707	609000	643	269	575	382	530	523	553	688	489	745
610000	567	480	663	432	581	663	630	656	471	630	610000	565	256	555	414	565	535	555	718	436	678
611000	560	526	692	430	587	697	661	726	526	630	611000	612	264	455	423	541	584	574	778	412	677
612000	507	509	639	474	639	689	603	706	565	571	612000	568	218	602	412	548	519	532	812	533	644
613000	566	528	665	499	664	764	726	720	612	638	613000	699	261	583	377	578	539	595	851	460	668
614000	542	506	682	486	559	717	644	702	591	680	614000	598	263	572	400	515	597	548	798	431	693
615000	726	449	614	511	613	671	788	678	635	611	615000	725	298	494	393	570	619	594	794	476	665
616000	665	502	613	563	681	709	619	708	554	548	616000	748	291	515	481	590	571	499	728	368	594
617000	734	476	687	449	622	648	678	803	469	618	617000	798	254	601	414	589	558	576	963	331	638
618000	650	452	649	483	644	661	612	705	643	644	618000	683	224	539	418	551	568	539	850	374	629
619000	697	411	557	457	640	781	723	722	553	681	619000	742	226	463	450	570	661	557	827	390	673
620000	707	396	600	494	593	784	659	727	501	634	620000	742	211	537	484	555	578	575	715	377	707
621000	757	502	587	462	530	892	683	727	518	629	621000	788	210	574	435	507	674	572	815	444	692
622000	759	478	575	510	584	774	689	740	550	653	622000	737	208	527	454	564	629	628	789	437	679
623000	739	510	568	484	678	736	669	764	663	673	623000	754	219	520	433	641	594	589	762	489	746
624000	724	468	552	491	620	629	634	672	582	663	624000	743	231	525	418	600	590	542	713	413	710
625000	684	496	540	498	635	689	687	773	645	652	625000	767	244	616	405	601	567	556	831	435	705
626000	725	519	556	513	623	684	642	649	694	656	626000	820	208	601	443	589	599	543	659	506	675
627000	673	507	491	469	621	695	672	750	651	629	627000	803	199	489	420	609	556	592	724	491	655
628000	692	515	432	484	554	682	616	650	671	708	628000	740	259	447	420	577	572	573	687	531	687
629000	731	593	500	432	565	688	606	661	722	657	629000	744	238	477	373	559	609	502	760	519	706
630000	757	518	532	521	489	739	655	577	659	640	630000	702	252	574	452	492	626	590	670	477	656
631000	712	570	548	527	563	653	655	600	651	650	631000	774	299	558	502	513	542	445	722	544	782
632000	642	489	523	495	605	807	646	680	624	632	632000	647	287	563	419	532	601	588	694	509	664
633000	553	478	511	542	571	673	640	612	682	608	633000	595	229	514	423	534	524	570	645	524	660
634000	528	535	546	525	670	736	727	666	693	646	634000	532	304	511	427	551	618	634	699	471	689
635000	629	395	569	478	583	678	673	607	689	636	635000	715	233	529	423	522	559	591	683	485	658
636000	676	543	543	408	624	714	684	679	739	606	636000	702	238	587	424	526	624	628	745	476	653
637000	661	489	513	456	680	833	630	623	657	612	637000	723	275	519	420	605	662	597	735	488	722
638000	634	448	539	465	656	745	671	660	693	625	638000	713	278	572	419	599	600	681	724	444	643
639000	689	397	499	493	632	768	663	668	648	677	639000	727	301	532	394	577	575	583	768	536	701
640000	686	562	424	507	623	657	664	587	653	599	640000	768	334	454	450	546	567	523	625	360	693
641000	724	634	521	462	641	733	624	621	741	757	641000	742	313	481	477	562	609	494	720	465	765
642000	584	534	585	474	646	668	713	723	577	694	642000	589	295	565	431	531	553	567	796	382	669
643000	655	584	558	485	714	697	583	711	626	652	643000	689	343	498	465	621	618	574	791	421	701
644000	662	536	523	529	639	573	657	659	653	593	644000	785	354	504	439	654	503	586	812	391	628
645000	727	460	571	450	669	585	575	656	622	605	645000	803	327	499	419	585	498	494	789	399	663
646000	741	453	654	469	511	551	620	764	608	658	646000	787	306	491	407	445	586	514	832	418	748
647000	715	520	546	500	630	608	564	688	726	646	647000	819	315	543	443	581	568	484	746	429	693
648000	667	425	559	440	716	631	606	644	668	670	648000	684	296	561	362	593	506	483	705	447	612
649000	740	504	505	460	648	648	613	728	613	648	649000	777	317	501	429	590	629	532	750	444	700
650000	727	433	582	489	696	700	766	684	537	588	650000	816	277	566	428	622	622	610	747	427	631
651000	735	458	667	520	696	655	655	640	671	650	651000	768	292	566	459	560	650	533	682	520	658
652000	699	445	578	503	619	641	751	639	723	566	652000	699	315	523	453	482	545	578	684	514	601
653000	764	496	634	534	539	789	679	583	680	639	653000	782	324	571	483	490	586	593	625	460	741
654000	710	577	587	515	652	774	813	574	603	540	654000	742	305	587	509	589	609	573	628	431	631
655000	654	420	562	528	634	606	712	480	678	648	655000	751	246	595	454	488	546	586	531	446	734
656000	676	383	718	515	655	699	695	607	648	588	656000	655	299	637	487	596	591	584	707	460	574
657000	690	470	654	545	622	721	668	640	678	679	657000	747	319	676	554	551	627	504	659	432	725
658000	678	510	656	521	627	720	616	699	643	658	658000	785	358	598	525	558	666	529	698	407	674
659000	633	475	499	493	573	724	636	622	723	589	659000	709	308	597	550	541	690	560	666	469	695
660000	669	511	558	532	644	667	782	548	686	723	660000	699	314	622	531	596	688	637	693	463	695
661000	662	511	454	566	639	748	637	676	646	698	661000	676	253	623	623	548	684	535	698	431	714
662000	596	443	495	554	631	667	671	765	599	678	662000	578	277	607	567	533	627	516	771	416	660
663000	640	455	524	571	521	676	715	738	706	696	663000	561	314	544	562	497	634	509	758	533	641
664000	623	524	515	528	441	788	621	705	688	678	664000	595	363	643	544	442	695	500	732	519	622
665000	599	492	534	562	477	671	591	600	778	628	665000	610	327	544	533	395	638	475	637	525	637
666000	695	541	503	536	525	823	615	617	662	534	666000	671	340	598	539	475	657	545	618	453	590
667000	636	419	560	527	558	713	592	742	683	585	667000	617	284	559	544	501	611	539	726	475	663
668000	689	504	588	587	581	732	607	757	639	614	668000	712	318	596	542	509	583	520	755	522	645
669000	677	478	502	548	597	740	592	668	694	675	669000	649	354	599	560	559	661	486	715	526	704
670000	722	545	551	511	629	782	720	631	615	663	670000	686	362	592	459	520	677	532	589	402	692
671000	619	451	563	562	586	727	651	741	685	632	671000	650	395	604	516	519	752	543	742	433	690
672000	742	457	535	560	563	682	652	741	728	671	672000	697	356	576	499	590	692	567	697	521	703
673000	719	501	550	564	640	728	623	669	711	658	673000	709	362	634	526	560	587	482	679	494	689
674000	687	399	536	551	574	629	664	677	623	730	674000	681	383	649	542	565	593	501	743	407	721
675000	696	447	525	584	704	719	619	690	684	678	675000	794	352	626	547	605	617	523	636	470	693
676000	723	413	430	574	604	650	676	604	701	707	676000	639	304	644	516	579	683	549	570	458	762
677000	674	428	413	512	559	772	745	709	661	660	677000	688	283	644	502	545	654	520	648	471	709
678000	672	478	492	498	671	662	690	762	573	668	678000	680	336	657	486	562	624	605	746	486	705
679000	595	492	480	558	658	680	618	692	652	685	679000	590	306	642	529	559	609	460	670	440	658
680000	594	488	520	499	714	759	648	720	664	666	680000	578	353	648	501	597	690	556	686	459	641
681000	764	394	444	477	624	605	574	646	642	706	681000	715	338	625	452	576	599	509	681	385	709
682000	592	406	464	468	661	601	665	705	538	671	682000	667	348	680	466	540	654	527	682	397	653
683000	684	560	480	501	698	613	599	657	759	719	683000	700	412	642	484	585	619	491	664	473	665
684000	679	580	516	557	687	706	675	569	699	683	684000	585	424	638	549	573	683	568	617	480	716
685000	682	536	459	577	651	672	681	665	712	680	685000	541	349	606	585	601	652	522	829	445	651
686000	806	550	466	531	653	727	659	727	611	659	686000	648	360	595	497	629	641	511	794	383	660
687000	744	432	515	514	598	737	687	770	634	678	687000	684	335	605	467	635	627	591	754	407	672
688000	716	487	535	471	591	700	723	733	700	704	688000	610	318	611	444	505	608	545	683	420	755
689000	776	445	577	546	510	693	499	777	814	672	689000	703	352	656	542	534	559	394	785	486	670
690000	677	449	429	477	605	664	596	703	697	617	690000	633	331	529	491	470	600	483	794	448	636
691000	645	444	575	530	529	767	632	662	679	617	691000	608	352	612	550	519	640	473	700	396	621
692000	620	455	532	584	476	707	565	670	615	578	692000	587	365	567	535	472	650	393	739	355	524
693000	685	528	457	577	666	750	578	667	600	570	693000	632	343	533	514	522	687	440	735	357	567
694000	690	524	542	561	541	653	615	642	631	587	694000	683	325	558	516	546	628	435	665	424	559
695000	728	464	564	522	585	675	619	761	669	692	695000	665	340	600	545	495	635	465	771	441	590
696000	680	429	514	510	576	721	554	759	629	729	696000	628	300	608	507	541	609	445	777	471	625
697000	686	506	577	525	666	749	689	717	664	636	697000	642	306	605	500	546	676	486	769	413	632
698000	767	553	524	550	612	703	606	627	729	679	698000	747	370	555	547	527	564	460	686	450	658
699000	673	438	508	583	504	739	639	701	725	752	699000	721	349	568	559	487	589	487	771	397	670
700000	725	433	451	469	481	714	590	717	730	724	700000	758	321	501	528	404	573	513	732	371	637
701000	664	453	492	556	600	696	719	717	763	718	701000	680	382	617	556	522	593	587	734	429	632
702000	658	450	385	520	540	709	722	789	735	657	702000	728	317	565	550	514	599	586	800	390	630
703000	604	443	471	488	641	727	625	761	690	657	703000	683	325	584	505	504	678	500	756	316	513
704000	679	477	537	513	515	670	723	820	633	660	704000	658	307	660	506	458	660	566	856	337	575
705000	659	410	485	540	523	630	642	845	694	721	705000	607	333	562	524	431	646	532	815	389	654
706000	723	453	482	531	564	695	670	791	644	654	706000	580	390	515	530	446	615	559	829	362	604
707000	776	447	481	527	589	689	573	799	694	732	707000	703	368	554	558	530	583	576	857	395	615
708000	689	407	544	450	559	672	656	681	683	797	708000	714	379	593	502	537	595	479	768	399	655
709000	735	429	557	461	565	736	666	649	754	700	709000	672	323	581	514	484	698	567	673	349	665
710000	691	439	622	495	523	779	681	728	697	706	710000	680	418	636	530	448	593	582	712	394	660
711000	680	539	545	516	630	681	684	737	671	725	711000	623	451	513	570	503	576	552	771	385	674
712000	662	503	635	550	532	734	713	737	620	797	712000	643	393	611	568	427	609	548	760	339	681
713000	655	497	605	447	472	650	684	707	587	699	713000	630	395	633	533	422	607	593	783	325	672
714000	705	442	655	511	557	713	607	765	668	719	714000	651	384	644	520	539	577	500	749	404	661
715000	665	433	668	483	581	701	548	735	640	802	715000	665	368	662	475	586	600	519	750	428	724
716000	695	448	647	529	559	620	626	776	690	733	716000	743	406	653	566	501	598	487	792	464	746
717000	712	469	582	548	627	694	579	690	632	609	717000	686	396	655	572	555	581	528	751	470	706
718000	700	421	534	564	644	695	629	740	636	655	718000	677	338	572	578	507	640	546	778	413	667
719000	749	452	525	587	617	729	729	718	629	679	719000	647	420	492	522	580	633	583	727	418	715
720000	700	397	649	524	608	722	679	696	653	730	720000	711	476	632	511	522	649	539	657	455	695
721000	715	348	583	444	672	620	654	726	699	779	721000	699	398	602	496	480	615	576	747	460	777
722000	670	464	554	448	620	606	669	762	631	789	722000	678	359	589	536	501	613	603	843	470	758
723000	703	438	550	480	584	688	735	792	654	722	723000	602	398	655	473	491	649	593	734	497	748
724000	728	437	524	531	681	664	685	754	684	655	724000	647	376	574	509	562	616	512	702	433	674
725000	763	407	527	492	628	712	733	670	673	647	725000	662	371	635	489	484	646	496	767	429	629
726000	748	563	594	480	625	668	751	775	734	637	726000	676	428	598	517	487	659	552	736	468	706
727000	689	501	597	507	460	732	759	733	719	622	727000	661	344	530	538	391	668	569	715	439	650
728000	717	458	582	486	446	674	646	808	703	544	728000	640	343	642	539	346	591	506	802	431	695
729000	672	473	688	530	534	572	563	678	750	610	729000	613	327	669	505	443	510	464	767	422	709
730000	694	410	627	499	495	633	740	799	742	626	730000	678	277	617	564	423	609	608	690	463	650
731000	659	527	650	502	576	655	736	703	704	696	731000	578	374	688	542	501	617	614	691	389	648
732000	657	554	633	528	635	689	666	786	700	739	732000	574	400	704	506	517	669	551	852	413	729
733000	629	510	565	476	678	706	659	753	648	616	733000	638	314	587	552	516	667	518	737	365	782
734000	677	460	579	520	754	625	672	792	716	634	734000	726	338	569	585	575	569	543	772	418	683
735000	760	556	637	458	696	622	641	701	667	689	735000	750	356	688	583	467	590	514	668	448	684
736000	764	409	598	499	569	673	801	648	724	606	736000	754	380	630	553	495	616	562	699	470	701
737000	767	532	618	470	454	710	667	676	740	615	737000	669	384	660	558	450	666	524	730	495	728
738000	804	399	630	493	548	745	747	671	796	559	738000	651	278	622	527	516	662	551	696	558	693
739000	755	420	543	467	613	811	712	832	747	755	739000	719	347	517	481	541	739	589	789	462	796
740000	718	459	575	478	654	647	534	739	653	631	740000	636	345	581	535	550	546	581	762	468	692
741000	736	438	660	484	636	645	685	796	685	633	741000	709	340	622	510	499	628	585	723	507	651
742000	760	442	626	532	673	646	754	725	680	681	742000	668	378	678	523	524	620	555	715	522	679
743000	727	452	700	489	665	756	693	793	614	744	743000	675	387	704	493	612	677	503	770	421	714
744000	776	501	731	578	702	729	618	708	697	652	744000	671	362	734	493	585	653	492	687	432	691
745000	734	471	689	561	733	623	668	725	650	669	745000	707	368	671	527	621	613	513	702	435	675
746000	704	529	629	543	667	757	670	705	593	645	746000	673	508	732	506	559	716	558	665	400	660
747000	776	480	575	511	695	710	662	709	539	631	747000	752	432	682	573	509	692	468	756	372	663
748000	697	404	571	532	689	691	697	751	734	588	748000	735	356	684	497	557	616	511	760	428	647
749000	753	471	551	534	675	615	690	671	650	601	749000	692	333	680	550	544	624	532	672	470	676
750000	743	468	624	506	652	640	696	695	716	740	750000	702	363	698	521	540	645	456	735	488	691
751000	727	452	686	479	678	700	688	675	649	622	751000	763	319	755	557	547	631	554	698	405	592
752000	834	618	656	464	631	678	714	721	700	588	752000	708	447	741	432	495	587	548	706	439	629
753000	718	642	643	526	527	716	684	644	652	625	753000	626	443	721	547	498	711	575	718	501	714
754000	775	573	533	490	654	689	665	781	617	646	754000	674	391	580	492	572	682	534	701	521	707
755000	707	508	547	445	578	650	696	778	654	649	755000	653	424	587	461	500	657	582	765	456	621
756000	767	588	637	462	662	683	586	756	653	639	756000	725	456	715	496	552	619	487	682	524	609
757000	658	593	611	515	708	679	625	760	637	674	757000	640	415	674	542	528	630	428	714	478	643
758000	738	503	580	477	617	671	610	695	777	538	758000	635	439	694	513	523	670	500	617	535	633
759000	766	441	585	589	837	678	624	698	583	541	759000	686	359	768	555	609	660	542	773	437	595
760000	758	469	563	528	726	659	650	717	513	574	760000	566	388	690	572	616	661	554	697	368	642
761000	609	507	573	512	746	672	727	784	718	626	761000	513	355	703	593	624	582	568	731	406	682
762000	672	426	636	529	680	746	700	840	699	651	762000	544	357	704	506	589	621	523	774	436	692
763000	618	569	776	548	609	730	567	648	672	574	763000	554	379	797	535	543	686	465	659	421	652
764000	695	586	752	504	665	687	605	685	634	524	764000	600	364	790	538	600	647	466	708	511	668
765000	745	553	662	525	728	816	699	737	648	623	765000	683	440	729	481	564	677	543	755	487	667
766000	769	579	665	578	716	724	671	748	639	576	766000	713	430	746	509	608	717	585	681	419	616
767000	775	638	615	505	819	702	729	779	631	662	767000	703	540	747	530	673	673	573	739	494	685
768000	772	615	611	520	749	636	668	648	715	639	768000	658	511	754	566	553	601	554	674	445	720
769000	794	594	637	526	682	734	658	653	602	619	769000	684	378	738	527	588	689	515	686	464	669
770000	825	579	695	548	593	614	694	744	599	615	770000	696	357	698	556	525	567	475	798	483	683
771000	747	514	656	593	695	803	598	697	636	681	771000	577	322	729	549	572	712	458	753	465	684
772000	805	598	574	552	719	728	574	792	687	649	772000	616	361	666	478	585	633	494	764	503	692
773000	733	597	644	488	627	699	612	864	669	638	773000	635	453	711	525	531	666	524	789	576	651
774000	744	570	621	526	672	717	714	654	680	619	774000	639	380	713	517	560	631	535	709	509	634
775000	754	575	524	474	682	633	688	786	685	563	775000	656	372	641	533	569	658	551	842	470	555
776000	797	512	620	563	687	660	699	777	729	645	776000	662	355	647	512	559	562	553	772	488	689
777000	775	737	579	558	609	725	612	700	703	557	777000	643	432	605	472	563	630	500	722	555	643
778000	706	680	564	492	672	704	690	742	640	541	778000	565	447	516	506	562	641	524	714	549	614
779000	690	692	611	485	755	668	769	716	669	608	779000	536	417	596	477	625	653	539	724	664	629
780000	727	623	678	536	729	680	690	708	645	506	780000	576	415	746	502	576	685	541	699	657	564
781000	726	617	635	453	607	677	740	675	634	569	781000	642	440	696	426	563	614	512	715	523	642
782000	806	578	629	583	739	738	677	759	647	607	782000	672	423	625	478	600	645	564	783	554	621
783000	747	586	591	519	796	683	769	761	714	592	783000	635	376	658	473	608	551	570	778	609	618
784000	771	631	637	505	757	737	728	696	569	650	784000	699	344	715	503	592	614	558	704	602	669
785000	708	648	623	585	717	731	726	725	604	659	785000	646	446	691	516	570	647	584	757	545	671
786000	656	735	595	508	696	681	658	752	617	653	786000	578	418	644	491	570	581	592	773	553	678
787000	730	671	651	520	787	654	809	683	604	728	787000	651	397	646	544	597	566	619	695	613	722
788000	774	591	647	557	661	636	620	724	624	624	788000	666	446	635	513	588	564	526	734	595	712
789000	754	677	643	557	706	705	592	772	652	620	789000	616	461	691	447	553	616	426	795	673	723
790000	801	676	608	552	711	667	751	764	654	596	790000	613	493	667	410	549	720	570	772	612	663
791000	729	706	531	501	726	726	647	706	649	581	791000	657	454	609	423	627	704	527	761	620	711
792000	715	678	515	531	731	727	651	730	644	531	792000	645	447	645	451	613	691	546	773	593	671
793000	679	664	613	551	802	746	705	769	618	637	793000	640	413	749	440	649	687	606	757	610	715
794000	699	601	564	546	655	768	718	784	653	639	794000	693	404	689	468	575	662	611	774	547	703
795000	741	531	550	529	694	725	679	796	585	610	795000	592	385	667	453	562	670	583	761	532	714
796000	728	542	641	518	628	662	747	708	732	601	796000	621	411	651	445	553	616	633	751	525	690
797000	631	599	570	571	618	662	721	774	750	631	797000	661	430	602	439	510	627	646	769	527	744
798000	650	649	592	497	633	718	744	722	689	664	798000	522	384	601	446	547	659	600	741	560	674
799000	580	653	573	545	722	685	733	790	650	582	799000	526	389	655	525	591	673	573	796	499	685
800000	688	726	608	536	665	635	722	727	701	599	800000	672	427	625	477	551	634	642	811	611	619
801000	688	625	595	592	672	673	713	728	647	566	801000	675	405	682	482	566	659	580	647	476	633
802000	722	590	613	503	705	729	771	701	538	600	802000	706	387	622	469	601	717	653	763	466	637
803000	739	647	597	574	664	727	637	688	605	539	803000	686	376	622	473	540	718	605	711	533	615
804000	744	660	608	615	717	685	682	732	626	576	804000	568	382	699	488	584	677	633	686	528	593
805000	747	606	556	617	688	701	688	761	634	632	805000	581	382	608	543	576	721	594	745	592	667
806000	676	585	611	607	639	690	727	686	632	636	806000	624	411	692	510	524	732	602	725	573	700
807000	669	622	563	549	674	602	624	763	692	560	807000	573	372	638	473	560	687	557	751	606	639
808000	624	563	560	626	649	722	635	696	632	571	808000	499	383	609	516	603	767	581	683	531	580
809000	666	568	602	529	781	695	619	689	671	600	809000	566	383	662	509	683	709	604	691	636	667
810000	678	614	603	544	751	657	732	682	660	648	810000	541	364	603	511	560	669	718	732	570	628
811000	689	684	655	534	689	573	777	721	737	587	811000	568	388	788	442	595	662	617	722	680	601
812000	759	671	626	530	606	747	769	763	688	598	812000	614	449	749	531	524	755	695	731	642	656
813000	649	698	513	550	785	734	681	752	668	542	813000	604	404	693	496	619	739	567	754	618	659
814000	709	663	577	525	692	632	707	766	694	600	814000	594	420	655	475	587	725	614	811	615	686
815000	687	677	587	467	678	668	618	688	695	593	815000	620	345	651	483	545	623	576	717	578	631
816000	721	651	513	491	714	658	749	658	567	592	816000	656	375	586	506	602	657	648	674	577	621
817000	737	644	639	523	803	558	665	640	654	541	817000	658	368	636	491	624	631	555	678	571	553
818000	715	623	653	547	709	652	703	678	561	461	818000	668	364	750	477	536	699	586	638	447	505
819000	621	556	647	594	769	633	683	743	595	490	819000	591	339	705	495	585	687	583	741	497	611
820000	644	669	679	529	726	609	693	663	617	610	820000	558	409	705	493	578	615	618	707	522	716
821000	678	660	607	555	686	754	797	680	682	567	821000	554	366	696	539	560	585	654	731	497	681
822000	736	638	515	537	593	785	703	752	548	614	822000	524	388	744	465	521	735	633	790	516	666
823000	733	581	668	527	658	678	712	730	660	642	823000	609	339	728	499	496	752	650	755	510	729
824000	633	609	707	543	686	690	749	703	585	604	824000	558	367	744	526	532	671	647	645	457	773
825000	703	548	662	527	779	564	707	662	647	669	825000	542	331	753	474	560	668	645	618	558	722
826000	816	616	635	552	656	607	662	722	599	556	826000	638	401	720	466	556	667	548	689	622	688
827000	797	584	651	417	746	566	697	710	635	564	827000	616	407	679	412	569	598	636	673	647	683
828000	804	630	653	511	637	630	671	670	619	614	828000	598	387	700	483	538	669	564	646	552	663
829000	877	610	554	505	765	635	724	518	642	626	829000	684	417	644	484	647	634	642	561	611	707
830000	869	707	611	542	665	696	701	666	588	607	830000	635	473	716	520	552	706	625	733	585	765
831000	776	636	525	541	728	707	698	664	660	596	831000	592	442	642	561	639	718	621	688	555	769
832000	806	643	625	525	666	695	826	718	531	565	832000	525	431	711	581	592	647	709	748	470	633
833000	727	714	568	544	740	656	739	737	593	614	833000	513	521	671	571	651	593	702	738	492	710
834000	773	752	519	525	770	625	731	762	534	569	834000	512	500	631	508	608	655	585	783	516	742
835000	744	738	632	490	783	645	655	797	605	584	835000	578	478	656	490	646	567	541	802	485	664
836000	866	569	640	478	705	705	742	814	529	636	836000	614	436	693	515	631	689	653	851	469	664
837000	926	644	646	502	749	781	687	779	604	669	837000	639	465	650	502	632	630	634	799	434	712
838000	816	700	730	515	751	732	700	757	576	591	838000	622	500	690	541	599	755	641	795	499	647
839000	790	732	766	608	664	657	830	858	707	636	839000	632	466	697	522	466	649	754	747	547	684
840000	781	706	651	527	741	691	744	740	541	629	840000	537	506	667	493	583	693	597	699	501	715
841000	771	752	606	544	758	719	713	823	621	566	841000	588	462	714	469	667	618	594	749	542	654
842000	821	722	644	572	712	708	641	752	540	563	842000	629	502	657	530	635	631	608	732	594	668
843000	747	684	623	611	770	675	663	760	596	616	843000	648	472	684	561	654	681	592	729	519	692
844000	734	620	675	530	722	614	678	774	618	571	844000	580	424	701	504	596	658	643	668	555	687
845000	745	711	676	514	614	657	766	742	649	616	845000	518	435	707	524	595	646	653	778	551	660
846000	762	732	671	568	576	694	712	822	658	609	846000	539	433	686	508	543	688	617	752	628	723
847000	786	683	724	510	644	679	704	790	643	540	847000	627	405	788	556	572	677	606	820	648	576
848000	845	677	671	520	705	679	779	762	598	560	848000	634	482	728	535	554	674	649	738	557	659
849000	751	774	729	570	661	619	691	800	720	531	849000	601	452	739	545	582	662	643	732	601	634
850000	913	739	640	651	686	604	589	740	672	574	850000	628	468	717	595	578	634	583	750	606	726
851000	756	660	675	600	654	566	547	691	615	584	851000	652	435	771	530	594	582	591	624	573	711
852000	783	602	710	609	604	606	711	741	635	571	852000	608	433	737	556	539	647	592	705	643	629
853000	732	591	666	532	649	601	670	741	709	690	853000	533	415	678	467	534	657	633	686	667	692
854000	750	679	764	573	647	696	733	682	679	554	854000	596	451	636	524	575	578	635	636	605	613
855000	799	576	717	514	649	744	701	762	682	560	855000	612	366	686	435	597	733	618	740	662	706
856000	919	731	684	553	647	650	741	700	651	557	856000	707	450	702	514	568	707	651	689	582	679
857000	881	675	695	472	691	623	723	610	675	585	857000	542	434	705	483	610	708	609	634	628	646
858000	813	677	744	511	594	570	678	765	706	598	858000	579	408	695	494	545	605	620	744	690	737
859000	723	743	731	583	672	656	774	702	670	610	859000	536	468	733	503	543	688	736	660	670	636
860000	754	694	582	585	591	725	699	689	751	607	860000	559	503	622	541	546	616	655	671	681	652
861000	713	677	627	570	669	676	720	817	696	532	861000	533	407	567	486	596	573	663	729	588	593
862000	738	681	709	625	702	752	684	706	643	481	862000	499	426	649	532	595	612	660	728	654	539
863000	777	704	702	591	637	712	725	788	581	523	863000	580	407	633	505	575	655	611	792	567	535
864000	747	569	715	546	642	616	664	735	564	578	864000	552	369	682	515	514	661	648	690	680	685
865000	740	648	795	546	635	679	746	774	602	590	865000	570	425	770	513	561	656	642	674	613	668
866000	730	708	658	508	690	659	646	724	648	672	866000	551	453	600	479	591	569	535	658	676	734
867000	769	653	651	552	746	698	628	737	671	550	867000	532	415	641	510	571	700	633	699	706	596
868000	685	717	550	516	693	635	634	615	626	581	868000	491	459	646	554	614	648	592	558	733	590
869000	733	673	636	512	627	637	723	595	704	594	869000	559	427	588	547	571	699	616	569	729	659
870000	728	799	615	614	653	586	723	683	627	586	870000	517	504	622	586	506	679	646	761	660	697
871000	779	698	585	555	693	608	654	755	655	621	871000	473	439	589	560	518	663	562	729	613	619
872000	733	644	669	551	693	547	707	742	642	648	872000	483	398	658	596	655	664	578	764	579	645
873000	706	669	651	550	711	618	757	841	706	581	873000	483	428	684	530	558	658	591	818	656	654
874000	782	703	779	500	782	603	757	700	730	630	874000	555	490	727	632	647	603	664	752	666	658
875000	756	569	706	529	692	585	753	767	679	590	875000	541	415	686	582	560	631	640	724	636	690
876000	784	418	691	520	745	624	664	724	630	587	876000	524	335	719	577	615	621	623	759	662	731
877000	776	653	685	517	636	648	740	660	674	556	877000	565	432	652	560	548	651	613	728	577	648
878000	797	636	759	496	657	568	695	740	649	524	878000	616	393	696	451	617	634	540	767	631	602
879000	783	651	724	546	622	622	755	718	725	615	879000	612	405	739	560	602	653	616	700	690	625
880000	783	641	694	592	700	628	758	781	765	551	880000	589	382	755	557	623	655	654	645	689	612
881000	844	687	812	648	684	692	731	740	663	514	881000	635	393	704	678	588	685	633	727	669	575
882000	801	699	650	569	636	629	647	788	645	610	882000	627	442	683	600	582	660	572	763	563	544
883000	791	616	652	588	648	619	687	712	619	579	883000	501	416	706	639	568	654	636	700	621	640
884000	780	584	651	575	668	649	676	728	603	589	884000	518	444	751	652	560	584	574	678	599	670
885000	776	625	700	552	720	627	621	728	568	602	885000	567	380	735	644	577	637	600	698	560	641
886000	776	646	729	530	733	630	694	757	639	565	886000	507	409	813	557	576	671	617	708	627	669
887000	715	723	676	451	678	568	707	704	703	547	887000	477	404	666	536	570	599	627	669	644	625
888000	780	668	721	489	699	604	717	652	662	581	888000	498	387	724	544	568	600	660	614	704	644
889000	682	652	714	503	721	572	719	749	620	499	889000	546	367	681	539	547	636	654	724	711	646
890000	677	669	813	551	755	549	743	714	716	556	890000	487	435	720	551	588	622	686	629	736	577
891000	849	619	650	464	702	623	662	708	669	575	891000	586	413	658	538	612	600	686	721	738	607
892000	706	624	762	487	769	604	726	653	707	645	892000	601	444	793	560	525	687	670	604	691	772
893000	678	671	628	558	749	614	719	614	727	529	893000	567	473	619	621	576	603	688	624	729	629
894000	754	730	705	531	732	687	743	694	738	610	894000	611	455	699	582	606	669	644	723	671	668
895000	687	738	660	541	641	668	750	696	631	586	895000	538	537	734	563	555	680	631	658	617	752
896000	738	680	639	419	710	628	707	781	608	537	896000	554	385	722	538	536	756	601	794	695	629
897000	712	652	683	516	755	618	698	717	636	556	897000	523	425	665	597	551	719	579	715	728	567
898000	779	608	647	493	689	581	640	811	612	567	898000	586	386	633	547	541	666	562	814	692	590
899000	755	583	717	524	700	529	754	695	670	530	899000	590	415	621	552	554	623	574	724	681	571
900000	758	593	643	575	750	515	704	808	772	556	900000	545	383	584	600	641	601	563	725	687	622
901000	777	576	729	562	644	542	674	777	688	615	901000	585	350	636	608	576	658	503	708	788	672
902000	745	604	707	481	613	538	595	748	723	599	902000	516	423	645	508	476	647	531	696	735	603
903000	817	637	794	486	674	526	592	702	638	552	903000	640	420	632	597	515	643	573	634	617	664
904000	808	642	756	471	603	597	655	712	572	619	904000	585	377	619	543	462	724	549	652	783	672
905000	744	550	776	531	701	620	716	718	700	584	905000	556	383	648	491	560	739	616	664	678	605
906000	727	601	747	470	738	599	662	697	605	519	906000	534	431	667	566	608	683	588	716	683	738
907000	815	560	786	552	698	601	699	745	697	532	907000	532	455	692	571	505	654	533	707	760	607
908000	732	533	716	523	719	595	585	683	618	604	908000	551	380	672	543	569	686	511	696	697	625
909000	819	511	736	509	658	551	601	757	594	538	909000	664	358	671	505	585	558	556	694	761	679
910000	699	638	665	497	698	577	601	713	681	533	910000	525	422	651	591	559	749	598	661	673	614
911000	762	658	700	500	633	576	581	759	769	610	911000	634	382	638	528	532	673	553	661	811	678
912000	760	671	704	470	667	488	722	699	757	631	912000	578	446	690	575	566	665	566	616	734	691
913000	750	672	730	533	671	571	673	668	687	599	913000	586	382	709	605	629	661	559	652	767	653
914000	750	698	737	542	690	512	623	652	693	563	914000	609	447	625	599	628	724	487	553	779	672
915000	761	652	673	531	617	532	686	648	701	598	915000	568	459	669	570	589	647	541	560	766	656
916000	683	693	657	455	678	516	704	665	710	526	916000	590	465	592	519	599	671	644	583	737	649
917000	783	622	599	477	706	475	658	670	620	568	917000	495	430	604	518	630	732	528	589	674	644
918000	797	695	755	438	718	546	687	736	645	503	918000	535	491	654	537	566	703	627	657	742	652
919000	713	652	735	510	741	593	798	676	674	479	919000	516	494	739	589	633	759	673	623	719	615
920000	685	676	692	511	641	683	730	662	725	592	920000	524	420	685	509	554	771	641	638	797	636
921000	733	673	704	505	603	607	619	710	520	535	921000	515	483	687	569	510	717	518	670	638	653
922000	698	550	691	479	714	592	728	744	652	625	922000	499	416	669	624	557	690	643	624	732	571
923000	687	639	665	542	668	599	635	716	648	679	923000	530	470	636	552	622	795	646	655	619	649
924000	745	636	678	537	633	566	669	752	682	666	924000	472	462	631	561	557	652	602	676	747	663
925000	752	729	741	486	657	586	661	708	692	643	925000	485	434	655	617	545	717	646	601	709	651
926000	830	673	656	512	716	613	728	667	696	597	926000	491	422	626	561	568	703	677	594	668	670
927000	747	608	681	546	752	706	663	691	677	533	927000	458	414	638	616	552	768	643	658	703	656
928000	812	570	719	523	674	656	692	680	665	482	928000	494	373	674	529	524	712	599	562	728	581
929000	816	690	757	526	733	572	623	606	598	597	929000	465	448	599	539	657	678	613	533	660	557
930000	810	711	733	574	726	494	675	662	623	553	930000	523	469	589	601	623	624	604	543	669	593
931000	795	812	790	563	741	543	560	709	724	594	931000	518	479	637	512	593	604	538	566	865	568
932000	743	756	763	524	778	546	762	721	740	518	932000	567	461	651	573	630	693	610	545	858	492
933000	633	774	702	523	772	518	795	687	679	577	933000	501	513	612	580	596	641	648	598	744	591
934000	742	680	700	521	724	535	729	660	720	575	934000	456	468	594	557	627	697	633	617	715	535
935000	773	674	785	607	750	582	647	678	714	604	935000	574	459	631	596	591	744	660	613	800	565
936000	791	759	727	516	765	638	671	610	646	552	936000	584	481	553	599	585	736	584	567	691	635
937000	795	683	692	502	784	634	658	666	645	478	937000	616	481	566	590	632	748	615	498	794	494
938000	773	672	727	454	688	551	585	638	731	600	938000	582	481	576	514	624	678	591	505	757	584
939000	771	685	710	499	592	572	644	618	690	558	939000	565	484	601	527	623	720	634	518	713	623
940000	762	535	785	477	633	670	680	711	672	553	940000	488	403	649	497	588	800	599	590	797	618
941000	748	599	809	530	704	631	600	771	714	495	941000	492	459	662	537	549	718	645	668	773	558
942000	802	721	821	504	719	590	597	728	711	550	942000	524	522	646	494	622	699	631	654	786	553
943000	753	675	753	536	685	546	639	807	732	491	943000	479	509	674	533	624	697	572	690	796	565
944000	721	635	720	479	738	491	642	699	664	502	944000	495	498	590	505	579	691	736	596	799	530
945000	820	583	754	512	734	532	635	701	629	497	945000	522	505	609	566	596	719	575	520	758	527
946000	817	634	727	488	696	532	635	724	681	548	946000	558	489	631	542	674	673	549	519	702	578
947000	824	676	781	536	641	519	704	751	631	552	947000	610	467	703	555	576	715	587	558	715	583
948000	781	728	778	517	519	630	690	628	728	537	948000	554	491	645	611	442	681	582	521	739	612
949000	785	704	797	567	672	556	651	742	590	544	949000	512	528	607	546	513	724	599	546	735	598
950000	809	680	768	572	677	599	607	614	653	535	950000	492	465	585	526	624	721	556	578	770	580
951000	740	734	699	471	715	518	606	698	680	527	951000	534	413	584	578	606	724	609	530	693	581
952000	790	637	777	572	727	442	749	686	727	538	952000	540	386	626	652	666	626	583	535	714	571
953000	810	656	795	582	704	479	741	752	698	504	953000	525	478	648	614	637	759	554	581	671	650
954000	816	643	709	612	673	476	704	650	731	514	954000	591	482	611	586	610	630	615	638	750	613
955000	820	675	694	575	659	521	713	770	771	575	955000	583	499	599	547	601	684	646	683	773	594
956000	846	712	686	587	745	475	724	821	745	546	956000	581	470	643	603	653	647	729	706	764	589
957000	793	676	691	584	668	443	795	723	766	583	957000	557	473	623	562	642	558	671	700	788	603
958000	739	700	763	597	719	463	701	770	741	606	958000	530	525	619	562	615	638	661	712	784	615
959000	824	708	794	512	667	492	705	746	679	579	959000	572	491	603	600	637	600	633	620	698	584
960000	904	712	750	509	725	471	728	734	774	584	960000	634	510	634	558	699	662	576	674	780	578
961000	876	783	768	531	733	474	777	734	645	576	961000	676	547	658	491	629	601	552	643	770	604
962000	821	771	792	503	761	436	638	735	635	579	962000	650	487	624	616	721	617	598	674	774	570
963000	700	738	736	551	695	492	670	730	736	621	963000	551	541	636	567	594	664	629	591	848	620
964000	738	779	783	568	738	568	683	742	688	601	964000	593	538	586	550	682	732	579	665	700	655
965000	716	699	735	456	705	483	717	651	648	561	965000	563	564	587	482	657	669	601	664	659	638
966000	793	654	795	563	748	449	645	663	635	617	966000	615	412	631	552	652	590	622	577	754	726
967000	761	649	773	485	717	471	696	713	606	631	967000	557	478	601	557	595	557	693	665	666	693
968000	849	679	779	516	712	554	588	784	610	630	968000	583	510	580	560	693	609	550	718	720	600
969000	773	719	783	510	742	498	663	753	535	687	969000	600	535	620	557	602	588	603	687	620	701
970000	860	685	828	500	716	533	646	806	569	600	970000	643	439	647	575	576	591	591	713	634	693
971000	780	574	849	550	705	521	538	786	727	607	971000	601	437	638	562	599	642	532	701	699	607
972000	918	639	777	588	622	540	653	737	705	640	972000	711	508	618	604	613	678	552	664	766	683
973000	726	725	771	513	647	572	689	810	735	660	973000	587	517	617	565	590	717	663	684	757	757
974000	836	667	786	536	725	573	648	844	750	613	974000	596	501	588	505	667	591	628	756	670	665
975000	775	705	732	501	769	713	676	752	710	579	975000	617	407	574	555	675	683	608	698	761	652
976000	712	668	834	560	721	594	653	796	789	598	976000	576	503	623	616	596	681	569	696	709	638
977000	784	736	835	596	665	570	678	908	785	580	977000	668	535	634	631	656	654	673	754	725	682
978000	773	627	700	601	625	588	790	813	684	572	978000	596	497	633	575	605	641	647	660	737	726
979000	789	685	743	521	631	639	781	822	772	564	979000	543	499	677	556	581	654	735	753	700	618
980000	767	707	751	583	617	649	635	826	680	639	980000	562	447	629	609	596	712	567	722	708	725
981000	788	657	747	584	660	567	637	827	768	559	981000	606	466	673	559	564	631	593	758	771	581
982000	771	780	739	599	711	569	634	828	744	657	982000	565	468	636	577	615	606	619	683	737	678
983000	760	769	799	517	683	590	674	700	686	606	983000	558	481	667	590	606	603	550	694	794	696
984000	589	685	750	543	747	579	685	855	712	697	984000	511	460	552	569	585	638	508	766	730	700
985000	773	737	799	564	662	594	575	850	773	580	985000	598	500	607	518	587	697	614	754	751	641
986000	765	768	840	558	684	586	568	928	706	560	986000	611	476	674	590	685	620	533	784	736	604
987000	704	708	750	544	676	593	628	825	654	574	987000	556	446	668	560	605	622	702	688	751	605
988000	759	764	663	627	623	632	737	810	668	645	988000	556	482	578	605	676	613	617	668	784	643
989000	746	687	861	588	607	566	597	778	694	580	989000	636	473	620	574	709	594	572	635	681	617
990000	818	719	818	600	639	568	672	809	625	556	990000	633	440	728	616	709	612	577	668	673	652
991000	830	719	738	540	571	598	648	720	700	576	991000	643	421	656	595	630	683	558	629	754	683
992000	766	647	760	553	645	608	674	762	660	555	992000	630	418	623	519	597	714	605	647	815	590
993000	770	721	752	550	620	637	718	655	650	540	993000	622	486	636	546	642	722	644	632	720	599
994000	820	670	794	576	587	583	672	783	660	665	994000	676	421	684	652	613	771	621	675	753	627
995000	843	640	747	553	603	550	652	798	647	614	995000	633	420	598	551	698	692	562	659	663	616
996000	922	711	813	610	538	529	708	837	668	559	996000	689	522	622	580	638	745	605	635	702	592
997000	850	609	743	606	590	663	652	793	696	494	997000	690	403	610	591	627	766	592	639	724	569
998000	799	626	859	620	578	702	673	847	673	562	998000	602	491	642	581	662	846	642	541	763	542
999000	914	685	777	626	565	678	607	742	721	546	999000	673	466	671	649	651	768	567	425	783	595
1000000	1	0	2	0	1	0	0	0	0	0	1000000	1	0	1	1	1	0	0	1	1	0
