0 0.636364 0.500000 0.575758 0.347826 0.571429 0.433333 0.550000 0.478261 0.466667 0.548387 
1000 0.461538 0.500000 0.437500 0.000000 1.000000 0.500000 0.500000 0.500000 0.666667 0.333333 
2000 0.714286 1.000000 0.333333 0.619048 1.000000 0.200000 0.250000 0.500000 0.333333 0.629630 
3000 0.684211 0.666667 0.666667 0.933333 0.421053 0.500000 0.000000 1.000000 1.000000 0.166667 
4000 0.473684 0.500000 0.400000 0.800000 0.350000 1.000000 0.000000 0.333333 0.000000 0.750000 
5000 0.444444 0.000000 0.333333 1.000000 0.500000 0.250000 0.333333 0.666667 0.000000 0.500000 
6000 0.000000 0.666667 0.000000 0.500000 0.714286 0.428571 0.611111 0.117647 0.000000 0.333333 
7000 1.000000 0.692308 0.000000 0.400000 0.375000 0.187500 0.000000 0.550000 0.000000 1.000000 
8000 0.666667 0.500000 0.833333 0.555556 0.333333 0.333333 0.500000 0.461538 0.833333 0.454545 
9000 0.500000 0.700000 0.571429 0.588235 0.600000 0.312500 0.500000 0.200000 1.000000 0.428571 
10000 0.500000 0.000000 0.750000 0.708333 0.166667 0.130435 0.000000 0.595238 0.250000 0.585366 
11000 0.333333 0.500000 1.000000 0.500000 0.615385 0.142857 0.000000 0.529412 0.000000 0.437500 
12000 0.500000 0.500000 0.428571 0.400000 0.560976 0.280000 0.333333 0.433333 0.181818 0.444444 
13000 0.875000 1.000000 0.259259 0.625000 0.319444 0.250000 0.000000 0.588235 0.428571 0.437500 
14000 0.500000 0.300000 0.414894 0.416667 0.568182 0.315789 0.000000 0.477612 0.500000 0.551724 
15000 0.875000 0.400000 0.426667 0.500000 0.666667 0.785714 0.375000 0.540000 0.000000 0.441176 
16000 0.789474 0.000000 0.521127 0.000000 0.181818 0.629630 0.666667 0.474576 0.000000 0.396552 
17000 0.500000 0.666667 0.478261 0.500000 0.818182 0.333333 0.142857 0.304348 0.000000 0.333333 
18000 0.365854 0.000000 0.500000 0.595238 0.285714 0.317073 0.333333 0.421053 0.666667 0.666667 
19000 0.411765 1.000000 0.527273 0.619048 0.465517 0.404255 0.428571 0.468750 0.500000 0.166667 
20000 0.478723 0.375000 0.428571 0.684211 0.562500 0.366667 0.500000 0.526316 0.000000 0.000000 
21000 0.466667 0.333333 0.341463 0.647059 0.552632 0.324324 0.727273 0.476190 0.000000 0.000000 
22000 0.432203 0.333333 0.432432 0.724138 0.538462 0.372549 0.000000 0.642857 0.000000 0.500000 
23000 0.453704 0.285714 0.352941 0.684211 0.590164 0.389831 0.571429 0.629630 0.000000 0.640000 
24000 0.433962 0.476190 0.567164 0.481481 0.481481 0.366667 0.857143 0.413043 0.400000 0.444444 
25000 0.368217 0.321429 0.615385 0.862745 0.474227 0.223404 1.000000 0.509804 0.000000 0.200000 
26000 0.491228 0.571429 0.454545 0.717391 0.480315 0.267857 0.588235 0.428571 0.666667 0.666667 
27000 0.418919 0.411765 0.476190 0.363636 0.446429 0.185185 0.473684 0.457627 0.000000 0.222222 
28000 0.432836 0.531250 0.431373 0.384615 0.364865 0.274510 0.612903 0.414286 0.500000 0.600000 
29000 0.441558 0.393939 0.536232 0.500000 0.393939 0.265306 0.571429 0.496000 0.000000 0.625000 
30000 0.460227 0.538462 0.491525 0.555556 0.475248 0.319444 0.481481 0.450000 0.666667 0.500000 
31000 0.457364 0.634146 0.481481 0.576923 0.396694 0.269231 0.474576 0.487500 0.300000 0.500000 
32000 0.480769 0.562500 0.532258 0.428571 0.460317 0.344828 0.545455 0.455882 0.250000 0.727273 
33000 0.401163 0.555556 0.275862 0.555556 0.531646 0.215686 0.833333 0.514286 0.272727 0.333333 
34000 0.460641 0.500000 0.557377 0.000000 0.416667 0.379310 1.000000 0.427273 0.000000 0.423077 
35000 0.428094 0.636364 0.424658 0.464286 0.484848 0.452991 0.000000 0.350746 0.333333 0.310345 
36000 0.422156 0.487805 0.388889 0.777778 0.432432 0.182927 0.500000 0.366667 0.333333 0.437500 
37000 0.478261 0.431373 0.433333 0.697674 0.500000 0.302083 0.666667 0.375000 0.428571 0.296296 
38000 0.384127 0.529412 0.615385 0.622222 0.568627 0.355556 0.400000 0.356164 0.500000 0.589744 
39000 0.435443 0.545455 0.507937 0.869565 0.441176 0.284211 0.200000 0.469697 0.000000 0.507042 
40000 0.427007 0.409091 0.600000 0.750000 0.392857 0.443478 0.333333 0.329787 0.181818 0.516129 
41000 0.433036 0.230769 0.584615 0.611111 0.428571 0.293578 0.400000 0.220588 0.133333 0.586207 
42000 0.493711 0.736842 0.500000 0.720000 0.510204 0.445312 0.366667 0.303030 0.266667 0.378378 
43000 0.442623 0.566667 0.563636 0.773585 0.416667 0.408163 0.250000 0.283422 0.230769 0.612903 
44000 0.447471 0.611111 0.468085 0.757576 0.473684 0.323741 0.285714 0.257485 0.095238 0.508475 
45000 0.404070 0.666667 0.400000 0.750000 0.571429 0.344444 0.666667 0.269663 0.352941 0.450549 
46000 0.485222 0.428571 0.448276 0.750000 0.612245 0.413793 0.000000 0.393701 0.363636 0.421569 
47000 0.421875 0.571429 0.531250 0.714286 0.591837 0.522727 0.200000 0.300578 0.285714 0.494505 
48000 0.502604 0.571429 0.454545 0.500000 0.310345 0.430380 0.307692 0.276923 0.296296 0.406780 
49000 0.477143 0.758621 0.407407 0.636364 0.592593 0.422111 0.333333 0.294118 0.162162 0.400000 
50000 0.374372 0.540541 0.478261 0.769231 0.541667 0.434109 0.500000 0.326180 0.000000 0.516129 
51000 0.441057 0.533333 0.352941 0.687500 0.641026 0.403846 0.666667 0.296651 0.285714 0.470588 
52000 0.372611 0.550000 0.500000 0.742424 0.560000 0.335570 0.250000 0.301255 0.500000 0.520408 
53000 0.426471 0.473684 0.520000 0.563636 0.531250 0.464286 0.333333 0.314136 0.166667 0.455556 
54000 0.459574 0.600000 0.523077 0.641509 0.529644 0.340541 0.187500 0.286344 0.117647 0.495935 
55000 0.503623 0.312500 0.633333 0.294118 0.535433 0.460993 0.200000 0.290503 0.250000 0.517647 
56000 0.414384 0.555556 0.615385 0.666667 0.616766 0.310881 0.333333 0.331606 0.285714 0.354839 
57000 0.418269 0.361111 0.600000 0.545455 0.650943 0.452941 0.500000 0.315271 0.500000 0.392857 
58000 0.463054 0.477273 0.734375 0.400000 0.603774 0.512048 1.000000 0.312757 0.160000 0.529412 
59000 0.423077 0.500000 0.673077 0.681818 0.728188 0.480263 1.000000 0.320513 0.272727 0.464789 
60000 0.390728 0.500000 0.552632 0.707317 0.664384 0.466667 0.000000 0.325397 0.000000 0.571429 
61000 0.436735 0.555556 0.641509 0.804348 0.627848 0.533333 0.777778 0.343750 0.400000 0.415094 
62000 0.382143 0.534483 0.607143 0.733333 0.645570 0.554622 0.428571 0.362963 0.250000 0.314607 
63000 0.411268 0.549020 0.400000 0.756098 0.688235 0.472028 0.333333 0.303398 0.290323 0.312500 
64000 0.382567 0.505495 0.483871 0.916667 0.613757 0.486692 0.666667 0.305296 0.368421 0.402439 
65000 0.394822 0.557692 0.552632 0.672414 0.593688 0.591111 0.583333 0.355164 0.115385 0.337500 
66000 0.464286 0.484848 0.736842 0.613636 0.580122 0.512397 1.000000 0.412308 0.250000 0.513761 
67000 0.351351 0.638554 0.071429 0.682927 0.613445 0.450000 0.447368 0.411585 0.125000 0.479675 
68000 0.428044 0.629032 0.487179 0.770833 0.617409 0.559406 0.480000 0.432234 0.458333 0.363636 
69000 0.388614 0.515152 0.360000 0.730769 0.662050 0.520468 0.750000 0.315126 0.217391 0.557692 
70000 0.360802 0.660714 0.411765 0.888889 0.612022 0.485577 0.375000 0.361789 0.230769 0.333333 
71000 0.375810 0.571429 0.655172 0.707317 0.627660 0.569832 0.615385 0.368286 0.105263 0.424242 
72000 0.397566 0.533333 0.500000 0.644444 0.612121 0.568548 0.444444 0.416201 0.250000 0.528571 
73000 0.426692 0.652174 0.314286 0.689655 0.567493 0.582492 0.214286 0.362903 0.263158 0.333333 
74000 0.369658 0.153846 0.560000 0.714286 0.629938 0.508711 0.428571 0.382682 0.468750 0.440678 
75000 0.425532 0.434783 0.421053 0.625000 0.577358 0.515267 0.000000 0.342857 0.482759 0.416667 
76000 0.436364 0.571429 0.307692 0.625000 0.598739 0.551331 0.666667 0.343558 0.224490 0.365079 
77000 0.480447 0.647059 0.479167 0.647059 0.638889 0.586331 0.545455 0.368020 0.253968 0.506024 
78000 0.419355 0.538462 0.500000 0.641026 0.645244 0.564460 0.545455 0.317204 0.222222 0.425000 
79000 0.454762 0.400000 0.333333 0.764706 0.583832 0.538760 0.357143 0.450980 0.142857 0.258929 
80000 0.404517 0.700000 0.363636 0.640000 0.547009 0.523490 0.333333 0.421875 0.458333 0.308642 
81000 0.431138 0.655172 0.578947 0.559322 0.633257 0.480427 0.625000 0.372781 0.142857 0.432624 
82000 0.380471 0.740741 0.396825 0.666667 0.682382 0.512281 0.625000 0.415049 0.350000 0.507246 
83000 0.432739 0.470588 0.524390 0.833333 0.612717 0.568966 0.307692 0.418919 0.378378 0.555556 
84000 0.382643 0.631579 0.708333 0.642857 0.658252 0.581818 0.428571 0.425234 0.347826 0.404494 
85000 0.422297 0.428571 0.653846 0.777778 0.675325 0.487671 0.363636 0.413146 0.279412 0.490741 
86000 0.411306 0.473684 0.560976 0.772727 0.592133 0.567647 0.444444 0.387443 0.244444 0.481481 
87000 0.417910 0.500000 0.523810 0.723404 0.609113 0.541772 0.500000 0.371831 0.232143 0.456693 
88000 0.380723 0.520833 0.440000 0.697674 0.574413 0.575064 0.321429 0.380888 0.293103 0.483444 
89000 0.367589 0.470588 0.613636 0.764706 0.644252 0.508671 0.437500 0.429467 0.226415 0.507143 
90000 0.421978 0.620000 0.441860 0.772727 0.686022 0.547893 0.444444 0.424399 0.352941 0.495798 
91000 0.379768 0.630137 0.600000 0.875000 0.640394 0.500000 0.600000 0.387314 0.342857 0.568493 
92000 0.407529 0.604396 0.529412 0.694444 0.635321 0.470109 0.444444 0.377329 0.301887 0.469072 
93000 0.382304 0.574468 0.545455 0.800000 0.654267 0.480874 0.318182 0.407809 0.205882 0.480620 
94000 0.441708 0.540984 0.642857 0.857143 0.597107 0.536946 0.493976 0.394737 0.225352 0.549451 
95000 0.481802 0.515789 0.484848 0.900000 0.640351 0.575569 0.430233 0.452564 0.240741 0.383929 
96000 0.428365 0.624113 0.607143 0.766667 0.625468 0.533469 0.500000 0.461980 0.252427 0.402878 
97000 0.420205 0.627273 0.466667 0.666667 0.599147 0.551793 0.491525 0.414679 0.256637 0.419847 
98000 0.373880 0.645349 0.500000 0.743590 0.598086 0.477778 0.389831 0.459203 0.229358 0.405660 
99000 0.384279 0.608434 0.458333 0.629630 0.638752 0.574803 0.449275 0.464950 0.347826 0.470899 
100000 0.363787 0.601124 0.630952 0.771429 0.617108 0.540541 0.476190 0.430748 0.178571 0.491803 
101000 0.361144 0.644172 0.710526 0.750000 0.575893 0.501805 0.486486 0.461806 0.264706 0.472906 
102000 0.394095 0.581522 0.650602 0.640000 0.635860 0.548689 0.392857 0.476190 0.247191 0.490119 
103000 0.374527 0.508671 0.666667 0.500000 0.642729 0.532588 0.488550 0.487562 0.258824 0.478528 
104000 0.376079 0.521212 0.692810 0.700000 0.596372 0.563910 0.451613 0.452500 0.236559 0.451613 
105000 0.387704 0.566372 0.781457 0.744681 0.605263 0.545455 0.368932 0.467675 0.216981 0.438462 
106000 0.352509 0.460432 0.777778 0.714286 0.639469 0.516788 0.333333 0.479167 0.198020 0.482927 
107000 0.394705 0.577181 0.670807 0.764706 0.587629 0.553320 0.375000 0.435669 0.242424 0.559140 
108000 0.388325 0.601852 0.718750 0.666667 0.628743 0.493639 0.310345 0.467703 0.157480 0.445946 
109000 0.339752 0.573770 0.836449 0.555556 0.637681 0.479905 0.440000 0.419397 0.267857 0.481876 
110000 0.387191 0.472727 0.700599 0.400000 0.679666 0.513369 0.379747 0.424674 0.195122 0.428256 
111000 0.368345 0.580357 0.783333 0.800000 0.670175 0.453704 0.263158 0.431614 0.197802 0.432184 
112000 0.374491 0.620482 0.781395 0.714286 0.619952 0.490196 0.360000 0.436090 0.225434 0.476048 
113000 0.373317 0.592105 0.766537 0.555556 0.620000 0.512500 0.398876 0.446450 0.233333 0.482412 
114000 0.360638 0.570681 0.775610 0.741935 0.617647 0.448864 0.366667 0.405442 0.173333 0.450000 
115000 0.421365 0.564972 0.781046 0.739130 0.647541 0.476190 0.431250 0.438372 0.212291 0.488889 
116000 0.403698 0.548611 0.727545 0.800000 0.676471 0.508264 0.415842 0.447174 0.215190 0.518644 
117000 0.384932 0.668085 0.769231 0.761905 0.638132 0.476293 0.415584 0.470024 0.172775 0.498423 
118000 0.350649 0.515306 0.825215 0.636364 0.664717 0.458824 0.457831 0.447531 0.188119 0.497418 
119000 0.353068 0.500000 0.760309 0.857143 0.719033 0.395869 0.212389 0.443642 0.269461 0.454724 
120000 0.359268 0.482301 0.838415 0.733333 0.653521 0.495430 0.291667 0.426052 0.237624 0.488432 
121000 0.329532 0.530806 0.790378 0.609375 0.636364 0.501931 0.410596 0.479339 0.213740 0.524655 
122000 0.300242 0.580153 0.845679 0.741935 0.569106 0.461832 0.314286 0.405530 0.275676 0.429461 
123000 0.350935 0.590698 0.714286 0.760000 0.606061 0.429907 0.451389 0.437406 0.230216 0.435443 
124000 0.393979 0.539171 0.746795 0.666667 0.691667 0.426195 0.313187 0.451274 0.189189 0.441810 
125000 0.355978 0.659193 0.743094 0.500000 0.611570 0.457002 0.333333 0.423077 0.156463 0.447427 
126000 0.351878 0.602459 0.717391 0.588235 0.703390 0.428571 0.354545 0.466596 0.223684 0.441955 
127000 0.347877 0.599190 0.757962 0.515152 0.671343 0.398482 0.381818 0.443333 0.158333 0.525180 
128000 0.379268 0.609865 0.742706 0.750000 0.641975 0.373832 0.369748 0.467806 0.238938 0.554656 
129000 0.383167 0.586498 0.733108 0.606061 0.640845 0.355340 0.339450 0.413580 0.217391 0.471731 
130000 0.392374 0.554054 0.793893 0.740741 0.652742 0.457831 0.276515 0.447980 0.198347 0.508591 
131000 0.392105 0.713615 0.785354 0.600000 0.613744 0.423438 0.279352 0.455538 0.277372 0.524313 
132000 0.362319 0.589372 0.721198 0.666667 0.627486 0.429519 0.277108 0.444162 0.201342 0.491803 
133000 0.391095 0.560748 0.703390 0.545455 0.647619 0.406439 0.354430 0.444444 0.206667 0.474648 
134000 0.368794 0.561798 0.715400 0.437500 0.633411 0.464567 0.401460 0.440044 0.271318 0.458286 
135000 0.366906 0.523220 0.740909 0.722222 0.665000 0.442029 0.335180 0.399579 0.277778 0.487591 
136000 0.436080 0.491468 0.733753 0.740000 0.735714 0.411628 0.369565 0.437572 0.234973 0.473750 
137000 0.372807 0.633094 0.758497 0.758621 0.652681 0.455724 0.405063 0.424615 0.233129 0.533881 
138000 0.406667 0.580645 0.740484 0.753623 0.622921 0.379828 0.394904 0.405702 0.189024 0.431711 
139000 0.385196 0.575342 0.678112 0.756757 0.660800 0.356808 0.310526 0.445107 0.284848 0.511765 
140000 0.374172 0.566038 0.654867 0.692308 0.650877 0.411765 0.369318 0.426980 0.285714 0.488654 
141000 0.458392 0.626374 0.720408 0.666667 0.672811 0.381750 0.333333 0.436302 0.244898 0.477855 
142000 0.339315 0.632075 0.664141 0.739130 0.639138 0.416822 0.355469 0.442623 0.202186 0.508711 
143000 0.383738 0.616822 0.706897 0.690141 0.651667 0.379599 0.374517 0.470375 0.273196 0.525358 
144000 0.365957 0.652956 0.658537 0.805970 0.649776 0.427368 0.354839 0.467903 0.320261 0.505764 
145000 0.369333 0.670455 0.681818 0.727273 0.638640 0.365248 0.365269 0.417778 0.260684 0.472222 
146000 0.332390 0.569079 0.711111 0.666667 0.672055 0.478747 0.351931 0.394565 0.189091 0.503608 
147000 0.349432 0.620567 0.655102 0.655172 0.642534 0.413483 0.372340 0.400943 0.181467 0.461087 
148000 0.378049 0.567797 0.681159 0.543860 0.659794 0.430612 0.288344 0.399772 0.197425 0.468828 
149000 0.360153 0.657040 0.653422 0.375000 0.660714 0.424074 0.407725 0.388439 0.327731 0.486614 
150000 0.377828 0.632450 0.642105 0.451613 0.678700 0.410584 0.332143 0.406417 0.408163 0.435352 
151000 0.331688 0.615646 0.587426 0.641791 0.625239 0.384289 0.339623 0.413366 0.385787 0.472039 
152000 0.392665 0.638095 0.657534 0.678571 0.678514 0.435233 0.334385 0.419598 0.317881 0.424161 
153000 0.337037 0.663265 0.608947 0.750000 0.667904 0.387312 0.367568 0.389254 0.300971 0.434426 
154000 0.316166 0.615646 0.650350 0.595238 0.659271 0.421384 0.357309 0.362162 0.328042 0.436207 
155000 0.346154 0.602446 0.648415 0.628571 0.631965 0.413249 0.378205 0.354637 0.286232 0.463822 
156000 0.363202 0.522124 0.604720 0.547619 0.596899 0.405321 0.386752 0.394180 0.280488 0.506173 
157000 0.313187 0.603865 0.600000 0.382353 0.651332 0.401316 0.365217 0.379052 0.280632 0.501488 
158000 0.335373 0.672544 0.603989 0.641026 0.633864 0.382671 0.363158 0.416031 0.283019 0.486134 
159000 0.332911 0.643068 0.600592 0.750000 0.643770 0.449198 0.376106 0.399764 0.332143 0.492816 
160000 0.324183 0.659164 0.557947 0.480000 0.644345 0.379019 0.316733 0.398750 0.365759 0.476401 
161000 0.358885 0.617486 0.601578 0.764706 0.663782 0.436433 0.328125 0.407848 0.382979 0.465608 
162000 0.337209 0.656489 0.622186 0.714286 0.644531 0.359942 0.313131 0.402720 0.401216 0.496394 
163000 0.307985 0.647619 0.619327 0.513889 0.637168 0.388443 0.325532 0.454183 0.397590 0.459424 
164000 0.360947 0.592308 0.578348 0.600000 0.620174 0.385307 0.324895 0.405075 0.374317 0.464871 
165000 0.344869 0.617747 0.559466 0.705882 0.659824 0.401216 0.317380 0.421281 0.307263 0.479804 
166000 0.354983 0.580858 0.554252 0.531250 0.645363 0.410526 0.366812 0.425629 0.394737 0.460850 
167000 0.369942 0.596045 0.628975 0.804878 0.638030 0.356747 0.334539 0.463329 0.383099 0.433071 
168000 0.353316 0.609065 0.602862 0.560000 0.644470 0.375969 0.315385 0.478992 0.390935 0.443210 
169000 0.353392 0.627010 0.556940 0.785714 0.648616 0.393281 0.360434 0.470167 0.359420 0.439220 
170000 0.339408 0.583587 0.619048 0.666667 0.624599 0.387097 0.338346 0.424324 0.405405 0.485816 
171000 0.336240 0.624658 0.551155 0.708333 0.675978 0.398860 0.296636 0.474723 0.355932 0.446784 
172000 0.321730 0.680380 0.608150 0.609756 0.672330 0.439706 0.352254 0.478075 0.423295 0.448931 
173000 0.377588 0.746835 0.645367 0.690909 0.648122 0.402157 0.331588 0.495093 0.357843 0.436554 
174000 0.355247 0.688571 0.640777 0.644444 0.665437 0.426061 0.351190 0.464249 0.445255 0.467254 
175000 0.359638 0.644951 0.562903 0.666667 0.636608 0.369085 0.335498 0.482407 0.376147 0.457627 
176000 0.315957 0.676301 0.568404 0.612903 0.630559 0.355556 0.355932 0.468912 0.359897 0.443165 
177000 0.370798 0.678571 0.631657 0.523810 0.645295 0.370618 0.330789 0.495637 0.409091 0.451028 
178000 0.357424 0.634328 0.594223 1.000000 0.623450 0.384615 0.356223 0.493097 0.420949 0.436280 
179000 0.322506 0.593407 0.599444 0.800000 0.626437 0.376723 0.323864 0.471067 0.402321 0.470942 
180000 0.295482 0.573585 0.578409 0.586207 0.618799 0.360947 0.371429 0.441425 0.384615 0.466491 
181000 0.315893 0.619718 0.556309 0.586957 0.609459 0.349296 0.357616 0.458298 0.396518 0.494292 
182000 0.318325 0.618881 0.589937 0.638298 0.673913 0.345600 0.306065 0.459888 0.392727 0.457433 
183000 0.301099 0.613527 0.599734 0.717949 0.585791 0.315264 0.316591 0.510617 0.402626 0.475751 
184000 0.347222 0.647929 0.568681 0.818182 0.620155 0.338050 0.315978 0.496531 0.397229 0.502242 
185000 0.343252 0.603306 0.566745 0.350000 0.630243 0.411570 0.310811 0.482301 0.406077 0.495208 
186000 0.316514 0.680272 0.557923 0.428571 0.649543 0.386288 0.291246 0.515247 0.389972 0.510747 
187000 0.338998 0.669841 0.556980 0.333333 0.624264 0.426549 0.336016 0.507056 0.432927 0.468894 
188000 0.318637 0.599455 0.556535 0.620690 0.630202 0.409253 0.306321 0.495549 0.401961 0.482599 
189000 0.350775 0.651376 0.607477 0.444444 0.615932 0.373995 0.322785 0.492431 0.422222 0.505243 
190000 0.339523 0.627820 0.577889 0.640000 0.632170 0.415147 0.334572 0.478764 0.472727 0.463974 
191000 0.345967 0.656566 0.568720 0.785714 0.633648 0.426997 0.336219 0.505297 0.420561 0.514528 
192000 0.320274 0.566434 0.596206 0.769231 0.621394 0.390152 0.363158 0.487387 0.389130 0.470874 
193000 0.321429 0.583710 0.558781 0.400000 0.664011 0.411402 0.359596 0.500821 0.425150 0.504563 
194000 0.309028 0.689956 0.596615 0.818182 0.632432 0.422935 0.389831 0.523009 0.451429 0.475069 
195000 0.315429 0.536723 0.538123 0.800000 0.614815 0.444785 0.366242 0.542205 0.413519 0.496386 
196000 0.317101 0.585657 0.583717 0.750000 0.567783 0.458616 0.344291 0.472924 0.464078 0.482947 
197000 0.268848 0.577640 0.585652 0.705882 0.592593 0.441092 0.368601 0.472441 0.502283 0.472705 
198000 0.276596 0.657382 0.553869 0.671642 0.589776 0.387247 0.295858 0.514427 0.465385 0.430218 
199000 0.312352 0.655271 0.581062 0.783784 0.660976 0.393035 0.357377 0.507631 0.417769 0.533013 
200000 0.283353 0.662921 0.579819 0.694444 0.652174 0.400718 0.313910 0.503391 0.530172 0.485561 
201000 0.302935 0.570175 0.544586 0.725806 0.647134 0.459900 0.353741 0.492188 0.472851 0.513388 
202000 0.269076 0.622776 0.575150 0.720000 0.632000 0.459318 0.331738 0.523013 0.416520 0.505981 
203000 0.300654 0.702509 0.557078 0.589286 0.619171 0.506383 0.338438 0.509251 0.462687 0.457647 
204000 0.335128 0.674419 0.585327 0.615385 0.618375 0.445390 0.295826 0.510150 0.443235 0.444846 
205000 0.315476 0.645533 0.614650 0.680851 0.635928 0.449857 0.319343 0.517007 0.431208 0.450242 
206000 0.291444 0.678679 0.585176 0.567568 0.620408 0.467114 0.343802 0.497561 0.404676 0.473633 
207000 0.262383 0.664740 0.533679 0.717391 0.617342 0.476893 0.348958 0.515320 0.398323 0.462641 
208000 0.263889 0.625000 0.572222 0.688889 0.625828 0.456301 0.312281 0.498809 0.413043 0.484043 
209000 0.281943 0.604457 0.554023 0.750000 0.645807 0.472564 0.338432 0.512799 0.416667 0.510740 
210000 0.259627 0.648571 0.489631 0.638298 0.605568 0.461768 0.297837 0.469407 0.419417 0.496513 
211000 0.270997 0.622785 0.527132 0.605263 0.603359 0.443995 0.336414 0.492252 0.461140 0.483314 
212000 0.262758 0.558011 0.531860 0.875000 0.605031 0.476035 0.322124 0.514591 0.413793 0.481229 
213000 0.310545 0.613158 0.566826 0.692308 0.632066 0.451613 0.348178 0.529620 0.442913 0.450718 
214000 0.302832 0.575581 0.553097 0.468085 0.612698 0.496394 0.328302 0.512404 0.424658 0.432377 
215000 0.358717 0.582492 0.616477 0.784314 0.626132 0.514110 0.311475 0.489517 0.472767 0.471861 
216000 0.318328 0.614407 0.579809 0.862745 0.624842 0.490466 0.297153 0.496562 0.490110 0.450526 
217000 0.310171 0.577703 0.572215 0.612903 0.581146 0.469136 0.359206 0.504924 0.506494 0.480682 
218000 0.308566 0.581301 0.555556 0.400000 0.640640 0.464286 0.381490 0.514563 0.482100 0.481681 
219000 0.283298 0.548813 0.535880 0.784314 0.577309 0.468427 0.344583 0.494718 0.449612 0.451465 
220000 0.303146 0.520101 0.519231 0.756757 0.658867 0.482412 0.338129 0.478543 0.467230 0.433645 
221000 0.311759 0.611898 0.533257 0.645161 0.589855 0.489017 0.341379 0.468525 0.463855 0.448118 
222000 0.292398 0.639303 0.527397 0.631579 0.598555 0.492308 0.283082 0.512957 0.525667 0.450368 
223000 0.364552 0.616000 0.538280 0.692308 0.603206 0.475101 0.344262 0.503840 0.508197 0.493885 
224000 0.340308 0.599369 0.531429 0.717949 0.618352 0.475936 0.348148 0.523217 0.463415 0.448378 
225000 0.347779 0.613982 0.551821 0.711864 0.580368 0.461538 0.318555 0.482988 0.472855 0.449374 
226000 0.300425 0.591647 0.580774 0.732394 0.616760 0.491379 0.341906 0.476227 0.500000 0.400972 
227000 0.326468 0.661677 0.532641 0.733333 0.591335 0.497360 0.342944 0.501979 0.486842 0.444079 
228000 0.347305 0.584665 0.539559 0.714286 0.597082 0.506127 0.370690 0.484799 0.519856 0.414741 
229000 0.309241 0.640483 0.531287 0.800000 0.597576 0.498416 0.369723 0.484563 0.515770 0.407834 
230000 0.314607 0.583333 0.505495 0.779661 0.556762 0.487603 0.377682 0.490327 0.522013 0.415957 
231000 0.333333 0.627517 0.542469 0.819672 0.599388 0.494028 0.369099 0.494648 0.495327 0.444867 
232000 0.344444 0.633423 0.541551 0.852941 0.571749 0.498578 0.372404 0.506151 0.518450 0.470356 
233000 0.364362 0.654731 0.519585 0.756098 0.607219 0.481572 0.374627 0.524708 0.542722 0.459174 
234000 0.314894 0.669565 0.531756 0.690476 0.627957 0.501561 0.375000 0.484723 0.512241 0.468687 
235000 0.291615 0.608414 0.538365 0.555556 0.582864 0.503859 0.401923 0.500521 0.561404 0.436673 
236000 0.339839 0.580986 0.519766 0.800000 0.588951 0.509569 0.425926 0.494186 0.540107 0.439130 
237000 0.334503 0.639474 0.524467 0.750000 0.573131 0.497712 0.427406 0.506567 0.535581 0.416347 
238000 0.320293 0.625000 0.553846 0.600000 0.598592 0.513034 0.383562 0.469609 0.557344 0.441534 
239000 0.323243 0.611111 0.545562 0.912281 0.563985 0.518722 0.403846 0.473092 0.567742 0.422967 
240000 0.338766 0.604730 0.581421 0.743590 0.605634 0.482474 0.396117 0.500916 0.542471 0.405823 
241000 0.313228 0.555215 0.529825 0.851064 0.574608 0.497436 0.390200 0.477391 0.501931 0.421206 
242000 0.356360 0.586842 0.543601 0.806452 0.595878 0.489855 0.376923 0.487395 0.545455 0.459655 
243000 0.325359 0.544521 0.545113 0.724138 0.560477 0.491187 0.348432 0.521212 0.516505 0.429188 
244000 0.339168 0.584034 0.562259 0.581395 0.549111 0.479010 0.331439 0.492163 0.546112 0.444547 
245000 0.343784 0.616000 0.573789 0.565217 0.562235 0.507264 0.344583 0.502890 0.574468 0.436218 
246000 0.331868 0.549242 0.611650 0.644444 0.557392 0.491304 0.395238 0.492481 0.564706 0.412683 
247000 0.349384 0.604294 0.590476 0.666667 0.558140 0.456140 0.372937 0.466292 0.553226 0.410415 
248000 0.346154 0.596774 0.598870 0.703704 0.600000 0.461297 0.416025 0.485429 0.533730 0.442096 
249000 0.343011 0.606426 0.596629 0.528302 0.613963 0.479545 0.417103 0.497423 0.539519 0.406654 
250000 0.318937 0.595308 0.543316 0.560000 0.585429 0.500000 0.409894 0.516785 0.480885 0.415371 
251000 0.284165 0.551587 0.520397 0.710843 0.590121 0.493467 0.434074 0.494475 0.521298 0.418539 
252000 0.310101 0.546778 0.499452 0.651685 0.590278 0.492912 0.425220 0.534626 0.537549 0.440358 
253000 0.312766 0.496212 0.540000 0.739130 0.553377 0.504359 0.412060 0.511952 0.535849 0.450730 
254000 0.304301 0.550459 0.538462 0.524590 0.591659 0.508612 0.405830 0.490978 0.547244 0.410107 
255000 0.308017 0.589421 0.541223 0.784810 0.582920 0.477017 0.421842 0.502773 0.563265 0.429961 
256000 0.360045 0.566161 0.562290 0.773913 0.570423 0.489194 0.437177 0.521699 0.555556 0.417364 
257000 0.336980 0.569264 0.551546 0.723214 0.575158 0.486141 0.397690 0.524660 0.553571 0.400396 
258000 0.312749 0.568966 0.584204 0.783784 0.593164 0.480483 0.422378 0.512476 0.551661 0.393617 
259000 0.348723 0.556582 0.569804 0.781250 0.579345 0.511892 0.403156 0.501551 0.510319 0.382609 
260000 0.374181 0.595960 0.580769 0.689873 0.565854 0.521236 0.445055 0.533263 0.577603 0.419929 
261000 0.365779 0.575000 0.580092 0.679245 0.565730 0.461165 0.430481 0.489815 0.583732 0.446009 
262000 0.336508 0.542763 0.536093 0.681818 0.593857 0.488215 0.418705 0.521447 0.541543 0.470810 
263000 0.314286 0.548387 0.572606 0.651163 0.581308 0.475289 0.422118 0.489939 0.535127 0.450276 
264000 0.339785 0.617391 0.545794 0.701613 0.584249 0.504314 0.476858 0.506364 0.593558 0.446170 
265000 0.312169 0.575064 0.558601 0.664384 0.544103 0.518232 0.427649 0.520334 0.502347 0.468439 
266000 0.306244 0.542918 0.578850 0.661157 0.552561 0.462295 0.437262 0.522212 0.558442 0.454640 
267000 0.359956 0.561743 0.594883 0.750000 0.556962 0.505641 0.436735 0.505964 0.467391 0.466667 
268000 0.348860 0.591687 0.582278 0.642857 0.555981 0.500634 0.459873 0.494323 0.497934 0.467105 
269000 0.337937 0.599520 0.595483 0.608108 0.540609 0.477064 0.439451 0.510736 0.535484 0.462222 
270000 0.342513 0.582766 0.589693 0.634483 0.579655 0.513998 0.421233 0.509913 0.498896 0.472831 
271000 0.364611 0.548780 0.604631 0.688525 0.577705 0.495349 0.409091 0.492063 0.570543 0.437226 
272000 0.355346 0.585586 0.600543 0.650000 0.565972 0.510428 0.470845 0.515649 0.592058 0.425785 
273000 0.337880 0.556962 0.590133 0.761364 0.580172 0.466030 0.458333 0.503262 0.595506 0.436000 
274000 0.346585 0.538983 0.576136 0.764286 0.580927 0.527255 0.443586 0.527885 0.576087 0.448848 
275000 0.353122 0.575145 0.551724 0.735751 0.561605 0.506494 0.434328 0.530822 0.562408 0.474315 
276000 0.331337 0.580729 0.567376 0.696629 0.570069 0.479437 0.429775 0.506410 0.575323 0.461712 
277000 0.349176 0.579208 0.589717 0.739130 0.556405 0.503074 0.383954 0.501742 0.506589 0.476056 
278000 0.332413 0.665370 0.556818 0.662338 0.575592 0.455468 0.414073 0.495819 0.563300 0.431391 
279000 0.343519 0.625882 0.543121 0.638655 0.579041 0.507216 0.435226 0.475689 0.561947 0.442765 
280000 0.359895 0.615909 0.584060 0.707317 0.613071 0.515679 0.415966 0.491883 0.571212 0.464789 
281000 0.384241 0.649682 0.532344 0.605405 0.568558 0.456693 0.394172 0.474446 0.509259 0.477074 
282000 0.331066 0.623288 0.542304 0.614350 0.567729 0.521637 0.383502 0.504105 0.521574 0.426613 
283000 0.346505 0.569554 0.533333 0.711111 0.572471 0.508475 0.412550 0.505947 0.591515 0.454772 
284000 0.338920 0.552198 0.547406 0.687500 0.579782 0.488095 0.410615 0.486137 0.543056 0.478301 
285000 0.322004 0.606407 0.556874 0.657895 0.562557 0.463626 0.403794 0.499566 0.561995 0.490178 
286000 0.337723 0.614679 0.558006 0.754032 0.550611 0.513806 0.402857 0.482625 0.579710 0.393801 
287000 0.316532 0.569845 0.535792 0.682796 0.577026 0.517280 0.416201 0.450000 0.577201 0.467082 
288000 0.304598 0.612987 0.532902 0.614719 0.534906 0.511206 0.435556 0.479964 0.539370 0.443709 
289000 0.331088 0.557545 0.520969 0.673077 0.570776 0.493865 0.447368 0.466376 0.515957 0.460537 
290000 0.340187 0.658854 0.539095 0.690377 0.549039 0.503553 0.411765 0.449448 0.531153 0.462003 
291000 0.335907 0.629156 0.561404 0.662921 0.552521 0.504065 0.454931 0.456919 0.589844 0.470890 
292000 0.319235 0.642105 0.529148 0.648352 0.569248 0.476489 0.430933 0.458723 0.562834 0.434502 
293000 0.307858 0.626834 0.546107 0.641618 0.561538 0.489456 0.435597 0.458738 0.572298 0.424022 
294000 0.313568 0.624096 0.573361 0.674757 0.581443 0.497207 0.427912 0.486284 0.575221 0.446356 
295000 0.345168 0.631702 0.546992 0.611722 0.553506 0.475862 0.412214 0.419684 0.583452 0.432363 
296000 0.361680 0.630872 0.540399 0.609649 0.558052 0.460695 0.420616 0.412078 0.568182 0.473736 
297000 0.356890 0.608225 0.544252 0.721951 0.568339 0.493250 0.459677 0.417200 0.527536 0.458627 
298000 0.371429 0.594891 0.549662 0.715356 0.570916 0.459770 0.418033 0.394737 0.535270 0.492401 
299000 0.363811 0.640091 0.543578 0.676647 0.557073 0.485119 0.410940 0.419056 0.563037 0.444566 
300000 0.371909 0.626506 0.546039 0.683284 0.582371 0.485202 0.354309 0.491773 0.572115 0.448763 
301000 0.360902 0.608018 0.511628 0.671096 0.604628 0.457879 0.412422 0.466930 0.595432 0.467018 
302000 0.375490 0.718550 0.536757 0.643059 0.561506 0.475775 0.446517 0.452904 0.578261 0.473843 
303000 0.324733 0.623037 0.544199 0.612040 0.571150 0.501554 0.407359 0.453180 0.599332 0.501898 
304000 0.365882 0.633735 0.518556 0.664577 0.579825 0.475691 0.438320 0.441202 0.514504 0.466321 
305000 0.369176 0.696842 0.520219 0.637874 0.587147 0.491753 0.416040 0.447587 0.584759 0.436464 
306000 0.351709 0.647834 0.575130 0.668919 0.543668 0.501992 0.419817 0.413724 0.644022 0.484700 
307000 0.340403 0.612529 0.551684 0.641577 0.560120 0.510557 0.426966 0.432605 0.572034 0.480039 
308000 0.309888 0.662791 0.503743 0.650289 0.579694 0.480274 0.390000 0.458706 0.628125 0.473827 
309000 0.333634 0.687371 0.530223 0.675070 0.551565 0.472062 0.406888 0.426806 0.618214 0.465682 
310000 0.363472 0.706366 0.538213 0.666667 0.561100 0.486459 0.375581 0.431472 0.617302 0.473085 
311000 0.336908 0.747153 0.557159 0.607450 0.580074 0.497297 0.385086 0.413534 0.620306 0.487903 
312000 0.331911 0.708647 0.578046 0.689751 0.581224 0.466667 0.371345 0.429319 0.553097 0.490961 
313000 0.365469 0.692784 0.584536 0.594872 0.575640 0.467532 0.345430 0.436346 0.618887 0.471319 
314000 0.397482 0.635104 0.558382 0.591111 0.563011 0.479245 0.341330 0.428312 0.585612 0.487387 
315000 0.405299 0.641161 0.548148 0.569476 0.577796 0.464215 0.338095 0.448889 0.620112 0.506470 
316000 0.349232 0.667476 0.546988 0.567391 0.550833 0.484032 0.330189 0.448606 0.544495 0.537980 
317000 0.354113 0.665871 0.536036 0.625551 0.579892 0.489631 0.360571 0.484876 0.576606 0.510142 
318000 0.345850 0.642369 0.558659 0.581395 0.570443 0.521643 0.383220 0.457058 0.560241 0.500000 
319000 0.390892 0.663020 0.542992 0.646789 0.528150 0.469754 0.367925 0.446038 0.574380 0.506455 
320000 0.353535 0.601852 0.571605 0.581590 0.552279 0.444000 0.388158 0.442971 0.543614 0.510526 
321000 0.384481 0.624521 0.549153 0.670913 0.541591 0.464171 0.371145 0.429973 0.566761 0.496183 
322000 0.378928 0.631250 0.583427 0.651899 0.579782 0.451002 0.368421 0.458478 0.552262 0.518030 
323000 0.375639 0.684327 0.548736 0.573413 0.547801 0.502538 0.378517 0.441957 0.562849 0.520366 
324000 0.359817 0.697826 0.542790 0.541322 0.570717 0.498433 0.398857 0.440970 0.573508 0.540050 
325000 0.368421 0.628283 0.555440 0.560928 0.586538 0.473948 0.420765 0.408800 0.566064 0.520710 
326000 0.382662 0.652878 0.579004 0.593640 0.586549 0.515207 0.382953 0.427574 0.546667 0.532479 
327000 0.373092 0.695060 0.600239 0.592471 0.565134 0.483926 0.450980 0.435849 0.588859 0.477396 
328000 0.372052 0.650264 0.543624 0.637571 0.547901 0.479323 0.429577 0.449490 0.566952 0.466968 
329000 0.372321 0.681979 0.545263 0.577399 0.571429 0.472141 0.416667 0.480072 0.604110 0.470527 
330000 0.387736 0.661738 0.586977 0.563410 0.589041 0.473976 0.410904 0.442244 0.551378 0.516484 
331000 0.398005 0.708333 0.569459 0.507625 0.560706 0.491461 0.396175 0.427158 0.571618 0.489451 
332000 0.393176 0.702128 0.555439 0.580756 0.581943 0.442424 0.405184 0.451273 0.624837 0.511788 
333000 0.394328 0.680693 0.541796 0.584615 0.561657 0.489118 0.418317 0.423853 0.590659 0.502754 
334000 0.390600 0.704403 0.573770 0.585624 0.613615 0.511302 0.339257 0.439407 0.588312 0.485990 
335000 0.399489 0.659864 0.574096 0.597303 0.573786 0.522946 0.411681 0.446208 0.614634 0.516413 
336000 0.379541 0.665924 0.561453 0.640489 0.605866 0.455084 0.435792 0.410329 0.588796 0.501319 
337000 0.432265 0.663636 0.561485 0.593863 0.593188 0.467347 0.368978 0.411872 0.560335 0.467181 
338000 0.362773 0.703436 0.578548 0.595190 0.584453 0.469744 0.434263 0.455070 0.584757 0.472799 
339000 0.379798 0.630588 0.564693 0.566421 0.615842 0.467271 0.398172 0.423352 0.516548 0.488950 
340000 0.396739 0.703340 0.577909 0.555950 0.593463 0.454995 0.410974 0.462103 0.584257 0.497307 
341000 0.367100 0.649789 0.545704 0.581281 0.576993 0.512695 0.433869 0.435228 0.527011 0.475092 
342000 0.391304 0.600324 0.545455 0.541958 0.568352 0.483101 0.429725 0.458824 0.542282 0.479184 
343000 0.363322 0.593373 0.585961 0.555762 0.549914 0.513718 0.442563 0.437761 0.551345 0.446648 
344000 0.356398 0.616299 0.585136 0.535831 0.564850 0.478776 0.441144 0.445092 0.575329 0.490385 
345000 0.359471 0.620619 0.592719 0.546547 0.582833 0.485605 0.429967 0.449744 0.554082 0.489655 
346000 0.359000 0.596491 0.611659 0.563177 0.588730 0.487228 0.459817 0.493506 0.570130 0.499529 
347000 0.365331 0.620939 0.610415 0.543893 0.557514 0.462547 0.426934 0.492946 0.522807 0.486867 
348000 0.346693 0.615226 0.578840 0.565854 0.552021 0.460821 0.454118 0.457483 0.567661 0.485714 
349000 0.369703 0.650943 0.632713 0.551451 0.585020 0.495366 0.479060 0.448057 0.567073 0.518717 
350000 0.352041 0.611272 0.621407 0.570033 0.569216 0.480709 0.474313 0.461965 0.558704 0.464957 
351000 0.368807 0.600282 0.620072 0.562393 0.578373 0.512121 0.453875 0.448380 0.546089 0.452797 
352000 0.387424 0.604294 0.630824 0.570288 0.571132 0.478011 0.418212 0.430350 0.576043 0.467890 
353000 0.345045 0.577746 0.631380 0.563121 0.610307 0.444019 0.485437 0.428903 0.589489 0.468322 
354000 0.367099 0.529412 0.576402 0.561449 0.570588 0.482343 0.502315 0.463953 0.509547 0.487805 
355000 0.399240 0.606711 0.606931 0.562319 0.538306 0.459350 0.477693 0.466725 0.530000 0.484536 
356000 0.401163 0.616901 0.597294 0.543796 0.528942 0.471530 0.455112 0.454867 0.539352 0.461739 
357000 0.384051 0.589489 0.594124 0.588652 0.557053 0.482669 0.487585 0.447001 0.497222 0.488479 
358000 0.385662 0.570220 0.612717 0.574935 0.551622 0.510823 0.502315 0.452535 0.503968 0.456140 
359000 0.400194 0.592593 0.587007 0.541783 0.560076 0.501338 0.460513 0.469767 0.553159 0.483621 
360000 0.375388 0.625235 0.598632 0.574367 0.581267 0.504399 0.479290 0.503349 0.482900 0.490862 
361000 0.393458 0.605381 0.607801 0.538088 0.530120 0.505618 0.440489 0.460766 0.513869 0.504942 
362000 0.409212 0.603631 0.628718 0.546362 0.570288 0.471107 0.458291 0.476611 0.523659 0.460201 
363000 0.438914 0.610145 0.616424 0.582677 0.529355 0.488372 0.438398 0.484962 0.506066 0.484554 
364000 0.424802 0.630332 0.618393 0.583765 0.541014 0.509804 0.455275 0.418149 0.578947 0.465095 
365000 0.438024 0.679675 0.630332 0.568528 0.546983 0.520677 0.443580 0.439934 0.568910 0.495552 
366000 0.401011 0.585198 0.632877 0.570079 0.506383 0.513169 0.450256 0.433251 0.512195 0.498364 
367000 0.393195 0.598854 0.615809 0.650602 0.531388 0.487500 0.452009 0.410700 0.544426 0.480384 
368000 0.388689 0.563094 0.629077 0.569925 0.557711 0.469331 0.450286 0.454905 0.559201 0.489886 
369000 0.401887 0.550861 0.636364 0.575412 0.557592 0.455513 0.478992 0.436642 0.533333 0.477064 
370000 0.387211 0.582296 0.612524 0.559033 0.526616 0.490528 0.490991 0.441107 0.517350 0.481728 
371000 0.408372 0.582744 0.606171 0.576011 0.547368 0.520400 0.498918 0.435221 0.553004 0.513912 
372000 0.376316 0.574468 0.610922 0.611667 0.542502 0.495928 0.519423 0.442136 0.523026 0.481419 
373000 0.407862 0.569014 0.602763 0.630048 0.531136 0.509695 0.475897 0.446532 0.542673 0.507173 
374000 0.360884 0.577223 0.639648 0.616314 0.494344 0.537948 0.462090 0.453175 0.525043 0.487032 
375000 0.379507 0.603560 0.619176 0.581470 0.516291 0.501207 0.482911 0.432328 0.546985 0.536417 
376000 0.396855 0.592944 0.628159 0.623188 0.527211 0.515251 0.511151 0.436242 0.506934 0.538000 
377000 0.394687 0.612416 0.643411 0.594477 0.540102 0.539225 0.502478 0.427817 0.492883 0.513018 
378000 0.375309 0.558908 0.597861 0.604134 0.487917 0.520635 0.516507 0.485965 0.546064 0.495860 
379000 0.398182 0.604683 0.648993 0.600000 0.490654 0.463295 0.494532 0.439742 0.496100 0.515099 
380000 0.373000 0.594556 0.641077 0.602985 0.521385 0.535032 0.467161 0.442207 0.533145 0.544118 
381000 0.391642 0.613636 0.671583 0.593323 0.533748 0.501272 0.507042 0.452522 0.562883 0.495504 
382000 0.381043 0.580838 0.601643 0.557143 0.481737 0.500770 0.517282 0.440352 0.549536 0.554965 
383000 0.374214 0.580838 0.637615 0.595142 0.493409 0.524979 0.494155 0.427843 0.530303 0.533392 
384000 0.397403 0.609524 0.635833 0.620955 0.490978 0.510101 0.472050 0.455259 0.496845 0.531096 
385000 0.395349 0.606443 0.631480 0.637168 0.513627 0.482456 0.502952 0.449785 0.503165 0.521739 
386000 0.398131 0.626437 0.656793 0.660407 0.495781 0.516335 0.483801 0.421176 0.523105 0.568411 
387000 0.409244 0.654206 0.613372 0.617247 0.519481 0.508475 0.470462 0.436039 0.539179 0.532227 
388000 0.372549 0.622857 0.614786 0.635501 0.512220 0.528774 0.463124 0.458109 0.532986 0.528265 
389000 0.417637 0.597468 0.615032 0.643972 0.491146 0.537313 0.483097 0.473354 0.527597 0.543241 
390000 0.404140 0.637978 0.615101 0.662519 0.508789 0.515885 0.468478 0.462482 0.491987 0.539914 
391000 0.369740 0.597923 0.618738 0.663636 0.510163 0.529358 0.457143 0.418705 0.473934 0.522277 
392000 0.415323 0.623839 0.632935 0.580142 0.498474 0.516189 0.429299 0.436773 0.496088 0.527931 
393000 0.420276 0.634557 0.615830 0.591429 0.508233 0.516129 0.457031 0.444853 0.524845 0.568938 
394000 0.427382 0.601116 0.624299 0.547194 0.506064 0.510969 0.433985 0.466718 0.504000 0.557111 
395000 0.409053 0.614599 0.621649 0.598775 0.472458 0.525000 0.410817 0.426515 0.433442 0.558800 
396000 0.364528 0.547170 0.622863 0.576819 0.490196 0.508389 0.446084 0.486528 0.432234 0.553390 
397000 0.381282 0.635294 0.600613 0.614267 0.508903 0.533333 0.508951 0.448198 0.456522 0.554545 
398000 0.436960 0.601307 0.615217 0.618243 0.517367 0.518423 0.471429 0.463306 0.481322 0.572594 
399000 0.430663 0.611348 0.612939 0.615385 0.497053 0.526225 0.454446 0.466083 0.515966 0.530541 
400000 0.455128 0.606107 0.619883 0.524880 0.493519 0.517457 0.474839 0.476876 0.476510 0.542035 
401000 0.437445 0.609756 0.644085 0.606700 0.501201 0.533861 0.467222 0.465909 0.498452 0.530383 
402000 0.425220 0.650146 0.643418 0.630862 0.495188 0.521635 0.481998 0.457187 0.461659 0.560594 
403000 0.435516 0.651862 0.641791 0.583026 0.484876 0.545840 0.456876 0.478697 0.480560 0.519028 
404000 0.418969 0.642975 0.633028 0.636651 0.485972 0.532735 0.451128 0.454220 0.493689 0.551671 
405000 0.430865 0.631653 0.631369 0.626935 0.504514 0.502496 0.452381 0.459665 0.532468 0.530266 
406000 0.425627 0.603933 0.621622 0.632287 0.487280 0.507706 0.488682 0.452198 0.479239 0.560352 
407000 0.412963 0.639161 0.636451 0.657933 0.496774 0.548600 0.478712 0.449696 0.529968 0.536686 
408000 0.413194 0.631970 0.611057 0.639893 0.470000 0.535112 0.493151 0.484092 0.513235 0.503306 
409000 0.377034 0.584270 0.647303 0.634113 0.490135 0.550204 0.503776 0.443299 0.532698 0.529811 
410000 0.362466 0.633987 0.593060 0.624071 0.502913 0.523911 0.482353 0.462903 0.500741 0.545311 
411000 0.354352 0.616690 0.603774 0.604580 0.484119 0.527993 0.480000 0.529412 0.515862 0.537069 
412000 0.413238 0.588005 0.594697 0.629108 0.467245 0.549077 0.517491 0.479861 0.557351 0.574916 
413000 0.434677 0.644046 0.623940 0.595833 0.498138 0.518976 0.514286 0.475655 0.491591 0.537719 
414000 0.422857 0.648259 0.632383 0.582200 0.499060 0.569274 0.500627 0.468188 0.485007 0.524932 
415000 0.436364 0.635328 0.611612 0.638298 0.483167 0.494232 0.492117 0.459441 0.490066 0.564502 
416000 0.412921 0.657019 0.667028 0.616601 0.468085 0.539359 0.495747 0.477987 0.496423 0.510622 
417000 0.417697 0.668904 0.672619 0.578947 0.499535 0.506250 0.505618 0.474004 0.528986 0.524194 
418000 0.429947 0.643692 0.635063 0.597686 0.511834 0.486124 0.501850 0.459245 0.558587 0.522195 
419000 0.424099 0.667429 0.639623 0.620306 0.494220 0.501901 0.489518 0.500340 0.525994 0.505464 
420000 0.430728 0.662996 0.644118 0.604806 0.527672 0.493837 0.510686 0.458419 0.537538 0.496473 
421000 0.395690 0.623313 0.624742 0.581395 0.497585 0.515813 0.523128 0.470079 0.554806 0.554198 
422000 0.406850 0.618696 0.626223 0.625860 0.489016 0.501226 0.527043 0.486306 0.540541 0.512962 
423000 0.431021 0.597356 0.586009 0.631893 0.498054 0.462347 0.527316 0.474294 0.567809 0.530131 
424000 0.423114 0.642458 0.651434 0.620438 0.488844 0.492462 0.506865 0.468927 0.599678 0.526512 
425000 0.424028 0.619306 0.602804 0.621324 0.527290 0.467105 0.557816 0.472119 0.575710 0.531856 
426000 0.423549 0.629087 0.628931 0.605974 0.548887 0.500000 0.538642 0.468085 0.551336 0.520761 
427000 0.429571 0.634254 0.613333 0.607299 0.488844 0.510345 0.489392 0.473516 0.542222 0.506981 
428000 0.430812 0.662651 0.635215 0.662722 0.473529 0.496883 0.539189 0.485496 0.580793 0.530560 
429000 0.420881 0.645955 0.605482 0.542461 0.465574 0.501730 0.530266 0.480844 0.628981 0.495645 
430000 0.408646 0.668901 0.642492 0.592295 0.507805 0.506244 0.497802 0.445455 0.574150 0.502330 
431000 0.395368 0.623153 0.589567 0.588549 0.505386 0.470187 0.552564 0.440590 0.570833 0.513776 
432000 0.415044 0.619593 0.638380 0.528244 0.494208 0.475396 0.502381 0.465390 0.572337 0.514151 
433000 0.419291 0.622991 0.634000 0.555838 0.515054 0.490446 0.554007 0.486214 0.576087 0.541732 
434000 0.420889 0.641240 0.612000 0.619653 0.543756 0.499176 0.553318 0.507973 0.605491 0.536542 
435000 0.433794 0.624257 0.627794 0.576414 0.554702 0.490411 0.510638 0.498415 0.564885 0.515610 
436000 0.396825 0.596133 0.650697 0.625344 0.525206 0.489522 0.496200 0.466039 0.547332 0.507590 
437000 0.393009 0.558912 0.602726 0.648613 0.511840 0.480680 0.509732 0.495593 0.607573 0.520817 
438000 0.378571 0.579812 0.609310 0.587361 0.537313 0.477477 0.515892 0.466842 0.558069 0.512064 
439000 0.396894 0.610104 0.625442 0.611735 0.530233 0.485780 0.487973 0.485465 0.592908 0.504195 
440000 0.404702 0.631458 0.607625 0.617607 0.536493 0.469064 0.526602 0.484515 0.541085 0.520254 
441000 0.435090 0.580882 0.582543 0.550409 0.486726 0.456998 0.560804 0.489319 0.580508 0.507177 
442000 0.398872 0.624051 0.620532 0.610795 0.500967 0.493966 0.580338 0.498733 0.535304 0.522273 
443000 0.402905 0.549693 0.654894 0.619247 0.514235 0.513274 0.561893 0.485607 0.529141 0.535016 
444000 0.380760 0.581776 0.638793 0.601562 0.518030 0.526524 0.550459 0.473421 0.541455 0.537728 
445000 0.372792 0.608952 0.617077 0.600737 0.526861 0.497504 0.515679 0.486792 0.534562 0.512066 
446000 0.367586 0.587879 0.611379 0.588448 0.511286 0.485819 0.505119 0.494262 0.560386 0.508747 
447000 0.398502 0.607323 0.623463 0.571809 0.525505 0.480510 0.533775 0.482503 0.488055 0.526908 
448000 0.418482 0.577014 0.593828 0.551129 0.519517 0.493606 0.527812 0.487944 0.532258 0.477739 
449000 0.407722 0.600622 0.612350 0.564304 0.529474 0.516264 0.572536 0.492683 0.534846 0.521649 
450000 0.397436 0.623690 0.628685 0.573066 0.545078 0.469406 0.538543 0.478697 0.535473 0.536534 
451000 0.400166 0.635108 0.612818 0.584270 0.533212 0.521519 0.515369 0.489056 0.532385 0.499274 
452000 0.398097 0.610287 0.597929 0.539894 0.531792 0.476582 0.508065 0.472878 0.535311 0.499291 
453000 0.403553 0.587692 0.598465 0.551769 0.530059 0.468103 0.572304 0.467977 0.569444 0.512213 
454000 0.426031 0.650307 0.582437 0.521333 0.501422 0.458537 0.555260 0.477975 0.552137 0.521542 
455000 0.425693 0.644124 0.579299 0.508642 0.535872 0.466235 0.509482 0.470588 0.517350 0.507963 
456000 0.444934 0.606949 0.605119 0.537794 0.501493 0.443792 0.498795 0.486420 0.532857 0.513472 
457000 0.435965 0.666667 0.580696 0.539120 0.516634 0.474957 0.529906 0.469786 0.565154 0.517291 
458000 0.446375 0.615619 0.599677 0.529936 0.533457 0.454867 0.539175 0.502231 0.538244 0.495868 
459000 0.406435 0.632029 0.609858 0.488145 0.504673 0.473183 0.533618 0.467523 0.513834 0.500371 
460000 0.428012 0.627358 0.601674 0.513415 0.530990 0.462701 0.507360 0.488057 0.480349 0.476190 
461000 0.429167 0.634320 0.591973 0.512887 0.512100 0.496689 0.478941 0.480380 0.496933 0.497498 
462000 0.455095 0.615866 0.644986 0.555811 0.502361 0.454704 0.500000 0.466667 0.537500 0.541872 
463000 0.441245 0.579493 0.623276 0.567714 0.512101 0.452101 0.499462 0.482211 0.562033 0.476331 
464000 0.418760 0.623491 0.603618 0.570470 0.499064 0.475333 0.484234 0.458518 0.527007 0.527245 
465000 0.413608 0.640295 0.569798 0.550376 0.507968 0.490807 0.504751 0.452348 0.586364 0.488243 
466000 0.448812 0.670342 0.587959 0.549521 0.522244 0.489097 0.490751 0.481457 0.508547 0.514304 
467000 0.420722 0.627990 0.586918 0.536492 0.509317 0.462816 0.494311 0.470007 0.487562 0.498138 
468000 0.445636 0.626851 0.638623 0.529825 0.509491 0.476643 0.492414 0.500000 0.543860 0.493471 
469000 0.450727 0.645192 0.590150 0.513011 0.517457 0.462085 0.464744 0.477115 0.529155 0.509395 
470000 0.418622 0.613349 0.586611 0.522135 0.522361 0.462139 0.439512 0.459897 0.502950 0.482663 
471000 0.403201 0.619883 0.557047 0.516241 0.529640 0.482548 0.517766 0.491814 0.492500 0.491317 
472000 0.445046 0.589342 0.599453 0.550327 0.506427 0.463140 0.453820 0.486284 0.496241 0.488829 
473000 0.428686 0.597701 0.620240 0.553501 0.526703 0.467312 0.479188 0.487145 0.491228 0.507256 
474000 0.433142 0.591623 0.599321 0.564634 0.539400 0.499162 0.492032 0.460396 0.490712 0.492958 
475000 0.431165 0.607921 0.606061 0.521226 0.530689 0.454852 0.489342 0.493060 0.514793 0.509463 
476000 0.457878 0.611697 0.608987 0.499355 0.527924 0.455123 0.461220 0.488757 0.482389 0.501840 
477000 0.427492 0.629913 0.586026 0.494778 0.544290 0.473684 0.413873 0.473646 0.504587 0.494514 
478000 0.407264 0.630409 0.609756 0.554707 0.555748 0.464542 0.411899 0.504605 0.502134 0.507042 
479000 0.419106 0.658809 0.601171 0.552201 0.561822 0.471655 0.425080 0.474909 0.574013 0.525448 
480000 0.429300 0.620238 0.618593 0.526682 0.507553 0.491406 0.447641 0.465901 0.574661 0.494052 
481000 0.481763 0.649446 0.616981 0.538186 0.549339 0.506400 0.442051 0.468892 0.576696 0.507003 
482000 0.449010 0.609987 0.605106 0.563565 0.513966 0.500000 0.460897 0.465320 0.535191 0.525321 
483000 0.472862 0.672065 0.625659 0.550943 0.511278 0.505271 0.480420 0.470046 0.580997 0.480558 
484000 0.452572 0.675378 0.592493 0.524359 0.528651 0.501553 0.439935 0.479817 0.604198 0.508970 
485000 0.456086 0.641484 0.613309 0.542067 0.547862 0.524381 0.482229 0.483516 0.528190 0.503833 
486000 0.428243 0.653901 0.572807 0.545571 0.555809 0.516243 0.499529 0.453576 0.531557 0.514596 
487000 0.424893 0.672794 0.591281 0.568299 0.526984 0.503460 0.463527 0.467720 0.512531 0.476253 
488000 0.452294 0.659176 0.568776 0.547258 0.501380 0.540373 0.512257 0.480082 0.572932 0.499373 
489000 0.428319 0.689356 0.608696 0.527778 0.544554 0.511444 0.479612 0.492989 0.554441 0.488148 
490000 0.426073 0.662778 0.628106 0.532731 0.524207 0.505132 0.480889 0.506766 0.575604 0.503162 
491000 0.455395 0.646861 0.583015 0.557503 0.541293 0.537842 0.465485 0.472797 0.524148 0.467091 
492000 0.441824 0.659817 0.614068 0.523310 0.543517 0.505637 0.505607 0.494838 0.562212 0.481818 
493000 0.454973 0.672875 0.573858 0.545267 0.529870 0.511197 0.494336 0.484787 0.581867 0.499346 
494000 0.409310 0.604494 0.589674 0.583527 0.498198 0.533101 0.485257 0.496815 0.569715 0.483113 
495000 0.450584 0.594340 0.550342 0.566810 0.509242 0.523932 0.533040 0.500000 0.554439 0.504736 
496000 0.463141 0.622807 0.600598 0.547917 0.559783 0.550314 0.508475 0.458241 0.578581 0.508655 
497000 0.475232 0.643794 0.620902 0.573770 0.532093 0.506912 0.480769 0.501449 0.575646 0.506892 
498000 0.440031 0.695847 0.609416 0.580645 0.541219 0.512941 0.476723 0.460076 0.580247 0.493056 
499000 0.463598 0.673445 0.634561 0.567367 0.479167 0.523398 0.498267 0.455108 0.588152 0.505285 
500000 0.451266 0.646245 0.630282 0.537313 0.518256 0.516885 0.518619 0.470313 0.617602 0.502658 
501000 0.419246 0.636189 0.595764 0.610465 0.500916 0.504467 0.467819 0.483100 0.609948 0.467460 
502000 0.387574 0.644374 0.598989 0.599526 0.540643 0.545245 0.480410 0.498471 0.589212 0.474906 
503000 0.432511 0.631579 0.621743 0.602845 0.503478 0.556611 0.478149 0.479798 0.603194 0.477195 
504000 0.411475 0.646277 0.592912 0.564533 0.496169 0.524345 0.510182 0.504898 0.612340 0.463181 
505000 0.403662 0.647587 0.615385 0.545882 0.544037 0.510917 0.509494 0.500441 0.623542 0.493124 
506000 0.403732 0.607143 0.613781 0.580345 0.524422 0.531104 0.504523 0.472045 0.626045 0.458092 
507000 0.414634 0.637931 0.607827 0.555422 0.520036 0.568340 0.475746 0.467013 0.621234 0.460272 
508000 0.424837 0.589157 0.636213 0.553265 0.543568 0.541029 0.483114 0.477383 0.586984 0.482389 
509000 0.425498 0.643054 0.634047 0.587886 0.514669 0.537872 0.494323 0.484544 0.570379 0.485059 
510000 0.410296 0.624882 0.607651 0.553387 0.522507 0.547677 0.511516 0.474873 0.571918 0.486272 
511000 0.379747 0.640394 0.595238 0.553241 0.515179 0.546875 0.473900 0.471192 0.598830 0.515868 
512000 0.398839 0.623632 0.591582 0.542312 0.517913 0.491228 0.502203 0.474926 0.562929 0.506958 
513000 0.405734 0.633039 0.591674 0.570060 0.511038 0.525368 0.527778 0.447027 0.535499 0.508929 
514000 0.405941 0.672209 0.571778 0.556059 0.518894 0.530730 0.478976 0.486025 0.552083 0.487197 
515000 0.411290 0.698465 0.583195 0.542515 0.528489 0.543116 0.501403 0.473940 0.590909 0.469033 
516000 0.394252 0.682683 0.623239 0.533248 0.533448 0.550530 0.465714 0.444770 0.557841 0.496960 
517000 0.432513 0.650219 0.609819 0.556266 0.528998 0.544721 0.496425 0.446298 0.579284 0.471338 
518000 0.447115 0.625536 0.574266 0.567568 0.486397 0.539407 0.462447 0.463029 0.645200 0.494236 
519000 0.463066 0.670080 0.620455 0.607330 0.518877 0.571429 0.467980 0.476812 0.567766 0.479599 
520000 0.461234 0.694805 0.600797 0.527548 0.532772 0.579079 0.442344 0.454800 0.546512 0.471675 
521000 0.443735 0.646067 0.607313 0.586486 0.544090 0.572924 0.460707 0.476562 0.567727 0.494766 
522000 0.407492 0.665904 0.591981 0.522039 0.509143 0.553834 0.483815 0.474860 0.575621 0.477569 
523000 0.455453 0.698394 0.633283 0.602442 0.531189 0.567961 0.482072 0.448727 0.593920 0.469039 
524000 0.437833 0.673397 0.547401 0.596958 0.553659 0.564103 0.459335 0.465855 0.571429 0.458246 
525000 0.427970 0.682425 0.602500 0.577726 0.535236 0.560524 0.466495 0.447349 0.579125 0.488952 
526000 0.427827 0.664943 0.605195 0.561125 0.543576 0.555192 0.445618 0.522621 0.559014 0.482379 
527000 0.422274 0.669091 0.609225 0.547771 0.520894 0.562012 0.465438 0.498116 0.559524 0.464258 
528000 0.432318 0.662083 0.584762 0.636719 0.546654 0.529504 0.476051 0.501684 0.519952 0.475483 
529000 0.465839 0.637787 0.621974 0.625304 0.507125 0.585349 0.516765 0.525021 0.514484 0.481746 
530000 0.464338 0.681865 0.611304 0.568485 0.507437 0.586783 0.489723 0.462281 0.540020 0.502954 
531000 0.452330 0.674466 0.604003 0.557807 0.543052 0.563485 0.494588 0.486307 0.548204 0.522711 
532000 0.442899 0.651246 0.612319 0.596512 0.551193 0.535552 0.508007 0.495704 0.521127 0.472797 
533000 0.446998 0.672096 0.597148 0.602003 0.531511 0.565462 0.502110 0.503864 0.524554 0.452323 
534000 0.454609 0.708661 0.600196 0.623775 0.521739 0.578486 0.506951 0.503827 0.512871 0.484848 
535000 0.458515 0.721519 0.592129 0.593393 0.518836 0.544007 0.500947 0.474098 0.560123 0.493644 
536000 0.435806 0.698174 0.585125 0.579652 0.508297 0.539730 0.462851 0.458947 0.552928 0.440422 
537000 0.467669 0.734475 0.584615 0.578755 0.548681 0.544223 0.495942 0.454408 0.574000 0.486288 
538000 0.435369 0.700844 0.574024 0.575758 0.524096 0.531475 0.495614 0.473435 0.563948 0.471140 
539000 0.462977 0.675577 0.598205 0.572890 0.536395 0.529992 0.522870 0.444144 0.498866 0.464259 
540000 0.475059 0.682386 0.577739 0.572172 0.534247 0.549738 0.537727 0.468235 0.530454 0.492607 
541000 0.467297 0.710052 0.571719 0.613245 0.541748 0.563124 0.501493 0.442465 0.503575 0.471799 
542000 0.446899 0.687218 0.588899 0.572016 0.571295 0.537713 0.538462 0.485465 0.527383 0.496516 
543000 0.439441 0.650730 0.564772 0.570248 0.537998 0.568404 0.487689 0.468450 0.519512 0.465135 
544000 0.445000 0.673734 0.564216 0.574048 0.541742 0.569244 0.569845 0.489184 0.517160 0.462775 
545000 0.458547 0.691211 0.591589 0.550518 0.509717 0.553429 0.552294 0.472792 0.501244 0.459095 
546000 0.466466 0.698430 0.568627 0.564735 0.487938 0.562066 0.510242 0.481061 0.507543 0.472932 
547000 0.442878 0.669082 0.546750 0.566667 0.502504 0.559668 0.503784 0.475715 0.482604 0.469853 
548000 0.429932 0.688919 0.586583 0.532634 0.525631 0.566693 0.525629 0.529654 0.477064 0.459677 
549000 0.467283 0.672589 0.576707 0.562569 0.539910 0.590103 0.533847 0.481429 0.509895 0.466715 
550000 0.431148 0.686207 0.573503 0.545455 0.520468 0.556911 0.527157 0.451740 0.484440 0.476225 
551000 0.484871 0.633290 0.581594 0.537371 0.509417 0.555650 0.487252 0.474314 0.482599 0.450108 
552000 0.455493 0.686567 0.576305 0.546083 0.504225 0.536378 0.499142 0.475376 0.515991 0.444046 
553000 0.431133 0.697248 0.583408 0.528764 0.510975 0.542785 0.515152 0.472263 0.498967 0.486860 
554000 0.463295 0.660000 0.593622 0.548810 0.505111 0.586495 0.536390 0.489123 0.485352 0.443750 
555000 0.451269 0.662921 0.588376 0.530227 0.528236 0.598981 0.553977 0.514540 0.526259 0.470896 
556000 0.413100 0.636025 0.570962 0.565963 0.534694 0.555858 0.547032 0.452783 0.516685 0.447661 
557000 0.406987 0.673797 0.588828 0.551768 0.524430 0.572496 0.535782 0.472739 0.577449 0.454472 
558000 0.467160 0.662371 0.578947 0.532903 0.511373 0.567771 0.523952 0.476471 0.494908 0.445011 
559000 0.444628 0.626984 0.597454 0.559692 0.494671 0.568690 0.532367 0.461898 0.493659 0.455416 
560000 0.454098 0.656805 0.596760 0.560606 0.540584 0.497445 0.534196 0.470074 0.512907 0.458858 
561000 0.444188 0.643611 0.572658 0.573750 0.570808 0.552472 0.584854 0.505146 0.508700 0.441568 
562000 0.473295 0.635118 0.575634 0.537990 0.533036 0.535686 0.604915 0.493818 0.523671 0.454139 
563000 0.482363 0.606838 0.590558 0.539150 0.556098 0.536341 0.578797 0.453393 0.504683 0.470899 
564000 0.447215 0.581337 0.598039 0.549769 0.514894 0.544487 0.550369 0.477591 0.536485 0.473307 
565000 0.472012 0.597561 0.594385 0.546649 0.536962 0.556445 0.553746 0.478372 0.560261 0.481620 
566000 0.483793 0.600526 0.580977 0.562356 0.546750 0.542876 0.532672 0.458082 0.570462 0.468637 
567000 0.492296 0.644638 0.568465 0.513264 0.523853 0.577994 0.548335 0.475210 0.524377 0.482528 
568000 0.470305 0.611179 0.546438 0.533857 0.518775 0.540416 0.522508 0.457438 0.531755 0.477087 
569000 0.433783 0.593036 0.543844 0.545455 0.520067 0.566697 0.559783 0.491379 0.517944 0.461791 
570000 0.467916 0.636582 0.567923 0.552026 0.554629 0.574159 0.569410 0.455606 0.497030 0.464062 
571000 0.438073 0.637143 0.525439 0.550725 0.532095 0.549155 0.559774 0.459115 0.533579 0.469274 
572000 0.508224 0.622695 0.548801 0.573807 0.540296 0.575056 0.545607 0.458270 0.529086 0.504702 
573000 0.470830 0.666205 0.559792 0.602597 0.565428 0.513804 0.533919 0.456936 0.525157 0.490488 
574000 0.493216 0.621083 0.577093 0.571598 0.548193 0.566285 0.553390 0.463704 0.550905 0.455959 
575000 0.489850 0.625455 0.590494 0.528857 0.529685 0.549618 0.590986 0.465593 0.559456 0.507420 
576000 0.467456 0.606494 0.562103 0.532663 0.507130 0.548585 0.569610 0.450980 0.513977 0.481752 
577000 0.466715 0.629139 0.564225 0.520581 0.541998 0.572363 0.558678 0.494406 0.531672 0.474442 
578000 0.454327 0.649199 0.591837 0.530612 0.520417 0.534302 0.551942 0.472527 0.502049 0.463707 
579000 0.453055 0.689702 0.540307 0.550820 0.514066 0.549369 0.565657 0.483261 0.527613 0.465541 
580000 0.452155 0.624658 0.543738 0.544365 0.488759 0.566426 0.561285 0.460756 0.538706 0.465241 
581000 0.482095 0.648408 0.549038 0.557783 0.485742 0.555913 0.546094 0.454876 0.522275 0.455128 
582000 0.505418 0.628499 0.529243 0.539559 0.514155 0.569099 0.560166 0.480346 0.511425 0.463150 
583000 0.481651 0.644362 0.530435 0.562195 0.497976 0.536982 0.565568 0.459879 0.529354 0.501205 
584000 0.474826 0.696931 0.550586 0.550709 0.546737 0.560398 0.567202 0.467720 0.560955 0.460472 
585000 0.486061 0.654450 0.564955 0.522513 0.514214 0.548558 0.565607 0.460132 0.567690 0.469630 
586000 0.493261 0.667467 0.531373 0.532359 0.513678 0.542793 0.584150 0.480241 0.532567 0.482198 
587000 0.491876 0.678100 0.522882 0.564805 0.514043 0.560976 0.549755 0.492096 0.510926 0.486080 
588000 0.485437 0.669207 0.565725 0.534884 0.510811 0.559876 0.567224 0.456562 0.544434 0.493239 
589000 0.494014 0.647975 0.564103 0.569343 0.537572 0.560472 0.546862 0.460897 0.544799 0.461813 
590000 0.470470 0.635802 0.543519 0.541457 0.515181 0.545319 0.549246 0.471528 0.484669 0.462836 
591000 0.495868 0.645729 0.560861 0.502370 0.484472 0.527187 0.542833 0.445118 0.501821 0.494788 
592000 0.502193 0.648148 0.562837 0.513221 0.526946 0.572727 0.521070 0.474405 0.521048 0.461653 
593000 0.449861 0.615714 0.549911 0.513213 0.493548 0.535308 0.530508 0.473411 0.547368 0.469388 
594000 0.497845 0.664915 0.534864 0.550647 0.517840 0.546512 0.582589 0.463517 0.535642 0.456753 
595000 0.493740 0.608374 0.558240 0.532943 0.496861 0.571759 0.531117 0.470470 0.522484 0.445765 
596000 0.484521 0.650485 0.521778 0.511682 0.504664 0.564822 0.520121 0.490305 0.506770 0.489247 
597000 0.456572 0.675643 0.587469 0.528944 0.517699 0.563291 0.538261 0.475116 0.510881 0.498158 
598000 0.487897 0.687715 0.583418 0.556186 0.500473 0.531480 0.542677 0.460254 0.503861 0.452776 
599000 0.440945 0.661888 0.567844 0.509310 0.502483 0.575586 0.516900 0.473760 0.537300 0.487909 
600000 0.477524 0.684005 0.547016 0.525223 0.521447 0.576488 0.512021 0.483435 0.522928 0.431232 
601000 0.466521 0.674444 0.555102 0.521739 0.490251 0.549842 0.530612 0.465263 0.513592 0.469453 
602000 0.479076 0.679151 0.579084 0.529762 0.533333 0.559016 0.549097 0.458141 0.540490 0.500367 
603000 0.454416 0.634424 0.593779 0.562874 0.525327 0.532468 0.525000 0.453402 0.607073 0.467249 
604000 0.516596 0.639706 0.548266 0.511628 0.512945 0.549174 0.540179 0.464384 0.521081 0.449092 
605000 0.490400 0.608696 0.565741 0.524260 0.533945 0.560831 0.544379 0.488582 0.526264 0.488031 
606000 0.486465 0.595491 0.521778 0.558889 0.533061 0.514965 0.541736 0.465003 0.497687 0.473554 
607000 0.478661 0.612015 0.547886 0.529412 0.517606 0.544096 0.546677 0.493122 0.562731 0.529108 
608000 0.478508 0.662025 0.550701 0.533001 0.556410 0.543526 0.537500 0.451722 0.567797 0.473608 
609000 0.497263 0.675513 0.517617 0.547393 0.531802 0.543231 0.523276 0.483483 0.513433 0.486915 
610000 0.500883 0.652174 0.544335 0.510638 0.506981 0.553422 0.531646 0.477438 0.519294 0.481651 
611000 0.477816 0.665823 0.603313 0.504103 0.520390 0.544106 0.535223 0.482713 0.560768 0.482020 
612000 0.471628 0.700138 0.514907 0.534989 0.538332 0.570364 0.531278 0.465086 0.514572 0.469959 
613000 0.447431 0.669202 0.532853 0.569635 0.534622 0.586339 0.549584 0.458307 0.570896 0.488515 
614000 0.475439 0.657997 0.543860 0.548533 0.520484 0.545662 0.540268 0.468000 0.578278 0.495266 
615000 0.500345 0.601071 0.554152 0.565265 0.518174 0.520155 0.570188 0.460598 0.571557 0.478840 
616000 0.470630 0.633039 0.543440 0.539272 0.535799 0.553906 0.553667 0.493036 0.600868 0.479860 
617000 0.479112 0.652055 0.533385 0.520278 0.513625 0.537313 0.540670 0.454700 0.586250 0.492038 
618000 0.487622 0.668639 0.546296 0.536071 0.538912 0.537836 0.531712 0.453376 0.632252 0.505892 
619000 0.484364 0.645212 0.546078 0.503859 0.528926 0.541609 0.564844 0.466107 0.586426 0.502954 
620000 0.487923 0.652389 0.527704 0.505112 0.516551 0.575624 0.534036 0.504161 0.570615 0.472782 
621000 0.489968 0.705056 0.505599 0.515050 0.511090 0.569604 0.544223 0.471466 0.538462 0.476154 
622000 0.507353 0.696793 0.521779 0.529046 0.508711 0.551675 0.523159 0.483976 0.557244 0.490240 
623000 0.494977 0.699588 0.522059 0.527808 0.514026 0.553383 0.531797 0.500655 0.575521 0.474278 
624000 0.493524 0.669528 0.512535 0.540154 0.508197 0.515997 0.539116 0.485199 0.584925 0.482884 
625000 0.471399 0.670270 0.467128 0.551495 0.513754 0.548567 0.552695 0.481920 0.597222 0.480472 
626000 0.469256 0.713893 0.480553 0.536611 0.514026 0.533125 0.541772 0.496177 0.578333 0.492863 
627000 0.455962 0.718130 0.501020 0.527559 0.504878 0.555556 0.531646 0.508820 0.570053 0.489875 
628000 0.483240 0.665375 0.491468 0.535398 0.489832 0.543860 0.518082 0.486163 0.558236 0.507527 
629000 0.495593 0.713598 0.511771 0.536646 0.502669 0.530455 0.546931 0.465165 0.581789 0.482025 
630000 0.518849 0.672727 0.481013 0.535457 0.498471 0.541392 0.526104 0.462711 0.580106 0.493827 
631000 0.479139 0.655926 0.495479 0.512148 0.523234 0.546444 0.595455 0.453858 0.544770 0.453911 
632000 0.498061 0.630155 0.481584 0.541575 0.532102 0.573153 0.523501 0.494905 0.550750 0.487654 
633000 0.481707 0.676096 0.498537 0.561658 0.516742 0.562239 0.528926 0.486874 0.565506 0.479495 
634000 0.498113 0.637664 0.516556 0.551471 0.548731 0.543575 0.534166 0.487912 0.595361 0.483895 
635000 0.468006 0.628981 0.518215 0.530522 0.527602 0.548100 0.532437 0.470543 0.586882 0.491499 
636000 0.490566 0.695262 0.480531 0.490385 0.542609 0.533632 0.521341 0.476826 0.608230 0.481334 
637000 0.477601 0.640052 0.497093 0.520548 0.529183 0.557191 0.513447 0.458763 0.573799 0.458771 
638000 0.470676 0.617080 0.485149 0.526018 0.522709 0.553903 0.496302 0.476879 0.609499 0.492902 
639000 0.486582 0.568768 0.483996 0.555806 0.522746 0.571854 0.532103 0.465181 0.547297 0.491292 
640000 0.471802 0.627232 0.482916 0.529781 0.532934 0.536765 0.559393 0.484323 0.644620 0.463622 
641000 0.493861 0.669483 0.519960 0.492013 0.532835 0.546200 0.558140 0.463087 0.614428 0.497372 
642000 0.497869 0.644150 0.508696 0.523757 0.548853 0.547093 0.557031 0.475971 0.601668 0.509171 
643000 0.487351 0.629989 0.528409 0.510526 0.534831 0.530038 0.503889 0.473369 0.597899 0.481892 
644000 0.457498 0.602247 0.509250 0.546488 0.494200 0.532528 0.528560 0.447995 0.625479 0.485667 
645000 0.475163 0.584498 0.533645 0.517837 0.533493 0.540166 0.537886 0.453979 0.609207 0.477129 
646000 0.484948 0.596838 0.571179 0.535388 0.534519 0.484609 0.546737 0.478697 0.592593 0.467994 
647000 0.466102 0.622754 0.501377 0.530223 0.520231 0.517007 0.538168 0.479777 0.628571 0.482450 
648000 0.493708 0.589459 0.499107 0.548628 0.546982 0.554969 0.556474 0.477391 0.599103 0.522621 
649000 0.487805 0.613886 0.501988 0.517435 0.523425 0.507439 0.535371 0.492558 0.579943 0.480712 
650000 0.471160 0.609859 0.506969 0.533261 0.528073 0.529501 0.556686 0.477987 0.557054 0.482363 
651000 0.489022 0.610667 0.540957 0.531154 0.554140 0.501916 0.551347 0.484115 0.563392 0.496942 
652000 0.500000 0.585526 0.524977 0.526151 0.562216 0.540472 0.565087 0.482993 0.584479 0.485004 
653000 0.494179 0.604878 0.526141 0.525074 0.523810 0.573818 0.533805 0.482616 0.596491 0.463043 
654000 0.488981 0.654195 0.500000 0.502930 0.525383 0.559653 0.586580 0.477537 0.583172 0.461144 
655000 0.465480 0.630631 0.485739 0.537678 0.565062 0.526042 0.548536 0.474777 0.603203 0.468886 
656000 0.507889 0.561584 0.529889 0.513972 0.523581 0.541860 0.543393 0.461948 0.584838 0.506024 
657000 0.480167 0.595691 0.491729 0.495905 0.530264 0.534866 0.569966 0.492687 0.610811 0.483618 
658000 0.463431 0.587558 0.523126 0.498088 0.529114 0.519481 0.537991 0.500358 0.612381 0.493994 
659000 0.471684 0.606641 0.455292 0.472675 0.514363 0.512023 0.531773 0.482919 0.606544 0.458723 
660000 0.489035 0.619394 0.472881 0.500470 0.519355 0.492251 0.551092 0.441579 0.597041 0.509873 
661000 0.494768 0.668848 0.421541 0.476030 0.538332 0.522346 0.543515 0.491994 0.599814 0.494334 
662000 0.507666 0.615278 0.449183 0.494202 0.542096 0.515456 0.565291 0.498047 0.590148 0.506726 
663000 0.532889 0.591678 0.490637 0.503972 0.511788 0.516031 0.584150 0.493316 0.569814 0.520568 
664000 0.511494 0.590755 0.444732 0.492537 0.499434 0.531355 0.553970 0.490605 0.570008 0.521538 
665000 0.495451 0.600733 0.495362 0.513242 0.547018 0.512605 0.554409 0.485044 0.597084 0.496443 
666000 0.508785 0.614075 0.456857 0.498605 0.525000 0.556081 0.530172 0.499595 0.593722 0.475089 
667000 0.507582 0.596017 0.500447 0.492063 0.526912 0.538520 0.523431 0.505450 0.589810 0.468750 
668000 0.491792 0.613139 0.496622 0.519929 0.533028 0.556654 0.538598 0.500661 0.550388 0.487689 
669000 0.510558 0.574519 0.455949 0.494585 0.516436 0.528194 0.549165 0.483008 0.568852 0.489485 
670000 0.512784 0.600882 0.482065 0.526804 0.547433 0.535984 0.575080 0.517213 0.604720 0.489299 
671000 0.487786 0.533097 0.482434 0.521336 0.530317 0.491548 0.545226 0.499663 0.612701 0.478064 
672000 0.515636 0.562116 0.481548 0.528801 0.488291 0.496361 0.534865 0.515299 0.582866 0.488355 
673000 0.503501 0.580533 0.464527 0.517431 0.533333 0.553612 0.563801 0.496291 0.590041 0.488493 
674000 0.502193 0.510230 0.452321 0.504117 0.503951 0.514730 0.569957 0.476761 0.604854 0.503101 
675000 0.467114 0.559449 0.456125 0.516357 0.537815 0.538174 0.542032 0.520362 0.592721 0.494530 
676000 0.530837 0.576011 0.400372 0.526606 0.510566 0.487622 0.551837 0.514480 0.604832 0.481280 
677000 0.494860 0.601969 0.390728 0.504931 0.506341 0.541374 0.588933 0.522476 0.583922 0.482104 
678000 0.497041 0.587224 0.428198 0.506098 0.544201 0.514774 0.532819 0.505305 0.541076 0.486526 
679000 0.502110 0.616541 0.427807 0.513339 0.540674 0.527541 0.573284 0.508076 0.597070 0.510052 
680000 0.506826 0.580262 0.445205 0.499000 0.544622 0.523810 0.538206 0.512091 0.591273 0.509564 
681000 0.516565 0.538251 0.415341 0.513455 0.520000 0.502492 0.530009 0.486812 0.625122 0.498940 
682000 0.470214 0.538462 0.405594 0.501071 0.550375 0.478884 0.557886 0.508291 0.575401 0.506798 
683000 0.494220 0.576132 0.427807 0.508629 0.544037 0.497565 0.549541 0.497350 0.616071 0.519509 
684000 0.537184 0.577689 0.447140 0.503617 0.545238 0.508279 0.543041 0.479764 0.592875 0.488206 
685000 0.557645 0.605650 0.430986 0.496558 0.519968 0.507553 0.566085 0.445114 0.615385 0.510894 
686000 0.554333 0.604396 0.439208 0.516537 0.509360 0.531433 0.563248 0.477975 0.614688 0.499621 
687000 0.521008 0.563233 0.459821 0.523955 0.484996 0.540323 0.537559 0.505249 0.609030 0.502222 
688000 0.539970 0.604969 0.466841 0.514754 0.539234 0.535168 0.570189 0.517655 0.625000 0.482522 
689000 0.524679 0.558344 0.467964 0.501838 0.488506 0.553514 0.558791 0.497439 0.626154 0.500745 
690000 0.516794 0.575641 0.447808 0.492769 0.562791 0.525316 0.552363 0.469606 0.608734 0.492418 
691000 0.514765 0.557789 0.484414 0.490741 0.504771 0.545131 0.571946 0.486050 0.631628 0.498384 
692000 0.513670 0.554878 0.484076 0.521895 0.502110 0.521002 0.589770 0.475515 0.634021 0.524501 
693000 0.520121 0.606200 0.461616 0.528873 0.560606 0.521921 0.567780 0.475749 0.626959 0.501319 
694000 0.502549 0.617197 0.492727 0.520891 0.497700 0.509758 0.585714 0.491201 0.598104 0.512216 
695000 0.522613 0.577114 0.484536 0.489222 0.541667 0.515267 0.571033 0.496736 0.602703 0.539782 
696000 0.519878 0.588477 0.458111 0.501475 0.515667 0.542105 0.554555 0.494141 0.571818 0.538405 
697000 0.516566 0.623153 0.488156 0.512195 0.549505 0.525614 0.586383 0.482503 0.616527 0.501577 
698000 0.506605 0.599133 0.485635 0.501367 0.537313 0.554854 0.568480 0.477532 0.618321 0.507853 
699000 0.482783 0.556544 0.472119 0.510508 0.508577 0.556476 0.567496 0.476223 0.646168 0.528833 
700000 0.488874 0.574271 0.473739 0.470411 0.543503 0.554779 0.534905 0.494824 0.663034 0.531962 
701000 0.494048 0.542515 0.443643 0.500000 0.534759 0.539953 0.550536 0.494142 0.640101 0.531852 
702000 0.474747 0.586701 0.405263 0.485981 0.512334 0.542049 0.551988 0.496539 0.653333 0.510490 
703000 0.469308 0.576823 0.446445 0.491440 0.559825 0.517438 0.555556 0.501648 0.685885 0.561538 
704000 0.507853 0.608418 0.448622 0.503435 0.529291 0.503759 0.560900 0.489260 0.652577 0.534413 
705000 0.520537 0.551817 0.463228 0.507519 0.548218 0.493730 0.546848 0.509036 0.640813 0.524364 
706000 0.554873 0.537367 0.483450 0.500471 0.558416 0.530534 0.545159 0.488272 0.640159 0.519873 
707000 0.524679 0.548466 0.464734 0.485714 0.526363 0.541667 0.498695 0.482488 0.637282 0.543430 
708000 0.491091 0.517812 0.478452 0.472689 0.510036 0.530387 0.577974 0.469979 0.631238 0.548898 
709000 0.522388 0.570479 0.489455 0.472821 0.538608 0.513250 0.540146 0.490923 0.683590 0.512821 
710000 0.504012 0.512252 0.494436 0.482927 0.538620 0.567784 0.539192 0.505556 0.638863 0.516837 
711000 0.521873 0.544444 0.515123 0.475138 0.556046 0.541766 0.553398 0.488727 0.635417 0.518227 
712000 0.507280 0.561384 0.509631 0.491950 0.554745 0.546538 0.565424 0.492318 0.646507 0.539242 
713000 0.509728 0.557175 0.488691 0.456122 0.527964 0.517104 0.535630 0.474497 0.643640 0.509847 
714000 0.519912 0.535109 0.504234 0.495635 0.508212 0.552713 0.548329 0.505284 0.623134 0.521014 
715000 0.500000 0.540574 0.502256 0.504175 0.497858 0.538816 0.513590 0.494949 0.599251 0.525557 
716000 0.483310 0.524590 0.497692 0.483105 0.527358 0.509031 0.562444 0.494898 0.597920 0.495605 
717000 0.509299 0.542197 0.470493 0.489286 0.530457 0.544314 0.523035 0.478834 0.573503 0.463118 
718000 0.508351 0.554677 0.482821 0.493870 0.559513 0.520599 0.535319 0.487484 0.606292 0.495461 
719000 0.536533 0.518349 0.516224 0.529306 0.515455 0.535242 0.555640 0.496886 0.600764 0.487088 
720000 0.496102 0.454754 0.506635 0.506280 0.538053 0.526623 0.557471 0.514412 0.589350 0.512281 
721000 0.505658 0.466488 0.491983 0.472340 0.583333 0.502024 0.531707 0.492872 0.603106 0.500643 
722000 0.497033 0.563791 0.484689 0.455285 0.553078 0.497129 0.525943 0.474766 0.573115 0.510019 
723000 0.538697 0.523923 0.456432 0.503673 0.543256 0.514585 0.553464 0.519004 0.568202 0.491156 
724000 0.529455 0.537515 0.477231 0.510577 0.547868 0.518750 0.572264 0.517857 0.612355 0.492852 
725000 0.535439 0.523136 0.453528 0.501529 0.564748 0.524300 0.596420 0.466249 0.610708 0.507053 
726000 0.525281 0.568113 0.498322 0.481444 0.562050 0.503391 0.576362 0.512905 0.610649 0.474311 
727000 0.510370 0.592899 0.529725 0.485167 0.540541 0.522857 0.571536 0.506215 0.620898 0.488994 
728000 0.528371 0.571785 0.475490 0.474146 0.563131 0.532806 0.560764 0.501863 0.619929 0.439064 
729000 0.522957 0.591250 0.507001 0.512077 0.546571 0.528651 0.548199 0.469204 0.639932 0.462472 
730000 0.505831 0.596798 0.504019 0.469426 0.539216 0.509662 0.548961 0.536602 0.615768 0.490596 
731000 0.532741 0.584906 0.485800 0.480843 0.534819 0.514937 0.545185 0.504304 0.644099 0.517857 
732000 0.533712 0.580713 0.473448 0.510638 0.551215 0.507364 0.547247 0.479853 0.628931 0.503406 
733000 0.496448 0.618932 0.490451 0.463035 0.567839 0.514202 0.559898 0.505369 0.639684 0.440629 
734000 0.482537 0.576441 0.504355 0.470588 0.567344 0.523451 0.553086 0.506394 0.631393 0.481397 
735000 0.503311 0.609649 0.480755 0.439962 0.598452 0.513201 0.554978 0.512053 0.598206 0.501821 
736000 0.503294 0.518378 0.486971 0.474335 0.534774 0.522110 0.587674 0.481069 0.606365 0.463657 
737000 0.534123 0.580786 0.483568 0.457198 0.502212 0.515988 0.560034 0.480797 0.599190 0.457930 
738000 0.552577 0.589365 0.503195 0.483333 0.515038 0.529495 0.575501 0.490856 0.587888 0.446486 
739000 0.512212 0.547588 0.512264 0.492616 0.531196 0.523226 0.547271 0.513263 0.617866 0.486783 
740000 0.530281 0.570896 0.497405 0.471866 0.543189 0.542330 0.478924 0.492338 0.582516 0.476946 
741000 0.509343 0.562982 0.514821 0.486922 0.560352 0.506677 0.539370 0.524029 0.574664 0.492991 
742000 0.532213 0.539024 0.480061 0.504265 0.562239 0.510269 0.576012 0.503472 0.565724 0.500735 
743000 0.518545 0.538737 0.498575 0.497963 0.520752 0.527565 0.579431 0.507358 0.593237 0.510288 
744000 0.536282 0.580533 0.498976 0.539683 0.545455 0.527496 0.556757 0.507527 0.617360 0.485480 
745000 0.509368 0.561383 0.506618 0.515625 0.541359 0.504045 0.565622 0.508059 0.599078 0.497768 
746000 0.511256 0.510125 0.462160 0.517636 0.544046 0.513917 0.545603 0.514599 0.597180 0.494253 
747000 0.507853 0.526316 0.457438 0.471402 0.577243 0.506419 0.585841 0.483959 0.591658 0.487635 
748000 0.486732 0.531579 0.454980 0.517007 0.552970 0.528692 0.576987 0.497022 0.631670 0.476113 
749000 0.521107 0.585821 0.447604 0.492620 0.553733 0.496368 0.564648 0.499628 0.580357 0.470634 
750000 0.514187 0.563177 0.472012 0.492697 0.546980 0.498054 0.604167 0.486014 0.594684 0.517121 
751000 0.487919 0.586252 0.476058 0.462355 0.553469 0.525920 0.553945 0.491624 0.615750 0.512356 
752000 0.540856 0.580282 0.469578 0.517857 0.560391 0.535968 0.565769 0.505256 0.614574 0.483155 
753000 0.534226 0.591705 0.471408 0.490214 0.514146 0.501752 0.543288 0.472834 0.565481 0.466766 
754000 0.534852 0.594398 0.478886 0.498982 0.533442 0.502553 0.554629 0.526991 0.542179 0.477458 
755000 0.519853 0.545064 0.482363 0.491170 0.536178 0.497322 0.544601 0.504213 0.589189 0.511024 
756000 0.514075 0.563218 0.471154 0.482255 0.545305 0.524578 0.546132 0.525730 0.554800 0.512019 
757000 0.506934 0.588294 0.475486 0.487228 0.572816 0.518717 0.593542 0.515604 0.571300 0.511769 
758000 0.537509 0.533970 0.455259 0.481818 0.541228 0.500373 0.549550 0.529726 0.592226 0.459436 
759000 0.527548 0.551250 0.432373 0.514860 0.578838 0.506726 0.535163 0.474507 0.571569 0.476232 
760000 0.572508 0.547258 0.449322 0.480000 0.540984 0.499242 0.539867 0.507072 0.582293 0.472039 
761000 0.542781 0.588167 0.449060 0.463348 0.544526 0.535885 0.561390 0.517492 0.638790 0.478593 
762000 0.552632 0.544061 0.474627 0.511111 0.535855 0.545721 0.572363 0.520446 0.615859 0.484736 
763000 0.527304 0.600211 0.493325 0.506002 0.528646 0.515537 0.549419 0.495792 0.614822 0.468189 
764000 0.536680 0.616842 0.487678 0.483685 0.525692 0.514993 0.564893 0.491744 0.553712 0.439597 
765000 0.521709 0.556898 0.475917 0.521869 0.563467 0.546551 0.562802 0.493968 0.570925 0.482946 
766000 0.518893 0.573835 0.471297 0.531739 0.540785 0.502429 0.534236 0.523443 0.603970 0.483221 
767000 0.524357 0.541596 0.451542 0.487923 0.548928 0.510545 0.559908 0.513175 0.560889 0.491463 
768000 0.539860 0.546181 0.447619 0.478821 0.575269 0.514147 0.546645 0.490166 0.616379 0.470199 
769000 0.537212 0.611111 0.463273 0.499525 0.537008 0.515812 0.560955 0.487677 0.564728 0.480590 
770000 0.542406 0.618590 0.498923 0.496377 0.530411 0.519898 0.593670 0.482490 0.553604 0.473806 
771000 0.564199 0.614833 0.473646 0.519264 0.548540 0.530033 0.566288 0.480690 0.577657 0.498901 
772000 0.566502 0.623566 0.462903 0.535922 0.551380 0.534901 0.537453 0.508997 0.577311 0.483967 
773000 0.535819 0.568571 0.475277 0.481737 0.541451 0.512088 0.538732 0.522686 0.537349 0.494957 
774000 0.537961 0.600000 0.465517 0.504314 0.545455 0.531899 0.571657 0.479824 0.571909 0.494014 
775000 0.534752 0.607181 0.449785 0.470705 0.545164 0.490318 0.555287 0.482801 0.593074 0.503578 
776000 0.546265 0.590542 0.489345 0.523721 0.551364 0.540098 0.558307 0.501614 0.599014 0.483508 
777000 0.546544 0.630453 0.489020 0.541748 0.519625 0.535055 0.550360 0.492264 0.558824 0.464167 
778000 0.555468 0.603372 0.522222 0.492986 0.544571 0.523420 0.568369 0.509615 0.538267 0.468398 
779000 0.562806 0.623986 0.506214 0.504158 0.547101 0.505678 0.587920 0.497222 0.501875 0.491512 
780000 0.557943 0.600193 0.476124 0.516378 0.558621 0.498168 0.560520 0.503198 0.495392 0.472897 
781000 0.530702 0.583728 0.477085 0.515358 0.518803 0.524400 0.591054 0.485612 0.547969 0.469860 
782000 0.545332 0.577423 0.501595 0.549482 0.551904 0.533623 0.545528 0.492218 0.538718 0.494300 
783000 0.540521 0.609148 0.473179 0.523185 0.566952 0.553485 0.574309 0.494477 0.539683 0.489256 
784000 0.524490 0.647179 0.471154 0.500992 0.561156 0.545522 0.566096 0.497143 0.485909 0.492798 
785000 0.522895 0.592322 0.474125 0.531335 0.557110 0.530479 0.554198 0.489204 0.525674 0.495489 
786000 0.531605 0.637467 0.480226 0.508509 0.549763 0.539620 0.526400 0.493115 0.527350 0.490609 
787000 0.528602 0.628277 0.501928 0.488722 0.568642 0.536066 0.566527 0.495646 0.496302 0.502069 
788000 0.537500 0.569913 0.504680 0.520561 0.529223 0.530000 0.541012 0.496571 0.511895 0.467066 
789000 0.550365 0.594903 0.482009 0.554781 0.560763 0.533687 0.581532 0.492661 0.492075 0.461653 
790000 0.566478 0.578272 0.476863 0.573805 0.564286 0.480894 0.568509 0.497396 0.516588 0.473392 
791000 0.525974 0.608621 0.465789 0.542208 0.536585 0.507692 0.551107 0.481254 0.511426 0.449690 
792000 0.525735 0.602667 0.443966 0.540733 0.543899 0.512694 0.543860 0.485695 0.520614 0.441764 
793000 0.514784 0.616527 0.450073 0.556004 0.552722 0.520586 0.537757 0.503932 0.503257 0.471154 
794000 0.502155 0.598010 0.450120 0.538462 0.532520 0.537063 0.540256 0.503209 0.544167 0.476155 
795000 0.555889 0.579694 0.451931 0.538697 0.552548 0.519713 0.538035 0.511240 0.523724 0.460725 
796000 0.539659 0.568730 0.496130 0.537902 0.531753 0.517997 0.541304 0.485264 0.582339 0.465531 
797000 0.488390 0.582119 0.486348 0.565347 0.547872 0.513576 0.527432 0.501620 0.587314 0.458909 
798000 0.554608 0.628267 0.496228 0.527041 0.536441 0.521423 0.553571 0.493506 0.551641 0.496263 
799000 0.524412 0.626679 0.466612 0.509346 0.549886 0.504418 0.561256 0.498108 0.565709 0.459353 
800000 0.505882 0.629662 0.493106 0.529121 0.546875 0.500394 0.529326 0.472692 0.534299 0.491790 
801000 0.504769 0.606796 0.465936 0.551210 0.542811 0.505255 0.551431 0.529455 0.576135 0.472060 
802000 0.505602 0.603889 0.496356 0.517490 0.539816 0.504149 0.541433 0.478825 0.535857 0.485044 
803000 0.518596 0.632454 0.489746 0.548233 0.551495 0.503114 0.512882 0.491780 0.531634 0.467071 
804000 0.567073 0.633397 0.465187 0.557570 0.551115 0.502937 0.518631 0.516220 0.542461 0.492729 
805000 0.562500 0.613360 0.477663 0.531897 0.544304 0.492968 0.536661 0.505312 0.517129 0.486528 
806000 0.520000 0.587349 0.468918 0.543420 0.549441 0.485232 0.547028 0.486180 0.524481 0.476048 
807000 0.538647 0.625755 0.468776 0.537182 0.546191 0.467029 0.528366 0.503963 0.533128 0.467056 
808000 0.555654 0.595137 0.479042 0.548161 0.518371 0.484889 0.522204 0.504714 0.543422 0.496090 
809000 0.540584 0.597266 0.476266 0.509634 0.533470 0.495014 0.506132 0.499275 0.513389 0.473560 
810000 0.556194 0.627812 0.500000 0.515640 0.572845 0.495475 0.504828 0.482320 0.536585 0.507837 
811000 0.548130 0.638060 0.453915 0.547131 0.536604 0.463968 0.557389 0.499653 0.520113 0.494108 
812000 0.552804 0.599107 0.455273 0.499529 0.536283 0.497337 0.525273 0.510710 0.517293 0.476874 
813000 0.517957 0.633394 0.425373 0.525813 0.559117 0.498303 0.545673 0.499336 0.519440 0.451291 
814000 0.544129 0.612188 0.468344 0.525000 0.541048 0.465733 0.535201 0.485732 0.530176 0.466563 
815000 0.525631 0.662427 0.474152 0.491579 0.554374 0.517428 0.517588 0.489680 0.545954 0.484477 
816000 0.523602 0.634503 0.466788 0.492477 0.542553 0.500380 0.536149 0.493994 0.495629 0.488046 
817000 0.528315 0.636364 0.501176 0.515779 0.562719 0.469302 0.545082 0.485584 0.533878 0.494516 
818000 0.516992 0.631206 0.465431 0.534180 0.569478 0.482605 0.545384 0.515198 0.556548 0.477226 
819000 0.512376 0.621229 0.478550 0.545455 0.567947 0.479545 0.539494 0.500674 0.544872 0.445050 
820000 0.535774 0.620594 0.490607 0.517613 0.556748 0.497549 0.528604 0.483942 0.541703 0.460030 
821000 0.550325 0.643275 0.465848 0.507313 0.550562 0.563107 0.549276 0.481928 0.578456 0.454327 
822000 0.584127 0.621832 0.409055 0.535928 0.532316 0.516447 0.526198 0.487678 0.515038 0.479687 
823000 0.546200 0.631522 0.478510 0.513645 0.570191 0.474126 0.522761 0.491582 0.564103 0.468271 
824000 0.531486 0.623975 0.487250 0.507951 0.563218 0.506980 0.536533 0.521513 0.561420 0.438635 
825000 0.564659 0.623436 0.467845 0.526474 0.581777 0.457792 0.522929 0.517188 0.536929 0.480949 
826000 0.561210 0.605703 0.468635 0.542240 0.541254 0.476452 0.547107 0.511694 0.490581 0.446945 
827000 0.564048 0.589304 0.489474 0.503016 0.567300 0.486254 0.522881 0.513377 0.495320 0.452285 
828000 0.573466 0.619469 0.482631 0.514085 0.542128 0.484988 0.543320 0.509119 0.528608 0.480814 
829000 0.561819 0.593963 0.462437 0.510617 0.541785 0.500394 0.530015 0.480074 0.512370 0.469617 
830000 0.577793 0.599153 0.460437 0.510358 0.546426 0.496434 0.528658 0.476054 0.501279 0.442420 
831000 0.567251 0.589981 0.449871 0.490926 0.532553 0.496140 0.529189 0.491124 0.543210 0.436630 
832000 0.605560 0.598696 0.467814 0.474684 0.529412 0.517884 0.538111 0.489768 0.530470 0.471619 
833000 0.586290 0.578138 0.458434 0.487892 0.531991 0.525220 0.512838 0.499661 0.546544 0.463746 
834000 0.601556 0.600639 0.451304 0.508228 0.558781 0.488281 0.555471 0.493204 0.508571 0.434020 
835000 0.562784 0.606908 0.490683 0.500000 0.547936 0.532178 0.547659 0.498437 0.555046 0.467949 
836000 0.585135 0.566169 0.480120 0.481370 0.527695 0.505739 0.531900 0.488889 0.530060 0.489231 
837000 0.591693 0.580703 0.498457 0.500000 0.542361 0.553508 0.520061 0.493663 0.581888 0.484432 
838000 0.567455 0.583333 0.514085 0.487689 0.556296 0.492266 0.521999 0.487758 0.535814 0.477383 
839000 0.555556 0.611018 0.523582 0.538053 0.587611 0.503063 0.523990 0.534579 0.563796 0.481818 
840000 0.592564 0.582508 0.493930 0.516667 0.559668 0.499277 0.554810 0.514246 0.519194 0.468006 
841000 0.567329 0.619440 0.459091 0.537019 0.531930 0.537771 0.545524 0.523537 0.533964 0.463934 
842000 0.566207 0.589869 0.495004 0.519056 0.528582 0.528753 0.513211 0.506739 0.476190 0.457352 
843000 0.535484 0.591696 0.476664 0.521331 0.540730 0.497788 0.528287 0.510410 0.534529 0.470948 
844000 0.558600 0.593870 0.490552 0.512573 0.547800 0.482704 0.513248 0.536755 0.526854 0.453895 
845000 0.589865 0.620419 0.488792 0.495183 0.507858 0.504221 0.539817 0.488158 0.540833 0.482759 
846000 0.585703 0.628326 0.494473 0.527881 0.514745 0.502171 0.535741 0.522236 0.511664 0.457207 
847000 0.556263 0.627757 0.478836 0.478424 0.529605 0.500737 0.537405 0.490683 0.498064 0.483871 
848000 0.571332 0.584124 0.479628 0.492891 0.559968 0.501848 0.545518 0.508000 0.517749 0.459393 
849000 0.555473 0.631321 0.496594 0.511211 0.531778 0.483216 0.517991 0.522193 0.545042 0.455794 
850000 0.592472 0.612262 0.471629 0.522472 0.542722 0.487884 0.502560 0.496644 0.525822 0.441538 
851000 0.536932 0.602740 0.466805 0.530973 0.524038 0.493031 0.480668 0.525475 0.517677 0.450965 
852000 0.562904 0.581643 0.490670 0.522747 0.528434 0.483639 0.545664 0.512448 0.496870 0.475833 
853000 0.578656 0.587475 0.495536 0.532533 0.548605 0.477742 0.514198 0.519271 0.515262 0.499276 
854000 0.557207 0.600885 0.545714 0.522334 0.529460 0.546311 0.535819 0.517451 0.528816 0.474722 
855000 0.566265 0.611465 0.511048 0.541623 0.520867 0.503724 0.531463 0.507324 0.507440 0.442338 
856000 0.565191 0.618967 0.493506 0.518276 0.532510 0.478998 0.532328 0.503960 0.527981 0.450647 
857000 0.619115 0.608656 0.496429 0.494241 0.531130 0.468069 0.542793 0.490354 0.518035 0.475223 
858000 0.584052 0.623963 0.517026 0.508458 0.521510 0.485106 0.522342 0.506958 0.505731 0.447940 
859000 0.574265 0.613543 0.499317 0.536832 0.553086 0.488095 0.512583 0.515419 0.500000 0.489567 
860000 0.574257 0.579783 0.483389 0.519538 0.519789 0.540641 0.516248 0.506618 0.524441 0.482129 
861000 0.572231 0.624539 0.525126 0.539773 0.528854 0.541233 0.520607 0.528461 0.542056 0.472889 
862000 0.596605 0.615176 0.522091 0.540190 0.541249 0.551320 0.508929 0.492329 0.495759 0.471569 
863000 0.572587 0.633663 0.525843 0.539234 0.525578 0.520849 0.542665 0.498734 0.506098 0.494329 
864000 0.575058 0.606610 0.511811 0.514609 0.555363 0.482381 0.506098 0.515789 0.453376 0.457641 
865000 0.564885 0.603914 0.507987 0.515581 0.530936 0.508614 0.537464 0.534530 0.495473 0.468998 
866000 0.569867 0.609819 0.523052 0.514691 0.538642 0.536645 0.546994 0.523878 0.489426 0.477952 
867000 0.591084 0.611423 0.503870 0.519774 0.566439 0.499285 0.498017 0.513231 0.487291 0.479930 
868000 0.582483 0.609694 0.459866 0.482243 0.530222 0.494934 0.517129 0.524297 0.460633 0.496157 
869000 0.567337 0.611818 0.519608 0.483475 0.523372 0.476796 0.539955 0.511168 0.491277 0.474062 
870000 0.584739 0.613200 0.497171 0.511667 0.563417 0.463241 0.528123 0.472992 0.487179 0.456742 
871000 0.622204 0.613896 0.498296 0.497758 0.572254 0.478363 0.537829 0.508760 0.516562 0.500806 
872000 0.602796 0.618042 0.504145 0.480384 0.514095 0.451693 0.550195 0.492696 0.525799 0.501160 
873000 0.593776 0.609845 0.487640 0.509259 0.560284 0.484326 0.561573 0.506932 0.518355 0.470445 
874000 0.584892 0.589271 0.517264 0.441696 0.547236 0.500000 0.532723 0.482094 0.522923 0.489130 
875000 0.582884 0.578252 0.507184 0.476148 0.552716 0.481086 0.540560 0.514420 0.516350 0.460938 
876000 0.599388 0.555113 0.490071 0.474020 0.547794 0.501205 0.515929 0.488200 0.487616 0.445372 
877000 0.578673 0.601843 0.512341 0.480037 0.537162 0.498845 0.546933 0.475504 0.538769 0.461794 
878000 0.564048 0.618076 0.521649 0.523759 0.515699 0.472546 0.562753 0.491042 0.507031 0.465364 
879000 0.561290 0.616477 0.494874 0.493671 0.508170 0.487843 0.550693 0.506347 0.512367 0.495968 
880000 0.570700 0.626588 0.478951 0.515231 0.529101 0.489478 0.536827 0.547686 0.526135 0.473775 
881000 0.570656 0.636111 0.535620 0.488688 0.537736 0.502542 0.535924 0.504431 0.497748 0.471993 
882000 0.560924 0.612621 0.487622 0.486741 0.522167 0.487975 0.530763 0.508059 0.533940 0.528596 
883000 0.612229 0.596899 0.480118 0.479218 0.532895 0.486253 0.519274 0.504249 0.499194 0.474979 
884000 0.600924 0.568093 0.464337 0.468623 0.543974 0.526358 0.540800 0.517781 0.501664 0.467832 
885000 0.577811 0.621891 0.487805 0.461538 0.555127 0.496044 0.508600 0.510519 0.503546 0.484312 
886000 0.604832 0.612322 0.472763 0.487580 0.559969 0.484243 0.529367 0.516724 0.504739 0.457861 
887000 0.599832 0.641526 0.503726 0.456940 0.543269 0.486718 0.529985 0.512746 0.521901 0.466724 
888000 0.610329 0.633175 0.498962 0.473379 0.551697 0.501661 0.520697 0.515008 0.484627 0.474286 
889000 0.555375 0.639843 0.511828 0.482726 0.568612 0.473510 0.523671 0.508486 0.465815 0.435808 
890000 0.581615 0.605978 0.530333 0.500000 0.562174 0.468830 0.519944 0.531646 0.493113 0.490733 
891000 0.591638 0.599806 0.496942 0.463074 0.534247 0.509403 0.491098 0.495451 0.475480 0.486464 
892000 0.540168 0.584270 0.490032 0.465138 0.594281 0.467854 0.520057 0.519491 0.505722 0.455187 
893000 0.544578 0.586538 0.503609 0.473282 0.565283 0.504519 0.511016 0.495961 0.499313 0.456822 
894000 0.552381 0.616034 0.502137 0.477089 0.547085 0.506637 0.535689 0.489767 0.523776 0.477308 
895000 0.560816 0.578824 0.473458 0.490036 0.535953 0.495549 0.543085 0.514032 0.505609 0.437967 
896000 0.571207 0.638498 0.469508 0.437827 0.569823 0.453757 0.540520 0.495873 0.466616 0.460549 
897000 0.576518 0.605385 0.506677 0.463612 0.578101 0.462229 0.546594 0.500698 0.466276 0.495102 
898000 0.570696 0.611670 0.505469 0.474038 0.560163 0.465918 0.532446 0.499077 0.469325 0.490061 
899000 0.561338 0.584168 0.535874 0.486989 0.558214 0.459201 0.567771 0.489782 0.495929 0.481381 
900000 0.581734 0.607582 0.524042 0.489362 0.539180 0.461470 0.555643 0.527071 0.529130 0.471986 
901000 0.570485 0.622030 0.534066 0.480342 0.527869 0.451667 0.572642 0.523232 0.466125 0.477855 
902000 0.590801 0.588121 0.522929 0.486350 0.562902 0.454008 0.528419 0.518006 0.495885 0.498336 
903000 0.560741 0.602649 0.556802 0.448753 0.566863 0.449957 0.508155 0.525449 0.508367 0.453947 
904000 0.580043 0.630029 0.549818 0.464497 0.566197 0.451930 0.544020 0.521994 0.422140 0.479473 
905000 0.572308 0.589496 0.544944 0.519569 0.555908 0.456218 0.537538 0.519537 0.507983 0.491169 
906000 0.576527 0.582364 0.528289 0.453668 0.548291 0.467239 0.529600 0.493277 0.469720 0.412888 
907000 0.605048 0.551724 0.531800 0.491541 0.580216 0.478884 0.567370 0.513085 0.478380 0.467076 
908000 0.570538 0.583790 0.515850 0.490619 0.558230 0.464481 0.533759 0.495286 0.469962 0.491456 
909000 0.552259 0.588032 0.523099 0.501972 0.529364 0.496844 0.519447 0.521709 0.438376 0.442071 
910000 0.571078 0.601887 0.505319 0.456801 0.555290 0.435143 0.501251 0.518923 0.502954 0.464690 
911000 0.545845 0.632692 0.523169 0.486381 0.543348 0.461169 0.512346 0.534507 0.486709 0.473602 
912000 0.568012 0.600716 0.505022 0.449761 0.540957 0.423244 0.560559 0.531559 0.507713 0.477307 
913000 0.561377 0.637571 0.507297 0.468366 0.516154 0.463474 0.546266 0.506061 0.472490 0.478435 
914000 0.551876 0.609607 0.541116 0.475022 0.523520 0.414239 0.561261 0.541079 0.470788 0.455870 
915000 0.572611 0.586859 0.501490 0.482289 0.511609 0.451230 0.559087 0.536424 0.477846 0.476874 
916000 0.536528 0.598446 0.526021 0.467146 0.530932 0.434709 0.522255 0.532853 0.490670 0.447660 
917000 0.612676 0.591255 0.497922 0.479397 0.528443 0.393538 0.554806 0.532168 0.479134 0.468647 
918000 0.598348 0.586003 0.535841 0.449231 0.559190 0.437150 0.522831 0.528356 0.465032 0.435498 
919000 0.580146 0.568935 0.498643 0.464058 0.539301 0.438609 0.542488 0.520400 0.483848 0.437843 
920000 0.566584 0.616788 0.502542 0.500980 0.536402 0.469739 0.532458 0.509231 0.476347 0.482085 
921000 0.587340 0.582180 0.506111 0.470205 0.541779 0.458459 0.544415 0.514493 0.449050 0.450337 
922000 0.583124 0.569358 0.508088 0.434270 0.561762 0.461778 0.530999 0.543860 0.471098 0.522575 
923000 0.564503 0.576195 0.511145 0.495430 0.517829 0.429699 0.495706 0.522247 0.511444 0.511295 
924000 0.612161 0.579235 0.517953 0.489071 0.531933 0.464696 0.526357 0.526611 0.477257 0.501129 
925000 0.607922 0.626827 0.530802 0.440617 0.546589 0.449731 0.505738 0.540871 0.493933 0.496909 
926000 0.628312 0.614612 0.511700 0.477167 0.557632 0.465805 0.518149 0.528945 0.510264 0.471192 
927000 0.619917 0.594912 0.516300 0.469880 0.576687 0.478969 0.507657 0.512231 0.490580 0.448276 
928000 0.621746 0.604454 0.516152 0.497148 0.562604 0.479532 0.536019 0.547504 0.477387 0.453434 
929000 0.637002 0.606327 0.558260 0.493897 0.527338 0.457600 0.504045 0.532046 0.475358 0.517331 
930000 0.607652 0.602542 0.554463 0.488511 0.538176 0.441860 0.527756 0.549378 0.482198 0.482548 
931000 0.605484 0.628970 0.553609 0.523721 0.555472 0.473409 0.510018 0.556078 0.455632 0.511188 
932000 0.567176 0.621200 0.539604 0.477666 0.552557 0.440678 0.555394 0.569510 0.463079 0.512871 
933000 0.558201 0.601399 0.534247 0.474161 0.564327 0.446937 0.550936 0.534630 0.477161 0.494007 
934000 0.619366 0.592334 0.540958 0.483302 0.535899 0.434253 0.535242 0.516836 0.501742 0.518018 
935000 0.573868 0.594881 0.554379 0.504572 0.559284 0.438914 0.495027 0.525174 0.471598 0.516681 
936000 0.575273 0.612097 0.567969 0.462780 0.566667 0.464338 0.534661 0.518267 0.483171 0.465038 
937000 0.563430 0.586770 0.550079 0.459707 0.553672 0.458755 0.516889 0.572165 0.448228 0.491770 
938000 0.570480 0.582827 0.557943 0.469008 0.524390 0.448332 0.497449 0.558180 0.491263 0.506757 
939000 0.577096 0.585971 0.541571 0.486355 0.487243 0.442724 0.503912 0.544014 0.491803 0.472481 
940000 0.609600 0.570362 0.547420 0.489733 0.518428 0.455782 0.531665 0.546503 0.457454 0.472246 
941000 0.603226 0.566163 0.549966 0.496720 0.561852 0.467754 0.481928 0.535789 0.480161 0.470085 
942000 0.604827 0.580048 0.559646 0.505010 0.536167 0.457719 0.486156 0.526773 0.474950 0.498640 
943000 0.611201 0.570101 0.527680 0.501403 0.523300 0.439260 0.527663 0.539078 0.479058 0.464962 
944000 0.592928 0.560459 0.549618 0.486789 0.560364 0.415398 0.465893 0.539768 0.453862 0.486434 
945000 0.611028 0.535846 0.553191 0.474954 0.551880 0.425260 0.524793 0.574120 0.453497 0.485352 
946000 0.594182 0.564559 0.535346 0.473786 0.508029 0.441494 0.536318 0.582462 0.492408 0.486679 
947000 0.574616 0.591426 0.526280 0.491292 0.526705 0.420583 0.545314 0.573720 0.468796 0.486344 
948000 0.585019 0.597211 0.546732 0.458333 0.540062 0.480549 0.542453 0.546562 0.496251 0.467363 
949000 0.605243 0.571429 0.567664 0.509434 0.567089 0.434375 0.520800 0.576087 0.445283 0.476357 
950000 0.621829 0.593886 0.567627 0.520947 0.520369 0.453788 0.521926 0.515101 0.458890 0.479821 
951000 0.580848 0.639930 0.544817 0.448999 0.541257 0.417069 0.498765 0.568404 0.495266 0.475632 
952000 0.593985 0.622678 0.553813 0.467320 0.521895 0.413858 0.562312 0.561835 0.504511 0.485122 
953000 0.606742 0.578483 0.550936 0.486622 0.524981 0.386914 0.572201 0.564141 0.509861 0.436742 
954000 0.579957 0.571556 0.537121 0.510851 0.524552 0.430380 0.533738 0.504658 0.493585 0.456078 
955000 0.584462 0.574957 0.536736 0.512478 0.523016 0.432365 0.524650 0.529938 0.499352 0.491873 
956000 0.592852 0.602369 0.516178 0.493277 0.532904 0.423351 0.498279 0.537656 0.493704 0.481057 
957000 0.587407 0.588338 0.525875 0.509599 0.509924 0.442557 0.542292 0.508082 0.492921 0.491568 
958000 0.582348 0.571429 0.552098 0.515099 0.538981 0.420527 0.514684 0.519568 0.485902 0.496314 
959000 0.590258 0.590492 0.568361 0.460432 0.511503 0.450549 0.526906 0.546120 0.493101 0.497850 
960000 0.587776 0.582651 0.541908 0.477038 0.509129 0.415711 0.558282 0.521307 0.498069 0.502582 
961000 0.564433 0.588722 0.538569 0.519569 0.538179 0.440930 0.584650 0.533043 0.455830 0.488136 
962000 0.558124 0.612878 0.559322 0.449508 0.513495 0.414055 0.516181 0.521647 0.450674 0.503916 
963000 0.559552 0.577013 0.536443 0.492844 0.539178 0.425606 0.515781 0.552612 0.464646 0.500403 
964000 0.554470 0.591496 0.571950 0.508050 0.519718 0.436923 0.541204 0.527363 0.495677 0.478503 
965000 0.559812 0.553444 0.555976 0.486141 0.517621 0.419271 0.544006 0.495057 0.495792 0.467890 
966000 0.563210 0.613508 0.557504 0.504933 0.534286 0.432146 0.509077 0.534677 0.457163 0.459419 
967000 0.577390 0.575865 0.562591 0.465451 0.546494 0.458171 0.501080 0.517417 0.476415 0.476586 
968000 0.592877 0.571068 0.573216 0.479554 0.506762 0.476354 0.516696 0.521971 0.458647 0.512195 
969000 0.563001 0.573365 0.558090 0.477976 0.552083 0.458564 0.523697 0.522917 0.463203 0.494957 
970000 0.572189 0.609431 0.561356 0.465116 0.554180 0.474199 0.522231 0.530612 0.472984 0.464037 
971000 0.564808 0.567755 0.570948 0.494604 0.540644 0.447979 0.502804 0.528581 0.509818 0.500000 
972000 0.563536 0.557105 0.556989 0.493289 0.503644 0.443350 0.541909 0.526053 0.479266 0.483749 
973000 0.552932 0.583736 0.555476 0.475881 0.523040 0.443755 0.509615 0.542169 0.492627 0.465773 
974000 0.583799 0.571062 0.572052 0.514890 0.520833 0.492268 0.507837 0.527500 0.528169 0.479656 
975000 0.556753 0.633993 0.560490 0.474432 0.532548 0.510745 0.526480 0.518621 0.482665 0.470349 
976000 0.552795 0.570453 0.572409 0.476190 0.547456 0.465882 0.534370 0.533512 0.526702 0.483819 
977000 0.539945 0.579072 0.568414 0.485738 0.503407 0.465686 0.501850 0.546330 0.519868 0.459588 
978000 0.564646 0.557829 0.525131 0.511054 0.508130 0.478438 0.549756 0.551935 0.481351 0.440678 
979000 0.592342 0.578547 0.523239 0.483751 0.520627 0.494200 0.515172 0.521905 0.524457 0.477157 
980000 0.577126 0.612652 0.544203 0.489094 0.508656 0.476855 0.528286 0.533592 0.489914 0.468475 
981000 0.565280 0.585040 0.526056 0.510936 0.539216 0.473289 0.517886 0.521767 0.499025 0.490351 
982000 0.577096 0.625000 0.537455 0.509354 0.536199 0.484255 0.505986 0.547981 0.502363 0.492135 
983000 0.576631 0.615200 0.545020 0.467028 0.529868 0.494552 0.550654 0.502152 0.463514 0.465438 
984000 0.535455 0.598253 0.576037 0.488309 0.560811 0.475760 0.574183 0.527452 0.493759 0.498926 
985000 0.563822 0.595796 0.568279 0.521257 0.530024 0.460108 0.483600 0.529925 0.507218 0.475020 
986000 0.555959 0.617363 0.554822 0.486063 0.499635 0.485904 0.515895 0.542056 0.489598 0.481100 
987000 0.558730 0.613518 0.528914 0.492754 0.527713 0.488066 0.472180 0.545274 0.465480 0.486853 
988000 0.577186 0.613162 0.534247 0.508929 0.479600 0.507631 0.544313 0.548038 0.460055 0.500776 
989000 0.539797 0.592241 0.581364 0.506024 0.461246 0.487931 0.510693 0.550602 0.504727 0.484545 
990000 0.563749 0.620362 0.529107 0.493421 0.474036 0.481356 0.538030 0.547732 0.481510 0.460265 
991000 0.563476 0.630702 0.529412 0.475771 0.475437 0.466823 0.537313 0.533729 0.481431 0.457506 
992000 0.548711 0.607512 0.549530 0.515858 0.519324 0.459909 0.526974 0.540809 0.447458 0.484716 
993000 0.553161 0.597349 0.541787 0.501825 0.491284 0.468727 0.527166 0.508936 0.474453 0.474100 
994000 0.548128 0.614115 0.537212 0.469055 0.489167 0.430576 0.519722 0.537037 0.467091 0.514706 
995000 0.571138 0.603774 0.555390 0.500906 0.463490 0.442834 0.537068 0.547701 0.493893 0.499187 
996000 0.572315 0.576642 0.566551 0.512605 0.457483 0.415228 0.539223 0.568614 0.487591 0.485665 
997000 0.551948 0.601779 0.549150 0.506266 0.484799 0.463961 0.524116 0.553771 0.490141 0.464722 
998000 0.570307 0.560430 0.572285 0.516236 0.466129 0.453488 0.511787 0.610231 0.468663 0.509058 
999000 0.575929 0.595135 0.536602 0.490980 0.464638 0.468880 0.517036 0.635818 0.479388 0.478528 
1000000 0.500000 0.000000 0.666667 0.000000 0.500000 0.000000 0.000000 0.000000 0.000000 0.000000 
